2046 31
97215
34130
18169
47510
5620
46766
33680
98636
92894
26550
74717
42607
10051
67256
89119
38551
30685
83959
50569
28976
73943
82184
10658
97242
44500
85399
87142
93866
81096
91071
29763
84167
76637
35061
84157
8013
30735
83774
92554
39405
37712
18836
81014
39851
71654
11814
8161
67742
45704
61397
85596
5684
76420
83255
81040
85324
2172
48087
40919
95226
95460
64979
21728
15942
9733
78813
57327
57933
18302
3547
49595
59199
48478
14824
72431
66335
7659
57392
20009
66919
98334
40151
21086
80993
77348
38771
22132
65647
12223
15629
62631
28483
75363
87012
66884
42567
87545
20331
49105
86167
14304
72550
74691
89570
57383
89104
3302
16014
38164
6648
14393
25328
25888
85343
16496
21143
184
10652
15696
32515
20413
27064
51318
48646
65733
40499
81488
32330
26425
88989
99746
39882
19669
79293
90915
40087
67851
61582
17309
75637
19967
87549
90065
41243
7468
39980
7600
52407
77406
15634
80259
7304
7575
12409
31396
39554
87755
17982
94275
28141
51811
19989
20738
57094
62333
23010
15641
9533
93962
23265
36083
21045
69711
7839
69455
34856
96740
51007
19392
41088
32472
15702
95885
69662
37516
43535
32978
25143
89747
86439
74013
83570
11193
75474
68690
34092
77625
59445
55527
56596
60644
44874
19656
89807
65697
44735
16853
73429
71112
26966
85887
15090
61702
45639
99215
88454
92764
2970
14943
84166
91199
89166
78750
39832
48058
75924
40368
92603
77127
69716
80460
96477
45882
33831
55197
59522
39223
69756
72802
77156
53238
49331
1070
89902
57542
51013
70312
61311
2727
60890
27211
94829
56847
89809
46183
32448
77126
98204
90750
45203
30634
78497
79049
73206
40011
59162
19089
67695
83312
94582
67126
62420
86000
61110
82603
42546
83482
32208
29400
73514
64526
30895
90806
68654
20833
17010
36119
73192
54845
15305
65724
80852
15263
65211
52252
16641
40823
29922
196
22996
81836
43309
23953
357
55893
92893
37368
72160
64737
18377
40191
4645
58448
68442
57281
98504
67639
85231
17326
28722
33856
2459
56424
28606
33575
87362
24839
85469
35327
80736
42198
30227
9643
25857
89524
39992
78181
53226
68372
57463
13979
59023
22845
74450
66957
72474
33003
48412
31472
86891
65964
43581
52494
96434
72580
44594
62691
93238
65001
81931
22946
87890
30504
99755
1550
97459
6078
85227
19489
74396
18720
95832
56360
52290
21331
47792
52229
80399
17012
9609
27884
23555
19730
2410
28935
44783
88911
41455
5170
5880
95811
94025
92448
69594
94137
50972
32340
71426
36143
17984
27912
96019
20730
15233
89961
80450
92032
75487
29497
22170
32029
62543
10828
2297
69439
66231
86859
82640
18601
8149
39829
6407
50996
40409
90681
2135
87433
45191
69597
33998
67752
45495
39002
52079
86436
31092
21821
89008
80549
88000
11816
53306
96900
49198
76047
6572
67507
1638
91803
21335
82099
73669
67530
52259
71675
28890
73581
3722
3256
68971
88169
65784
3048
29870
97463
16657
48221
38544
82724
45642
88992
21362
81650
70991
49003
17254
44789
96028
44366
20406
34806
32164
10635
76094
17907
90093
76923
7437
4477
49009
28711
40
57273
3839
28302
61991
91360
5688
98246
69494
30591
63091
15603
73333
17527
99673
87378
23480
63614
70473
14513
40008
15804
26517
91955
46176
24655
77348
22577
85617
22888
57838
91060
74142
82828
28771
25917
54785
32627
75140
23165
17316
61804
41736
13309
45481
51096
98680
54551
35299
21002
4340
73851
54170
93006
72236
91755
5579
32062
78791
25951
13029
26606
4864
95585
19758
32418
26820
18322
50012
58515
42645
13508
48380
68685
76266
62174
66574
29876
61389
47868
73255
79930
49884
91212
49230
64778
520
45137
48896
78913
84633
28228
81196
37040
9927
51438
54647
16987
78595
4271
58904
95613
98636
88634
90589
65666
1530
82487
26981
18219
81591
58976
88420
10765
63425
75524
50051
23730
30025
85095
50365
73335
59639
13952
23363
35628
64100
78553
8921
18840
37502
55379
55990
82930
59048
57184
8552
58153
13911
85318
84781
78301
32854
36035
3099
60067
12003
13604
24857
84581
88560
81260
71748
85120
8675
24307
29292
11012
36342
24004
2100
79992
67799
53982
37781
81459
63497
20404
13819
13092
79330
59886
64807
10699
45195
36293
99371
67197
6147
48842
3601
72772
47420
50144
2005
25916
98204
74910
50342
11864
86653
71502
42793
2491
37614
55345
95221
95743
62320
52472
21816
52242
77817
19020
57969
59475
8533
60487
86516
77018
11200
66425
67530
19373
34285
10564
21006
63756
51202
57760
9041
92358
47897
68119
19382
75841
63713
41802
57591
3190
96891
39979
44094
26131
75230
13953
5389
41624
67540
29576
59703
94362
35994
26094
62948
51522
53283
77334
15953
28335
14326
24697
9325
83056
81707
97632
24189
2091
30642
84971
64954
42809
32204
75150
45262
89351
2480
93806
16090
17559
63016
60776
11730
65853
31153
47498
7263
291
32095
89016
1245
69637
95894
31497
4731
74357
4530
7048
47294
74136
896
83603
15582
73895
75170
24831
53286
74383
76304
11442
96792
38738
41329
78439
6759
79907
21926
41262
77852
22190
73088
58794
98546
1006
9796
79185
13914
62293
27246
98255
46487
25032
98571
60131
13315
66528
76126
82944
99944
4682
73340
12589
58152
49223
25232
79910
68662
81453
24472
92505
41306
86149
40230
41578
2385
5131
97119
10576
11914
35569
703
16565
92042
64155
50004
78906
74537
19620
9151
16336
64019
96312
15414
19104
37961
82361
93796
24132
63229
60602
80391
11916
93049
81447
84945
52250
19832
46235
4456
56006
63051
26439
83206
65563
12502
6450
44826
31224
4785
99796
6533
49936
93768
71098
26589
7658
30523
82213
69773
26497
14398
78699
74835
99269
34137
75316
69505
11257
14345
25118
38494
92755
95006
7193
11010
72448
9148
46572
27485
12509
84218
4271
91536
54046
98981
77870
79569
83819
24446
67468
84876
42494
35384
7742
98525
1414
23835
91500
97911
99015
89540
53364
47521
87384
37634
57511
26003
73572
61338
83113
87613
14121
2084
52245
65376
19132
13260
56502
80371
11299
48498
64079
41984
5625
2699
92661
2084
50894
32126
46416
14322
70437
59751
17182
89041
48244
51319
84207
97145
14311
88466
27081
20474
82237
23824
90054
84022
13737
48092
73938
85282
41331
89656
56269
58153
23956
96791
7215
10760
27326
36386
80159
88339
40401
12244
42810
42478
56487
18494
32435
82741
47306
84547
44365
46773
75512
71452
4194
46993
13734
68150
17472
85598
6617
42159
20871
52615
29295
90717
96332
8010
81364
85095
59961
216
96589
10474
83690
16089
89457
96149
27122
51814
34283
1805
9748
96237
89306
59530
6474
61201
71249
66808
54050
70439
74743
61912
27387
57146
95176
51964
63085
84488
23634
91790
27678
1507
52185
59753
67758
7409
46419
35646
47884
64300
44364
54001
25278
22338
80516
42842
34205
60566
93164
94020
23543
78526
9485
43153
50955
9091
69825
19188
73904
92644
73783
39414
63503
54355
80211
89138
79524
23062
2956
93976
32609
2183
6509
24430
98571
22037
15124
70474
81212
52001
98902
61337
56735
33442
65465
90972
10262
58273
12121
74470
64695
39549
6211
23455
94571
62888
73981
89219
15854
60521
40284
53572
13490
78040
24236
74276
97148
99685
64748
48028
2853
67729
31504
33368
44314
10067
21117
16024
31261
74804
84944
58224
14786
26708
42327
10441
35602
87555
93622
20126
43147
28104
35684
7584
62878
59134
73931
75571
46736
52242
77260
39247
43770
81894
23352
3551
18761
28593
47480
6917
99870
37821
99750
86996
47119
28487
58226
94165
28389
83299
66910
70755
89404
21653
4834
71214
94917
38169
42825
53340
31207
98716
9618
16963
8506
93953
70064
89072
69067
32829
73802
74308
25691
73467
68540
99441
73792
28344
6324
11778
36770
26984
97942
73552
42463
14959
56088
3149
81896
49769
76231
28733
92706
3300
26112
46680
23589
78048
53143
17834
93312
8502
36660
23284
25651
91949
50193
26824
65236
67814
79133
53680
55179
20978
68828
97671
44982
74487
72357
51358
36262
35759
26851
44953
64287
3048
98293
97775
95260
33701
32046
87214
49353
97724
17877
33429
11111
83190
60165
12952
18827
48466
30766
24319
49087
47298
32786
6567
83168
70636
12810
10688
48415
65162
72767
41133
38848
78634
59441
88327
15646
84111
77011
25114
51620
55151
1453
89959
66229
11667
21177
20097
39462
10138
70150
97616
73311
22966
22808
56432
84957
20750
76773
27410
16147
79866
83098
7898
83972
65354
81108
89408
90923
30495
94984
47024
74451
41008
67516
23338
18719
81958
1195
39491
6468
72448
31589
10785
47657
93776
57580
25443
20142
80573
39832
76567
26402
50591
70388
33633
56396
12806
45695
81243
49379
27187
38028
15311
14165
73725
72450
2431
34692
91374
55709
20510
57445
75299
61867
57621
61407
80208
2864
20606
64146
13113
50434
44044
62317
33882
20110
46817
25398
71008
57585
20183
10215
58989
65664
11000
79499
29944
9280
92165
41797
28075
49294
19859
88137
69316
93593
39113
47328
93588
95523
20099
53993
61155
2212
1491
45299
65994
44871
30683
49412
89495
82698
53684
36181
34509
95554
11113
84884
29793
67221
59644
91488
91070
58943
85217
21488
28865
88206
49055
47213
87166
68485
62002
1267
20538
43613
16619
73140
39631
46495
66285
28725
88971
27179
39858
62831
49809
52692
49252
4656
790
57346
37093
11479
34053
47470
40520
20475
39100
65418
88437
10245
72269
73271
78761
57713
81470
1100
64532
1777
71305
86710
71321
38250
63005
4435
6353
21845
80731
21973
86024
51487
61305
34405
75263
585
87042
90237
86024
37353
92436
83213
51053
60168
36546
42808
72234
67618
43120
39476
76846
92777
55417
36269
74270
63553
68460
73058
94866
47141
92266
13734
86102
66945
20809
62048
22666
21047
7253
86220
60322
87674
3402
12120
56007
96982
40571
64840
40404
68070
61294
17970
79418
54651
26526
38850
27356
61436
49784
44824
67508
68641
11070
93061
44620
83511
50247
9682
64582
89727
57404
41785
45621
41807
82461
79114
95329
46127
88346
1671
4999
68893
698
70312
38327
34314
28216
47159
93460
32186
96609
78325
33271
56424
16919
22868
9836
90176
9905
55675
80596
34403
92953
72326
65793
28263
78604
52963
73533
71444
74846
42677
95012
39944
51539
4853
28613
51475
9703
73740
6757
86812
53319
52570
54204
38778
1942
68242
76822
68604
85385
56412
23154
72002
11211
20434
53863
4386
67898
59011
97242
16420
20551
35507
17450
7461
27770
70041
4
23736
16268
54943
61199
23968
75147
8038
86785
36536
63962
21408
93896
27532
18926
39444
40835
46589
83922
66973
81253
47936
33732
69419
20153
12191
36790
18720
99673
92055
3182
8692
93077
21688
97126
34386
28818
20136
91756
94361
45640
45281
96867
52604
21668
77998
65120
92163
35268
25970
8399
52775
82621
80033
1356
73305
19576
67781
93162
3740
30577
87259
9775
54599
41079
26707
45045
33700
69103
75667
89450
81460
1841
84149
80369
52360
26504
46852
33312
78345
694
86979
40096
26065
29391
30950
70577
26480
12921
47031
995
14472
75378
12050
86877
48817
86346
11146
14329
45686
68741
65410
81542
69781
88122
32308
39429
56451
36311
32109
43693
18150
94714
46607
27079
11258
70937
89102
66579
72333
93979
77076
15233
96803
19581
79645
82904
90674
76847
70971
77939
91974
5332
89651
23199
96414
93733
10655
6334
73454
15694
39178
38439
90011
26287
16150
23108
90978
65661
66649
90866
10705
14623
88988
29157
23821
77521
72859
86305
55754
38500
13064
55714
98134
31100
92168
60565
94639
66001
80180
73212
4679
25327
538
21262
32199
51317
30649
76309
55242
59546
52008
99759
3037
52227
59087
64877
39654
89038
36045
63607
94202
37323
35153
56774
3845
41758
6080
79880
86886
26942
45429
70720
75120
47928
88765
36035
23082
47693
32471
7612
3024
29104
40986
96393
18160
56969
2030
48443
69966
97781
91505
70490
14369
15651
7828
64863
51091
89464
55356
45337
21029
7532
226
74568
69672
94988
70867
84837
33765
36790
89424
83256
58806
71135
40047
69856
1099
57040
41560
16687
40838
61637
80265
88139
15519
21453
30579
23502
77857
86348
76443
77638
85099
31484
67161
98998
98672
98408
68604
60660
77079
29328
61988
89769
21563
60456
59655
38068
51756
37145
44909
743
10637
91550
73748
39464
89652
15111
41229
1714
76942
50106
58908
39281
95896
95309
56412
70665
45318
35214
30809
67280
24064
46683
68788
57104
97728
10282
4643
77030
31573
40194
53934
50405
25251
41952
14610
90995
70497
77363
21154
41387
55322
76448
21154
34618
57804
88191
87178
3746
3532
71772
30121
48570
53152
84856
19487
93291
37091
97125
90561
19317
9317
36109
83289
13224
5193
96171
7172
14828
82821
83248
75475
42617
36805
1184
39722
44191
4040
92051
74723
72320
72929
68693
716
6545
86264
14405
14597
43068
13318
1370
86019
41057
44797
569
7600
75152
16158
56064
94025
59313
42304
543
69150
85149
77552
36441
29558
36194
55403
96072
36616
41443
63782
57878
29891
50613
50886
45989
14598
63523
23689
47015
55753
58346
