8212 30
72591
13473
44511
78394
66585
30927
88889
80107
79197
92880
15266
7119
37135
16565
45072
35559
32294
21105
40093
39963
35518
54462
93478
66134
72599
75224
29549
99141
76436
65247
88504
41820
84412
23385
45135
51697
58460
22894
70754
89023
23684
34955
27616
30980
36389
45375
79009
44804
21625
82177
64286
41828
13404
19272
84723
67087
45547
84785
13700
72212
13228
83517
54677
19974
80838
62736
81488
62395
62180
11987
32963
14893
28214
60755
7359
26332
24144
42592
70811
68362
39785
86479
52047
96158
66141
74776
12025
5282
55180
17081
60027
38821
81433
70929
65210
69146
31627
42181
77665
36662
81680
15903
99325
92630
29141
78730
41855
69463
69231
22071
23900
51900
1045
5787
8272
40939
73251
67023
40375
74928
82489
75951
20338
19961
61690
3963
69800
1080
48205
76441
63395
93220
93632
77905
64815
13593
17632
39119
94718
8019
28002
57445
18022
68023
30461
6118
59841
73994
6989
85548
48941
64536
32146
72755
33898
93198
73103
33724
91134
49440
98572
63211
47988
58181
32980
64873
36825
28982
61047
32322
4062
98546
33129
31496
22072
51133
76833
92015
42659
66076
83035
76335
71643
86362
67095
94981
37729
26950
96376
90962
29789
25971
12326
51611
59478
81399
27340
51079
44731
95757
52251
75812
99101
57619
28069
1570
64979
21324
12642
9750
16373
82303
57230
25528
17025
27222
10121
71974
87577
51296
34262
59615
10147
66096
75453
68713
58056
23388
60777
5164
77878
14238
9546
58228
99902
10710
61844
79698
82934
62118
39199
1659
535
26133
94501
82568
87936
33901
7687
40469
84306
1949
82120
66978
98322
28919
32272
99861
24330
19347
77258
19446
18216
43082
56806
64338
20894
54588
59800
59448
88384
95307
10936
12383
40074
13501
48928
66302
92919
44030
48177
28114
72330
7292
78862
34844
84169
84393
68831
72064
29757
44508
78959
77223
2516
720
79503
51710
33087
63908
36497
54613
17524
35417
27469
66145
36492
80696
3487
91706
34822
53513
43591
73278
32771
4669
85384
37996
84744
76965
63850
85385
91104
66776
58969
5343
94679
26001
37795
3417
65568
22414
51741
22472
15631
38834
81087
92929
1951
9188
64899
46621
5774
65583
51178
38135
8284
88064
73303
98162
40720
58410
86962
1296
47059
45029
3110
85404
52915
2891
80932
93377
22049
68666
5438
93233
36947
70901
84364
31615
70658
4195
29035
9797
90573
12238
99417
92063
99797
43941
19994
75534
67392
71547
98838
37910
47094
14405
4472
78656
21382
26208
1777
39128
49794
69993
22931
9584
43167
20707
46006
30236
20374
63540
68151
36308
64997
27784
76564
80885
99151
17101
47953
88384
7192
69845
1942
38650
97258
84664
32463
66762
7411
25647
18634
31006
3332
66586
18780
52486
86771
2778
81981
11383
87002
7096
32455
73897
82710
26236
30907
92090
89161
12183
68893
82185
8184
79706
58579
54396
96142
89180
13001
61786
58551
96024
57072
19313
79046
24141
20026
12114
80335
40668
81183
23024
99118
50861
59676
75877
1438
96043
32591
4204
79779
72227
52796
93384
45569
71017
22027
12220
546
4947
49896
61745
78740
50684
68161
10739
97064
33730
24876
2196
78100
48904
61342
86055
7346
31061
65557
88294
5919
31411
79087
21133
20989
67409
64016
65693
67409
19298
36608
97402
40198
83516
34603
77069
66408
68025
43007
55587
20938
28217
7794
98188
23585
51039
60473
15677
22150
63631
87826
51502
57272
20918
42235
86940
53879
11394
87128
86441
66954
10854
53841
2551
57243
83703
18418
40240
92726
95857
50730
11425
21613
13395
37612
31995
20278
78015
29073
1713
15659
19324
74995
77084
38537
27635
17747
90874
79250
87317
35669
13994
57804
90131
19679
47410
15807
57061
97885
28858
23291
27300
16960
61326
62768
71247
19930
10015
65908
35274
55972
74083
45760
45146
50137
2001
59955
71147
28408
93350
39885
59786
64837
19266
82389
92555
3881
90187
23637
95236
22605
24585
94872
79088
58243
80905
80819
29070
56285
62523
60569
71807
24436
38963
99301
62667
94467
59275
57140
98236
37097
16383
53000
80802
35594
47728
21543
44525
1454
50627
59514
84246
3777
88671
7534
42583
69138
35186
6614
99918
70324
48492
34759
27582
25056
26274
37563
20590
96657
588
5870
13768
99366
36744
10500
62395
68739
32373
19393
15930
96817
70456
83695
82907
76345
53595
47164
16472
31725
47209
43866
58513
63648
32595
91965
99016
6568
9423
12864
73316
54275
57267
23713
46414
27279
92862
60672
73047
10513
20368
38659
31409
53967
69484
7797
41073
17046
11677
12131
44691
73333
87087
39838
19670
92671
88529
42940
11356
26861
1978
17622
49675
41274
737
88075
33871
78085
79619
64348
8309
81714
97280
89006
29842
39210
9247
39499
53786
46103
97094
58945
60393
43272
76226
63714
59741
24531
13733
74754
61082
65678
44579
22204
89413
71701
27860
49294
37514
63847
84566
55160
89238
26888
74120
2145
86749
193
69935
11858
70837
87740
69396
696
54937
3336
82980
64454
42727
84507
16
67089
37282
31787
16267
88019
57585
17748
8430
52073
13150
54773
2583
23253
58873
50419
1925
85980
72018
4916
16478
63688
52866
94949
79177
59431
94243
52021
30453
76843
92403
70871
44752
56136
6997
41092
90513
83674
57712
77047
6478
95868
5806
783
4806
4017
56317
82193
44281
41151
77586
99267
79947
42703
33250
62578
16997
82639
4135
82125
34483
66192
59809
43368
5287
19944
41266
15322
31637
68881
4032
56319
93493
74504
87575
54038
68068
56526
90149
41316
85059
55819
6044
34895
39990
56582
38163
91044
51558
26894
1414
79186
56032
85333
32561
85549
46292
61936
89081
6603
76951
97592
67235
20426
99105
23659
36315
46345
32496
63596
15886
59307
2499
65087
20016
72407
63776
18702
35447
7962
42414
70758
95486
17955
7483
99578
45284
4646
57815
94560
23114
85722
92472
96687
30552
74330
29204
35399
40537
66088
23978
67881
76506
4454
51033
58811
69583
17659
94791
3909
2094
64628
72860
87158
17873
16672
80932
92896
89048
82451
89873
37656
41542
17892
854
67671
62976
99311
95373
27356
79729
8851
15410
85031
43944
6581
5510
3103
99191
29564
269
27277
87894
5075
84400
58047
94335
17386
11964
48646
95024
64116
65345
1976
66220
80682
99188
57167
96857
34791
85389
27752
89891
46603
65513
24933
28472
35673
87721
73227
77098
61464
58097
61957
86257
82229
96491
52959
8902
21919
5570
85196
70697
95274
97959
25473
13372
52205
26415
81335
52069
80164
65106
68877
19440
93103
65230
37635
82154
5201
57730
17184
82152
41201
53620
54029
32254
38428
65356
39192
69352
54209
62934
67922
99748
37428
63171
36946
88438
8396
79753
19568
11779
38693
86142
28202
4375
87487
74977
47746
69535
52317
50290
42941
48143
56518
79445
45702
84765
74088
8691
69865
26884
99728
25208
31545
71618
56019
25654
23467
6011
14408
65312
89720
95860
93291
63472
8511
22488
58235
96963
7073
91862
56029
96151
16675
70337
856
69972
51919
46223
36631
4224
25299
22042
34986
90121
75840
17474
58277
40991
44972
7689
42719
13078
53137
34966
99860
68521
83948
98451
78948
62290
40160
93871
53554
11955
46288
98877
43846
19569
95080
6514
24779
787
12820
55211
43761
18695
35655
48133
11340
93662
24694
39074
78291
14507
29370
50667
23266
47335
40946
24777
94457
5936
64287
80203
73019
59590
97958
63555
78928
46284
24657
86120
33379
57933
78286
17750
804
25012
59823
93129
6087
4787
20808
72838
8259
97821
28884
91666
17588
20460
20816
8089
93082
26172
38590
28360
86104
59022
77956
14451
62774
91846
12171
93041
80959
75373
78208
11739
24355
33872
83190
27120
11350
57151
38498
26963
32303
87310
87646
45068
33099
19287
60870
9763
6631
7159
78590
57704
88169
54029
86858
46894
36248
28638
56213
62475
77023
98003
76491
59610
90927
61113
71006
99385
49018
57152
57445
21611
93528
80125
65240
41527
7461
64361
35189
33031
88961
12703
10654
96554
67247
30178
49049
29075
87095
45812
13647
69592
25444
40192
11597
79859
51526
98769
27046
51876
87985
71225
12143
5709
20925
64331
32098
51733
56484
18081
79388
42726
53831
28662
19294
15087
649
173
79760
20162
75986
30409
1177
67703
50445
28723
96552
96615
13674
46263
14863
48530
51838
38599
65922
35642
39550
71606
49564
26149
1479
20862
85595
25663
89561
18844
27359
74454
27287
64238
87023
8092
74249
24156
90324
97512
23066
97772
71515
28309
62843
79275
36535
64002
89662
58347
5853
75056
49019
91712
51847
33768
23727
643
91186
61330
75447
1871
53888
46526
42522
35078
53302
35679
91676
48557
12446
45100
85580
88843
83975
81021
91959
79118
8128
31220
77618
18886
59105
49201
21813
70920
33058
88828
80762
77965
2945
85727
50626
74321
57953
39882
32688
32724
86566
38285
81612
43644
91642
67585
56578
3344
54346
38784
50272
70655
98953
39560
31963
71927
79916
87324
6731
99119
96333
29315
35754
2270
7369
47271
28857
54817
22370
42743
94843
50072
52989
42374
39128
78345
8453
1801
80027
49948
64582
78237
99573
53246
72627
89119
94456
54943
97152
96562
77949
24211
19433
38396
44542
8820
63817
81961
98460
25279
22564
32679
99034
90803
58781
17768
32160
81429
70560
23044
58042
46478
71194
14484
54774
2635
65564
87383
30537
34364
14301
7857
84267
1622
3796
1479
22870
96242
38977
34821
87851
37035
8645
63449
73326
31395
55462
8981
6725
85663
76556
64752
188
67206
85575
56933
10372
83719
8678
67219
32719
49360
25697
61115
32630
26743
45232
83685
92051
1429
61202
28828
37927
19494
56039
81485
23861
42762
49238
556
83333
85351
48840
71087
41347
29829
65931
22385
64861
37712
23728
67120
17321
17178
34766
21743
71836
76439
94364
55701
51476
21311
64411
92652
60751
42095
49258
19107
60721
17799
73519
86125
55362
82190
35189
42720
43598
77610
7240
69430
14499
49384
21755
39823
42455
9818
37667
78829
59647
44404
96121
17111
88057
76430
58780
96759
42883
35878
78444
75324
6401
60187
50928
17464
25276
19602
44977
56643
91005
61077
66013
13174
6902
25423
59045
71249
40729
59185
54176
97718
61279
87696
68358
87787
51938
30949
94709
4220
17891
52235
13455
67735
72678
13637
16569
57198
39025
48469
6174
29881
11185
38086
57035
46609
85748
48899
79408
97717
88368
88094
27813
49449
67258
21578
24995
98386
15376
56225
65958
34684
5168
87743
44434
75604
80350
98181
76651
38990
31779
12215
10107
37728
37320
77278
84240
53829
67647
93798
40827
59420
83578
81025
30995
17478
75570
83299
82128
54059
8770
31140
57328
85685
69289
11905
54197
1812
73963
24827
62885
23704
49553
46998
6249
66138
15140
85691
96878
26132
79862
26711
3527
20356
825
75514
58057
90893
43974
88057
33869
19926
71544
12397
11826
27689
64110
39345
87097
58325
57901
11911
35751
46765
76699
61844
33350
73991
63173
82783
64420
78621
24281
56150
5619
22415
59821
21514
79719
33343
4854
58446
85115
15859
68626
77052
63372
40183
3391
86991
7900
13689
29282
39370
25265
69036
42753
91152
22772
78373
40041
26410
86994
71584
23145
79780
59902
29532
98804
74672
39501
86491
30755
75201
60985
23331
55793
49169
23903
44512
42685
85884
93792
30687
39980
7427
57444
9524
50180
96522
31378
56214
98802
99930
66841
38174
14501
42208
89899
36235
68624
17708
9756
46817
22988
10098
64679
80325
97972
73037
58410
51170
12103
38295
78405
63144
37930
10674
13118
78280
94051
45123
8640
75417
99775
30129
87672
20630
87757
23114
55767
88349
43680
9662
34067
36113
52337
12802
24774
51897
123
87311
78828
99615
16381
58848
84649
86802
42236
70904
69186
45189
26014
13209
26079
45742
28784
33070
20655
33992
62913
14530
46564
27825
9220
60935
32210
55948
2066
36976
59060
25215
94342
23319
69896
67574
18400
31704
16846
8063
82722
46483
39245
69357
91958
71406
16750
51445
95269
86417
46110
54964
98305
1161
40561
3943
54429
48613
18394
10129
64400
96124
94483
14456
36470
18085
56571
78088
91758
53437
47027
2735
11261
91973
49312
2623
77993
26977
3053
84175
67007
71771
36966
49466
77774
71709
61278
22431
30026
86555
76233
80352
35626
65350
17762
74019
24202
68410
41703
8948
30473
28017
92536
91808
59436
83853
12988
23899
95609
83315
32764
79067
22365
15978
22598
43323
10535
94529
19755
50618
94123
33734
36289
90233
40736
56527
6658
19840
64130
27733
82955
48665
57328
33907
81310
69204
80815
7692
74400
17794
79973
82211
29916
13113
12703
2336
92350
2454
14828
76306
54169
12406
79392
51431
85633
37885
12178
93942
29842
71791
3134
27318
68519
25914
53252
7844
10884
72330
70758
27073
47149
45170
42574
77873
93164
52458
31110
24861
93710
69100
49054
113
26439
73429
94762
16735
84202
77930
73249
7451
14194
27697
31455
71421
21596
27508
72163
29986
7562
47618
66482
58572
73665
39693
71218
93981
62956
24973
79760
65151
48791
43643
15100
41631
43669
6647
23783
25389
71578
77475
38283
52414
62850
58373
28675
6027
77800
18281
94991
18959
39504
27388
63346
96845
18366
82034
26515
66695
85372
98562
86271
33704
55896
66565
20486
82171
49667
46682
90041
20018
22355
74725
83154
76864
86338
63275
86797
71551
80141
16120
42823
87755
13206
94233
65798
47204
90915
55042
60049
57552
86141
97577
85523
80983
51793
56361
17916
62949
17138
48448
77088
98060
10645
16977
22198
70560
53331
78755
67290
61401
15115
69441
78604
73044
14877
98584
69198
84498
55792
3228
52234
15671
27757
75266
88778
64908
18498
37159
82206
85086
40705
46504
26618
445
96318
45896
95125
63422
26868
18990
62155
48761
40384
15940
41468
4172
83844
3225
45227
95990
70086
78368
36608
86236
17903
72462
61990
86824
10828
9344
80717
71685
27472
30227
5769
57380
99216
59593
52433
61690
39461
72843
83745
28800
91566
49826
12409
85106
71851
78333
3900
59856
68836
75790
93586
20064
89632
24236
50822
22762
59854
80690
40776
40282
54079
65247
5420
77025
99082
94645
33833
62453
70567
21786
40411
40173
11668
75962
45282
92614
88787
85058
35009
60032
23850
96454
7520
27874
30881
23996
72170
39602
4104
86047
95343
81213
93103
9934
74595
58517
64812
52554
71710
39182
54392
2043
60858
30624
34610
57484
52088
99592
15835
91882
66683
60039
21112
17577
75178
93249
23891
88767
22515
46080
25530
65895
53635
28367
73759
28223
23983
57439
25334
88010
56654
88965
86746
45967
19036
37113
70633
97624
24601
50041
97347
12468
68904
94564
79791
58230
80977
61376
9109
11892
67871
76372
95365
37032
83075
21263
1391
63698
17263
22111
67657
31828
19355
50810
52716
57077
61699
23737
71703
43103
56775
15160
48907
98881
55082
9079
3917
11981
52756
32188
50664
61275
35792
39151
75752
41700
94575
77373
37983
29480
96195
60693
53412
25737
84868
38222
29999
51245
64494
92991
97246
98848
4161
89829
62356
95919
78848
21921
65300
14319
45491
50871
5418
46612
95749
3120
8611
45754
86631
37913
21648
67520
45963
54210
36903
15271
69161
57376
38146
32055
21662
59851
64830
93467
31336
27072
40316
91808
1099
60448
80932
76922
18159
50192
71965
68639
89951
91607
56086
44010
70155
51491
47073
10682
6631
27237
61650
9328
10315
72720
69573
13684
57969
79389
68213
30192
8570
7178
38469
29588
78793
44694
91483
688
58502
24455
90816
69821
22269
24133
56642
98997
10876
93724
72242
81110
45272
26334
6
53507
44105
90366
94648
50531
36585
63126
41381
73856
49561
66754
24911
79433
22012
36547
30427
62961
43546
26173
75220
18061
511
7737
26758
5466
36121
64035
40963
62549
18301
76077
28322
22176
8547
23883
23899
42116
98629
67829
29037
76810
93508
49928
9592
2497
18787
19813
20323
82683
61034
97136
87
6703
10501
76531
68674
78457
14946
87289
24181
46069
12663
59187
50022
62696
34329
63094
60463
24727
7334
21434
79757
67726
52476
78653
40866
3419
48127
7198
94579
4368
87991
24322
78795
85540
97839
24595
15222
11090
86008
62844
18279
97304
99428
14894
79251
14970
66316
5087
96755
28957
85770
29829
5478
4044
16479
47807
12268
10519
98062
84269
44748
63439
43232
49523
86191
49675
95838
84409
70403
85637
3706
64750
63129
22046
63782
91521
34151
44342
82619
21638
86791
76437
97043
55479
23766
78213
97519
61360
57494
41461
62258
96498
37005
19064
89125
74369
53699
98020
31985
48230
32584
78803
8328
92366
35307
22085
63836
13577
43588
39964
75526
60716
73804
83039
33216
69743
28447
96920
18443
14191
17505
9910
96043
62221
44854
73835
78950
58766
36424
42031
92168
83065
23813
38395
85410
21372
41982
17871
14214
78503
45449
67181
77421
63023
10112
85115
90225
71245
51744
88773
91252
93853
44044
51577
29239
57919
50759
23145
56963
73273
67485
98796
67716
50162
58874
41118
60520
377
59665
62075
41893
94460
16023
80616
93552
91186
58757
64074
74727
28017
7290
6125
89608
78808
10903
94846
97304
38151
46337
18769
58333
41634
85634
76252
64259
14770
41704
20122
1083
70532
46404
76841
95960
91655
94956
12909
92528
67794
85018
90667
66305
5852
92844
64686
41929
56610
18946
9829
64589
95749
14114
68995
61843
67177
23927
60478
55079
85560
87086
34001
81850
49373
45944
11450
85343
61897
40426
87548
61484
6353
2816
64478
40543
74477
18646
33162
2070
54970
27309
8559
50198
36154
94828
94592
38821
8047
37533
61170
93232
47588
66188
32322
55589
94468
80107
73325
41018
69792
26545
17430
18149
31213
79126
54499
93441
14404
22008
25504
87184
61377
18745
8635
83955
34084
70943
72774
48243
51283
75923
60889
24380
58710
44674
90029
64285
38009
94463
60930
24489
89102
96831
44154
35001
86889
76988
9435
80776
47937
77010
79473
65781
56054
86853
7369
52261
60517
84953
38967
26974
91189
12313
3858
14541
87567
59249
74739
75297
53981
28819
50617
81389
49970
20246
31432
28074
83010
47026
16453
67475
37413
52037
89147
2503
73976
81617
56826
1291
26397
1276
19571
70149
75190
43599
25213
7618
92013
9976
77874
14321
43503
27048
88275
7685
11436
92885
84704
4311
47801
99704
91425
27426
36271
73680
26752
85669
28138
11358
18156
19077
82826
60647
51704
96584
981
93878
51066
40315
89810
33623
48941
48717
47792
45372
50319
67122
38173
69052
54659
63328
21903
72623
5167
56565
43007
93971
37311
94512
38857
75179
30465
1043
93326
63642
76424
1352
17682
28972
31209
71257
89758
94094
30113
54933
97278
94897
18733
1394
3876
25035
77871
28486
51587
58262
53744
77965
61878
88687
60153
68230
35479
66680
85976
67990
92648
83766
98082
21443
52429
71283
75403
71546
42319
15134
21839
49578
20219
82726
99309
61287
22337
16835
5031
81352
92214
59757
9667
72905
88050
9795
73132
36937
54675
3141
22034
80813
57336
19962
61190
50171
24966
1355
51551
98112
7111
75302
49944
10795
47110
69020
59375
3152
18132
87971
74344
12454
26278
22037
5224
82505
29109
82255
81114
72600
40509
74706
32558
11192
76286
81830
99412
91760
77022
95794
36581
4010
34661
14822
95003
53432
51935
93713
39188
79469
90398
76331
83987
37824
41845
46540
25823
51885
78526
92499
96418
70868
49461
16704
5836
88951
24347
83034
57261
39520
26708
82570
80350
51257
99241
64766
51832
4818
53863
84199
38843
46655
27486
59963
90281
62711
70530
92980
87401
38582
58606
16303
89445
21755
40252
21038
37420
84075
72430
65943
19280
97677
68328
2130
43433
89516
87540
79951
19056
81496
57949
14877
96901
4548
81108
75060
91337
90186
462
82540
77125
72995
675
87588
74210
53679
20177
21341
10510
41043
31479
11388
15261
94070
3515
5707
42854
97155
37668
89880
4450
94442
14433
78676
31504
13023
5152
17717
27124
72921
97719
58517
43635
29012
7231
34705
53880
4143
15252
9451
89587
98831
19895
47145
28117
80283
75819
30291
22837
25534
70779
18233
60974
76552
82643
48234
30398
35757
65987
73246
44936
77764
99551
24046
74099
69865
93249
6230
91594
6652
14661
84602
59546
85504
99436
3166
53111
2268
68762
41772
33174
67805
44793
28978
11060
53458
76659
3585
78958
99791
19259
72272
68327
13420
3109
20663
99110
85795
62922
81332
8629
13364
60773
23913
66819
21924
90200
3771
7618
62490
60296
96949
16394
9665
59356
26052
38677
76169
57506
81208
66560
70566
33035
83689
79056
26927
16266
53264
23883
72800
29528
26698
99195
5273
77299
93848
47118
5149
35898
15137
37785
23252
84883
92782
91216
95145
90438
93165
51599
88428
88383
28304
91669
7889
44784
85547
66212
76111
34476
15961
97122
39235
46381
52568
19035
54282
57423
35368
45180
70698
72979
14159
77337
85322
2365
71416
67400
59189
88630
48976
51908
23132
94155
32168
79820
91856
20939
66613
95137
26124
31149
59315
22347
82729
28456
25630
80405
56104
57626
279
63948
30284
94338
96326
38020
61884
32485
29746
11155
45702
80652
91850
96500
5911
59524
23711
11301
16740
84317
52296
20521
67556
21548
13661
46503
73844
79946
74172
70185
33457
52978
96775
99038
40929
87239
71300
53497
38987
683
91868
66640
71578
15401
12765
69405
89535
24012
4888
13408
47980
1285
16707
42171
25
75690
62327
91221
29954
79665
48531
18680
32935
65561
9368
53331
78187
79042
87147
69976
44534
24944
71094
34527
66131
3307
39463
11105
81459
21506
57424
64734
10920
43844
34437
49175
28778
59653
33890
72437
54389
67967
58946
63585
10025
59118
95432
88041
31849
55315
4346
37538
13693
48818
25921
24576
13361
93204
95755
40095
99987
60454
85033
92574
54584
45592
10609
5246
87960
45151
78972
26439
80941
72787
39337
17156
27672
17874
5017
91330
97276
45179
85681
51509
92417
57523
20540
88275
6482
29988
29062
82199
54336
89401
67681
60800
38781
44067
57732
35567
82753
31031
60615
34636
29288
14734
85225
49857
23314
5571
31722
22717
28035
66905
6353
80083
83168
29011
44519
33689
63960
62489
10682
67178
11928
33210
41851
76964
10837
41796
28352
53034
96487
87310
63906
84195
49576
26830
43552
75641
77945
8131
41883
19547
35901
98733
66937
16891
64668
12464
63746
46769
64290
66677
88101
24247
98397
24009
22036
73866
79746
41851
51332
97551
19689
30946
66542
58284
46828
60757
27888
46859
45420
56529
76589
26619
8909
9879
90057
64590
21269
36588
16974
86395
75120
93079
83370
34046
81103
21126
62766
75411
30692
45065
46512
67295
84743
48309
20842
93191
36789
47778
21401
43063
92012
69454
3935
46813
26064
44056
10817
395
617
17798
70026
69656
40483
50431
11270
5983
3788
5873
42312
14462
52857
39789
75524
2169
15010
54662
86454
3093
22721
43030
68729
19933
2647
41721
32113
26625
90056
54063
66562
59730
1786
84862
78070
73479
28025
89262
75738
24090
99350
37579
82498
63980
13379
10503
92609
16701
8409
74229
33746
9621
5650
92495
2098
6206
76431
44530
12931
18119
16116
69020
10442
18115
56007
5012
92274
49416
98132
36419
76903
79728
77068
15603
12476
40539
3073
94743
75814
50859
73644
35299
73246
77831
5255
49551
48099
72281
18035
58105
20117
66032
88820
56384
46971
47198
47632
88905
33279
56283
3795
58782
588
38816
55182
81226
4887
35149
58067
93342
63027
86404
8571
94863
8091
94891
6209
29109
27756
97646
55876
17422
87368
6075
5288
45209
27669
6084
89909
36540
66971
12928
20055
47039
77994
27178
26557
50158
38002
29857
33018
60187
81416
94311
52967
17305
63464
58626
77310
2658
31438
52765
63616
68178
57339
51976
84625
21065
58742
81076
99895
25869
50152
60056
50783
53414
16447
77967
91319
96449
15533
32151
45941
79758
83526
41684
73678
74337
76965
23371
86880
14484
78407
68007
36905
30756
80078
55735
7534
78608
40832
64046
74421
58525
79782
67330
21899
19348
10925
84302
91518
37570
68328
40432
5764
9335
67212
50379
10418
13992
42707
54246
3654
23053
9977
30187
98526
52548
47490
45801
11167
36108
96562
59411
83183
61643
30771
93566
19099
13544
85235
10343
29042
14737
50980
45771
43463
44663
32442
51277
46451
91565
62192
5587
45137
38252
30692
86025
27776
84946
76790
90589
90948
73503
26572
93505
85094
18807
34481
72269
70063
26626
3218
26
13041
92911
92576
62984
18847
12012
78769
18809
54255
73200
63934
24403
99871
82322
47398
38754
62093
24527
27114
71059
84030
74664
71535
85402
18776
40673
80543
98478
40744
27171
86984
19272
9309
64123
80476
68423
31754
41593
22575
33039
49864
94385
49436
65029
32786
3006
79297
2324
33351
89914
48446
72044
2252
83367
14042
10621
10375
12585
16734
71105
44037
56746
49559
26671
97685
96725
78296
26089
40362
41499
94422
99407
72989
39313
63627
27049
81609
70031
20276
29089
44525
30259
99923
71046
49934
55804
94765
7979
82162
27152
1548
85254
80422
31351
96638
71793
58553
10429
40565
27052
10047
74771
30501
3130
90479
28879
24362
30335
78436
47496
2559
14952
27424
95194
13479
7171
40612
83176
79880
67715
9402
4117
13835
7069
26636
95946
10174
47694
35594
9811
80082
4179
17031
67618
41629
46254
23996
78283
94681
89128
46340
6886
21667
33770
3198
83056
33532
56226
60623
69098
60940
77765
96254
85272
61338
95495
19317
82947
26933
36644
12646
48984
84143
46843
10340
50247
83741
95821
42086
59237
57976
57763
50184
77771
95166
28869
85545
61588
75666
39268
38094
75458
20471
48177
3389
23130
9817
36483
67971
1091
63397
46421
67855
96363
49132
38789
82549
96355
16772
8215
15532
52542
91943
35824
60528
64405
49650
88763
95552
96294
48071
33800
44705
53361
64748
47143
2138
10297
81737
88913
91126
84553
72621
29984
16069
9517
80458
3858
64634
88724
93333
47082
44014
97141
17831
75951
11164
30887
84575
25707
79748
71335
20605
9997
43049
82677
77992
35464
51474
82935
92041
53458
65516
76470
85806
9701
50150
36988
7272
91329
34452
33756
11213
68744
19757
90186
77175
75969
39821
48638
44643
93814
93683
66933
81715
63414
19460
30928
17292
48627
39143
66420
30361
23461
60551
76616
93926
36901
55572
5338
66054
74163
39330
12538
88494
22192
22632
39549
40407
24741
95010
29244
81888
88922
18351
19762
15913
97056
38292
41890
48825
31016
9400
78798
96985
50474
69382
60897
91959
84767
90734
95878
4004
85286
37444
98766
4919
96515
94047
57039
68872
52859
65339
29408
88437
83193
23959
24701
34848
55597
67768
37225
46030
34536
31877
48903
12618
93313
92425
47072
69184
73555
73876
82592
42947
99356
97562
26041
13032
22655
50034
67007
47592
98307
15672
11594
98210
21651
91500
69303
1527
74812
54129
42663
25964
69105
18126
76670
10315
3530
58992
42245
40322
9281
47047
1065
79266
82068
8869
66362
74529
40518
97538
15661
3513
75326
36314
63578
55911
9222
74828
99326
43950
17485
52637
12699
12945
70213
54196
21939
79708
40006
53148
65809
43899
8681
44837
72704
82145
57198
38499
84401
27235
99095
14
25657
72474
71019
90432
64177
95461
40116
38521
51444
61349
19328
91486
40229
71391
16772
35158
4519
1341
54292
35276
75682
76525
30412
25648
49509
82497
55979
11798
4670
81965
71123
16982
61316
83116
68554
1098
53742
27099
53659
36499
4185
12796
43190
24179
78053
78197
58860
29012
600
33711
39668
23904
89626
43895
9321
24136
21816
2080
3946
12254
42722
43839
20248
46362
45229
4110
87867
98712
60209
84745
94878
33272
45035
99156
6670
64253
20764
30611
91807
65295
10184
41009
78759
95769
49145
60730
18657
33099
38170
19168
48683
63513
88604
23674
53672
44282
9012
95104
75903
91691
73114
29456
1530
17226
36172
77868
72616
48859
88393
87418
65756
97349
11223
12803
99372
87510
55645
14676
75218
20027
59593
88352
66542
99945
88940
90364
35042
44823
24377
59234
37877
92322
22090
42639
85809
359
65147
82564
78437
22540
75596
96681
61315
85784
72579
80517
69411
41399
17800
20455
39294
26839
98471
73249
37876
96013
86354
7303
6022
4112
21245
74260
22493
40093
60512
21510
19874
56338
8728
74013
67171
73331
646
84416
94100
82183
70510
35416
14988
74268
53433
85458
25988
4607
64948
12033
4635
33573
61871
59802
28565
38118
23902
25207
33271
67100
36060
32821
83277
46344
88931
566
77924
80237
7317
82335
75856
83379
88599
58106
4007
33477
53168
19318
28292
13428
91214
33794
81573
72370
56417
45654
62446
53847
27807
75178
84452
12768
36574
1404
61074
44043
637
4943
86503
29596
66523
47527
76470
24539
55678
3629
77237
68691
3694
82001
10495
20660
18487
75075
59826
28723
49387
32121
2321
65573
24413
73037
46723
23911
8103
13820
68978
61433
82277
88008
81197
36575
21975
29750
20582
68031
55267
90449
20693
7461
94001
33957
34579
50241
64238
33957
88608
77096
66986
66181
55454
31119
25594
49057
3316
23604
23766
94900
8460
4949
27035
39969
37748
2166
75658
4206
45377
30975
47271
55620
78599
84731
27131
98993
97538
5755
67987
81318
75409
33809
90303
51257
88886
33749
39220
86628
74103
9476
60619
14788
42720
21116
89631
14203
11742
7137
56627
35311
95301
77435
18665
32200
15404
93590
79116
8182
59660
78368
98087
62728
85860
58606
25739
98102
39128
78712
95213
81560
89677
55480
91846
31149
61902
80144
15890
50037
96971
3297
83218
49143
22132
26164
11241
9820
93378
21556
47842
65586
70447
68210
59593
98250
60218
31648
5261
44603
38820
16439
98053
69756
88021
24721
79848
79598
58519
63023
93299
64752
14553
5877
68135
59304
17806
21481
59400
36257
46027
9207
27455
87623
72205
53488
37209
53261
31345
30790
86150
68808
11514
70354
97466
61745
68719
40334
30512
3143
39194
39964
82274
51882
41930
68381
44370
93505
70321
65786
90277
68309
66631
9535
84834
76532
47141
32634
39383
64175
39435
37825
308
72445
22619
87497
48750
9782
763
16304
55358
70168
65303
28180
54015
10661
98461
33657
9908
14466
38783
37863
7200
88218
39508
970
46763
32441
37559
16625
96612
94610
68295
43695
54201
87770
92230
10973
65472
73579
65626
26581
11218
56449
74606
12537
21451
83744
96114
25962
81452
48268
60375
90929
17497
85615
23540
49530
94907
24823
11012
54771
19038
81045
58117
82706
12500
82048
20219
87885
86577
90672
1291
17919
76845
81251
46528
74025
54085
4827
88713
88079
37178
42974
76089
52887
6448
41044
2982
878
6865
2925
58923
41634
89671
87097
72838
11273
99717
67726
46554
92409
78143
20773
40110
62573
89198
53053
18764
51783
30381
47639
53699
42504
64350
41016
73990
8089
53702
80234
22058
6310
65997
5147
79916
42878
98911
1820
37993
81812
47821
99108
51236
40577
10188
34251
85539
59872
63253
56655
38098
57936
21540
65682
94079
84661
88633
92090
96764
20600
73914
31216
79745
58978
30159
46273
34343
549
96996
19840
52046
67156
46859
19778
59575
22982
47095
56289
84587
14774
52322
18650
56818
47974
89672
14574
38173
35351
64586
17189
30717
25586
79500
54182
87433
95523
35223
64768
55357
85465
39800
95749
56885
1672
10623
67561
758
3014
29505
57255
42469
59441
53334
23836
23405
86535
71451
78891
74270
39117
19505
53111
35016
50953
4861
46092
29444
90920
55398
55543
50668
3385
79322
93161
67327
43408
30921
71384
14750
40259
70984
82142
91537
47952
39408
49687
22978
27414
61756
84871
10944
83927
88143
71602
81246
31869
77131
29283
31890
47409
92155
60518
69846
57957
5898
99374
74442
74220
39658
51023
1360
48989
10478
81508
84367
79700
87600
12011
51441
68016
31788
15396
70885
99734
17666
22422
25118
48812
29016
69642
11793
43359
86934
76301
5947
22238
84489
78002
27512
86684
25185
68111
47981
52562
95954
2043
69728
94107
71094
39158
82587
62199
43658
96769
80780
54696
41068
80769
39976
69720
56580
5921
11683
62897
57496
39661
75769
16163
43350
49176
32265
80641
39214
42486
3604
17828
31957
27138
34723
21575
52291
48634
76158
90953
17685
95390
10806
31279
36589
12821
34108
6080
43341
5640
50279
82759
96224
1477
52562
47252
27569
9213
56091
81498
19281
86598
91846
17266
17269
1722
62520
1591
18966
83446
87964
8073
65104
3100
38465
81354
25955
90321
11866
76708
85
5856
37341
23169
53646
80469
72869
1041
80122
30819
39184
3751
31691
69406
9057
34141
90900
10882
71295
15371
35279
93930
62964
96308
24344
70010
84815
33050
368
48374
14307
45668
93979
6920
55430
8351
38498
9469
75538
19514
52946
8617
98055
7273
32154
37887
64199
59043
33585
34010
44217
69636
89006
8375
22503
7756
6639
55128
94528
76093
65203
27714
44086
95617
2975
14816
16000
42114
1308
92414
95418
20912
83863
13615
5728
59199
88673
77351
19159
71782
17037
38146
17573
78369
60660
93467
62419
74288
99604
75798
37842
20565
96940
94455
63763
90554
61474
26440
3309
84841
85277
11319
40284
45522
73995
92949
11420
99465
71549
312
15666
15525
23750
84634
74531
30242
36384
26680
4058
576
30823
72980
92263
72609
13915
87636
90715
16591
62146
16705
59885
4244
73700
21000
77688
29760
48142
1276
22618
60807
47151
77426
66486
4544
58206
60195
18611
57287
63858
74702
26907
65916
89544
98419
77086
9474
45249
58713
18508
99873
91969
681
69982
78756
75313
52593
99054
82779
71262
51267
55834
37498
5592
35859
46053
62200
50324
8124
96758
98993
98154
49467
17783
25861
50904
76722
55159
86487
27325
97543
82568
28142
41855
642
76130
90743
75109
60915
53886
4770
20733
79466
51260
93216
64055
64317
68894
55340
42440
97093
30603
85759
68905
50433
72588
61402
89494
76049
29426
31775
20271
37533
61870
94840
31546
31660
29816
36751
63775
93517
84425
37781
59818
16657
23713
86075
92845
39151
58561
56508
95547
39327
68850
73425
96718
53375
79836
9979
47554
53777
44624
98909
27768
52187
73727
38526
70068
68645
24384
17196
75423
39679
41934
16404
46085
1081
15144
35787
92792
63785
45935
30792
83052
52616
98603
77735
62041
11957
50087
18120
65276
27185
20048
68590
42710
74849
28122
50945
28044
41263
42459
41644
4133
12425
16013
735
65999
78241
73073
13422
68666
36011
85703
54129
87451
47490
17751
20002
36362
83908
57195
57794
66853
4465
67730
92692
1483
29839
95007
37951
12738
71913
95431
46673
15090
1100
23463
72855
57319
35433
90332
55046
88530
6742
44905
22741
95112
77964
13333
83265
65666
39306
44490
75464
77756
37425
41430
2798
33207
16102
18766
7578
27542
95348
67622
92666
2372
4007
75451
45435
4813
19921
14442
15314
57152
39241
28981
12502
88532
87271
84997
54372
88672
68585
51362
92218
89409
99794
67837
83484
38104
7141
33191
32914
47017
99502
17848
14567
63933
57978
36201
49675
49697
86234
20121
15698
73669
86116
85292
37748
73886
27730
68967
32651
69412
92705
90070
7160
41941
76082
2406
99102
12464
54413
17195
72933
25370
15737
64955
72696
95549
95781
15121
12904
40516
63523
40235
43559
93664
92647
55437
89069
48326
9805
46716
57591
43215
69328
96611
56035
44886
58131
71825
68757
25502
96892
71737
48149
87977
2612
49649
34766
62466
86953
29012
51729
52948
71916
13344
16976
52497
45843
1368
49667
16332
69464
5347
92359
92223
17720
86635
54298
53094
14101
28159
22272
88226
18868
57681
51937
3767
55327
41593
11976
24174
80677
52880
76998
19187
60309
74006
61229
53176
7335
97581
8437
11217
51635
44444
61723
53462
97240
78029
72157
95844
1366
3182
14975
18908
59316
43156
73801
32579
32443
32371
55622
31328
99065
36231
3623
64033
12607
46063
41758
80182
98659
76589
64996
52180
6943
51111
45203
91027
74576
1161
39788
59057
37208
63680
89650
13901
86108
23552
54541
25229
32551
40832
42505
41720
6021
4889
9748
3324
95881
11562
260
38282
63336
25847
8238
6997
32891
72357
65936
25463
94432
44543
29096
39243
29818
88852
3322
40660
72749
34295
32782
25205
12515
42142
41968
56759
7178
92004
28334
61862
44851
43463
20285
10196
88436
77931
23125
96500
94759
46165
37904
37280
8841
2384
4720
38676
31004
48875
66006
10193
34470
67257
34731
52251
34767
38735
47163
19643
31975
56234
68596
22654
24829
25575
10763
54964
2825
89161
31256
34258
39236
4823
85878
47088
26282
30427
20452
88395
30847
39364
65734
76997
80999
59556
49828
15392
25100
89427
11082
30086
36988
47082
50534
94212
87016
65257
2670
50219
59046
57714
83127
42798
49648
51851
22207
35334
97091
40928
57284
39793
81153
94271
32394
17614
76752
88474
18874
65443
47641
62184
92349
64056
69705
6724
12677
92249
98419
44621
39396
56695
20428
89028
51219
86568
5453
68722
86317
6275
49621
37119
18257
56677
73765
78204
19555
84782
46050
5786
80555
63940
59254
65008
93205
37551
17711
35609
25904
90812
26526
36627
37263
20955
55993
48514
84331
6208
58970
75307
43070
73125
84959
16601
35178
57670
42312
8699
71760
56804
87835
37892
62713
78116
91299
34730
8433
11949
46605
92328
14087
7373
71178
75900
70734
67572
94543
92489
40287
97111
4248
38422
66420
25422
29761
82541
11023
41047
45867
15901
60625
84721
95357
21912
16931
2273
33409
79414
22097
52369
44035
91921
79114
65036
32629
51751
72481
43107
6798
51834
591
16396
93670
77939
52303
23869
99835
81723
63008
7317
79
993
65159
15700
98632
599
21930
3645
84175
99669
43702
18491
73841
43860
30201
14106
94305
95412
85897
90185
19860
82870
55836
44735
86820
8099
91021
7123
74413
50083
75998
20354
31187
26823
55344
66381
40026
93024
81869
25656
65997
39717
93534
62476
76184
82993
34773
12149
90989
83235
74725
39013
89731
69116
89285
3088
70482
16005
29328
57390
20120
52454
98216
49597
40119
63567
79118
64124
51253
76403
90124
88112
46395
16648
31915
6083
96919
66217
83997
93055
22458
46452
31541
46936
25530
96205
73418
41120
22416
84825
59287
93584
47195
24835
17982
58854
668
21498
4704
48769
58328
18929
49159
81927
46074
7390
26557
54112
8910
59451
14225
14392
5382
76136
74297
96672
30617
32935
22507
30542
78527
1727
42307
12504
5974
95834
14592
33981
64513
72487
43879
44285
25731
15928
37694
44892
63624
28965
86962
80771
76061
39400
67378
91998
39539
54270
75826
11039
70080
32236
63368
84858
47582
46424
35986
20103
24746
55724
61647
69859
56326
75990
37249
5167
77783
19178
9010
51631
73959
40319
67820
18540
71301
6446
43711
67091
94176
4759
54078
54772
60304
61147
59394
28420
34477
24131
87078
62427
19382
31415
18698
54039
27851
18536
44016
58775
97011
4263
7362
87361
23223
76523
26122
10620
56837
66607
68792
39030
67374
76817
32703
85151
99080
8821
35704
89389
15213
34432
20350
92790
34522
11485
95505
83097
20048
81019
19443
23445
58615
42701
35214
95568
35382
30985
14860
91186
72829
23722
28157
83559
28379
45166
29653
50433
39016
71672
6507
41171
9340
62735
48155
42519
22262
91773
69668
75657
99382
97521
93419
11882
63171
59262
54870
77950
59974
69850
96114
87022
99533
16575
80142
81927
73577
59085
84990
58841
90864
25766
78873
31801
61788
41329
44379
83103
40202
42744
62276
11944
24924
79945
68631
9653
64440
56537
1563
63274
2982
88220
35837
79729
91766
12783
41356
77109
42839
24302
65788
40519
8929
16766
3172
18332
6828
6501
55840
9644
40375
43884
37904
10517
81187
65700
40438
44118
31925
13502
4828
98965
61303
85009
79756
96154
98775
36472
24406
1297
79974
40978
81038
52811
72890
84576
35595
28926
89389
92299
40073
78976
65788
32891
84872
2480
58313
99585
47819
35310
4666
96654
81849
15550
77079
71673
44639
37641
40912
73372
26028
93947
90388
16536
45300
94854
68123
27309
6830
87869
94558
67715
76599
86202
86521
56484
15244
90042
9744
33664
51603
8891
99655
1255
45747
62085
12808
81650
58167
27646
82081
80379
75311
90644
86883
67488
51151
56695
90725
84996
43566
8732
18143
14286
23016
68347
9423
68776
19037
35313
74807
47137
89008
70239
24860
44683
82632
32938
26985
41054
56915
1977
29675
90643
3454
81786
91218
48746
32958
52190
26006
55685
42090
46808
94352
19051
7966
91201
4572
80261
75546
93079
87134
10180
91617
12250
79162
23961
71226
80621
18266
50556
15922
69435
11372
46406
6713
83151
48898
29335
14369
56731
53712
62992
27394
17362
50065
81594
74328
40846
13282
30333
23907
56523
91142
298
76774
36842
68832
71122
12233
14159
74524
37964
70135
80483
69095
80755
65472
3187
98161
80581
44408
51343
42802
37798
31926
59339
6531
5435
67222
81442
89217
80431
8952
98542
67949
4082
92479
73137
94511
48661
84371
67951
28878
18607
32447
93041
64985
4922
41523
6852
865
51767
66467
60600
91069
1958
78983
53474
56165
72047
60537
17179
90103
4412
22394
30366
94677
66268
90541
90286
64101
90370
75450
52717
36432
20355
1644
59334
55620
46908
67827
55108
64178
52010
27939
63833
65775
88112
50132
71544
2103
1301
50208
28507
18790
78370
72904
72317
21438
7848
68079
99297
43780
9625
46077
37386
48354
11050
90621
53633
3142
3160
20831
43986
97378
28895
23095
20079
30250
68932
19549
79563
38458
76365
46347
19680
67405
7171
3010
52043
38310
71927
64005
20202
39819
89274
15068
81797
18117
49572
32562
28162
31362
37966
18775
49166
7635
73495
960
93947
20686
8131
70498
47613
17548
49879
92314
36685
69868
4831
24776
75206
98799
97544
86639
78666
85562
41062
28375
2302
29656
71119
55148
6377
71413
60734
2012
71769
5987
85969
34300
10078
98713
14540
40996
40077
66255
54196
63758
85471
54532
7348
75707
69392
9400
44155
43822
29184
88978
83996
19535
11317
38075
67277
78537
73206
92769
55497
74061
67666
83189
88398
8365
47735
85869
17407
81537
15644
87714
9187
5734
93912
38899
95844
36730
5864
3809
47473
61985
64652
99826
77244
19779
59658
58382
56829
26955
55562
79140
29965
58858
54393
32166
97292
30386
98727
9257
5820
82651
51720
43270
98020
44770
36886
98747
71918
79813
61326
91915
39272
96456
23215
24378
90695
47987
72702
14674
65887
69809
85796
34528
82828
58291
56750
9208
87373
85611
45836
88781
14052
76786
72531
50778
73335
75042
40636
18876
83922
33372
92322
72949
19042
93411
46887
28746
52443
13887
88304
38310
11476
52764
7173
21077
74438
14345
90514
9002
24272
12281
44648
4057
78678
70884
42524
71582
253
4967
27463
42228
2384
71072
75621
73215
51390
55603
90230
39011
79802
38056
13792
86154
3354
58187
35755
82401
21529
28906
78851
22236
81013
12059
27066
91342
83154
95635
49764
74354
65877
46896
79513
71717
37801
4912
66006
9993
53853
29271
64188
19587
50051
64685
52495
22334
76659
97278
31096
60838
15463
9496
73700
25550
57693
10289
83138
79499
16568
92446
58633
20438
53375
92765
64817
48590
80444
41324
74773
6195
23806
84335
52631
11212
65783
65230
78971
38179
41087
90325
60139
98307
54927
58003
14578
91585
94503
5115
12065
88304
77033
60998
75309
94923
99035
38574
81999
41295
75337
92372
5826
82494
27968
17916
69961
98110
4277
98540
63846
63351
13724
61488
548
7833
83857
50873
68142
82196
24371
89113
71126
95805
86467
39241
47823
93616
17034
90980
2483
60009
42064
80777
72158
78217
80070
98236
32817
2903
68189
36069
50544
38300
69804
30992
66692
78694
68174
88300
75609
37319
36673
45836
74113
72659
26568
79433
47888
50725
78187
96798
72254
73178
78226
85898
43208
26996
50221
91345
52143
93465
16687
20315
88247
96146
95342
91988
36233
23980
50053
45035
54450
17114
16850
16979
62018
64081
71768
3173
7118
25899
65598
64380
95567
40100
70638
12407
13856
89600
65111
81882
49731
57955
52363
40782
56541
91991
49218
13884
58005
49322
61014
90198
11417
61518
85284
17103
66682
24375
18545
8381
13579
74848
99203
6078
85638
11175
49668
24880
22534
14444
62147
14328
51246
15061
70610
56380
20961
24493
48457
57001
9672
69505
12161
16654
13167
65154
25786
22430
94568
80710
90389
21810
64486
71878
9595
10501
48419
98273
34900
60822
47707
95000
2481
96585
60303
71056
72323
20391
93923
17683
53633
71001
7296
72111
34950
8177
50035
84310
80241
16450
12108
36508
69123
56099
84064
21884
1988
95023
79015
84500
40287
50344
93342
30500
7105
87791
37030
8467
318
60718
42596
84874
16300
1486
43263
22742
6086
72289
72325
97258
29002
73626
58470
87867
27420
3472
34999
867
57857
13855
83377
61983
1828
32582
36207
12785
2708
43273
1524
53310
8068
81457
94114
17392
95338
67048
18916
92629
57024
45342
88485
58591
97606
26694
65559
36514
14270
29145
7117
95610
64303
66258
40257
68034
15427
52432
49199
44477
77513
9272
99191
86417
40083
8816
31999
63015
75001
42725
8527
27565
48052
52966
63412
97396
51684
51751
89021
63890
49835
56415
81153
98529
35568
71977
88375
27614
87644
67079
76316
81194
41856
55707
79441
66637
48141
14188
34266
62126
14171
99623
13505
69404
61443
77243
5553
53609
64261
47067
31387
4426
68450
66848
96115
79992
9634
64741
73716
25457
78224
88586
72344
91160
98618
43473
40321
7504
7762
40068
53428
95333
98863
96365
26168
96708
55852
30780
48860
71038
35431
70693
12078
54281
8324
85503
49092
34111
2440
65989
84119
37341
93790
23385
97762
16965
10645
78781
16456
87677
6944
75960
98444
70317
37077
69591
64342
98820
66127
95721
83605
22324
21804
91458
64695
33234
67631
93881
97139
80439
66623
9514
50912
16993
12134
49012
90875
92371
30003
56924
51685
35345
86745
13545
69314
18437
80366
45222
18587
90461
65516
97635
92860
18506
90771
14963
61239
19330
20741
31759
53824
27743
83657
46002
94703
38430
87305
40828
30274
41921
52371
97072
82392
78349
18748
73333
62038
12909
38424
90904
24837
10093
38052
71176
34258
17568
97180
42745
53421
1275
13253
65986
74443
13687
91524
61887
45125
37331
16901
25552
19798
50191
31446
47096
19585
79346
45769
34110
76616
85157
30037
68719
40950
3510
7861
76442
57974
28854
8424
47635
95130
71772
86831
19857
57845
48736
55283
76784
22721
23872
20508
91504
70810
7262
77562
58932
32416
66111
35936
47395
23769
24750
79557
46378
68269
94519
44257
13625
38057
8653
48342
65697
19964
17893
54308
25821
23229
67096
29331
8134
58883
81157
61261
88604
38027
50220
77249
96868
31894
85013
33762
91973
72360
97575
89414
618
81130
63313
69672
73827
90281
35236
82566
86052
83573
37430
90051
39940
5603
66337
77030
90271
57803
53890
60441
69013
49099
18395
93355
12777
5282
45714
23790
21059
15061
58736
18490
33550
31694
32066
2600
60634
24792
15707
67704
26715
52260
14000
92236
61896
25799
78906
19946
25981
81882
75992
95838
13722
93337
61835
61590
20130
12708
12632
68580
46204
69857
92169
67392
89206
61528
64620
83523
97981
88437
10290
38381
78566
65321
94578
33535
31400
13802
33444
90434
2111
71471
92166
56030
61867
29397
24890
10276
74191
90620
60966
1861
51763
13067
18579
63992
86114
86696
17486
80120
87756
73312
40746
33091
6981
21829
82588
63005
31652
59371
14974
8363
83590
36458
50988
53208
58280
80991
55914
42420
34160
48267
58588
51727
34501
48019
38253
23618
17362
52030
2057
18151
39176
96890
3522
1116
71833
44663
5198
741
35197
59658
19368
55207
44304
68075
13579
59597
92978
23256
48506
2694
24294
23792
8315
2724
80532
89
40823
57727
17959
39194
43771
78257
3247
98690
71194
84344
5728
67423
83881
13847
8882
71719
15234
1716
80191
92499
31906
52923
28840
47135
18186
28570
71024
44555
14178
33828
66815
36509
72305
99694
99040
74973
54022
6069
3907
96184
3987
46773
66780
27645
80332
58643
92419
41827
44172
80181
97970
1025
32625
5412
37834
78580
74907
30257
45966
61661
64337
95117
63046
4160
25788
77391
95549
42726
89257
14931
61092
47004
25419
81173
87661
93394
14327
47962
144
43453
45543
26887
46089
55989
98776
62023
15608
90423
17900
79690
11776
87812
77480
49153
64361
34049
30870
40611
16991
69173
47909
48779
49616
83278
79300
51479
93713
51325
81963
74283
75162
6453
44466
57772
13157
28879
40599
93221
19411
57801
89821
19909
22023
8578
7367
11551
40393
22240
62529
81001
49188
54091
15864
89885
4073
47983
39965
83228
52074
36798
84966
83206
13696
53419
27725
9122
64101
65680
44591
45789
26842
55241
7950
37443
88482
2135
39855
97447
2629
3134
66845
68161
36046
6151
27652
31370
82862
38782
83991
91234
53559
72565
52202
31051
24450
48736
89433
80460
54697
37879
51999
24590
9805
41527
46079
62370
15537
3233
81279
55225
69949
52985
36776
11851
63389
26761
69160
21041
20639
80540
51312
99339
65368
5315
88790
1275
72512
31347
81908
75303
98993
75044
64039
74651
34636
40308
39537
95940
33077
91810
97688
63862
53778
89843
83940
10983
40719
57425
38757
19186
77437
57959
69322
91286
43854
77606
71083
48500
14074
16516
64800
24245
3646
99543
9000
84545
18968
93950
80227
33704
60204
68089
64344
58717
74690
57196
32432
60662
52102
48671
91257
58958
53510
43329
61540
89219
90616
52417
36968
38137
50385
43187
8476
65332
815
57361
51873
48418
12784
57239
85366
80367
28440
26662
12897
82606
60527
40322
82541
27031
59617
27348
74214
66244
7196
37769
89887
60467
62070
56017
15244
10087
52292
90401
7049
98023
93764
69041
6290
38429
2644
43102
63208
95319
38840
89321
67730
54538
95640
49943
38553
37962
96448
76687
44139
5204
56735
31615
58009
94405
10696
33271
93050
78879
70228
82445
29190
91435
49053
82391
20827
34066
85956
37460
96571
32322
21229
14435
94891
53488
93214
85994
66358
76016
42788
38256
30472
52542
45869
25988
29588
42009
9199
61268
30255
66370
43967
14775
69075
94210
6171
85187
73020
71329
16513
69591
28174
19824
14517
56563
86061
80352
39360
42843
89987
3464
97355
13400
40606
75875
5800
9591
26383
74607
24777
19399
99213
37967
5895
29727
62544
93514
79101
88950
96726
47819
9834
9001
26113
11519
63250
92185
56471
61594
78270
22123
22752
1170
22231
78086
34988
15745
16431
50712
26667
28456
99128
99409
10739
84455
30187
71942
3773
88870
56451
17743
51368
1167
70591
86729
96949
17745
20931
90518
46857
67038
79640
16504
88750
97006
68711
99258
71890
88890
92610
39751
35910
40354
81276
65968
17441
35016
49227
81994
94203
32915
86733
33902
90610
60045
59968
70520
76008
10373
17513
15080
6979
73965
22190
12900
86572
9692
29948
85652
15216
37550
10786
92484
50434
10463
96563
76422
66167
47668
70024
7982
80457
74419
93020
7220
72181
44037
2446
24245
71548
32443
90083
31633
61158
34150
6689
85934
89434
30877
93397
38613
85319
29339
71149
84592
90367
80671
28543
28146
9590
53354
23201
19855
45927
16836
89295
3487
48047
52440
26504
50111
849
4947
50480
69297
26448
41225
97136
20823
61528
44816
15986
81595
98614
86691
84613
48266
35675
49440
35263
78484
92925
75627
33878
67343
68374
76105
80582
74321
77634
86789
85934
62745
22981
54574
3091
82566
74595
97847
95995
61118
26887
12149
34419
17640
59165
13381
16906
59187
24536
56964
65811
42989
19596
45365
34375
89388
34516
72095
17089
85577
80142
59340
14304
29952
86298
4075
10569
13458
57055
81230
62178
26499
84166
99021
10712
22780
47164
64609
60890
33129
53332
52522
29116
62524
84004
68074
97237
83144
4003
53576
52897
57800
64113
43885
63775
31958
67983
94730
91956
98420
47330
43216
17958
75174
55701
84119
43586
94965
68372
58872
69271
9614
42194
61650
92313
16481
91267
9097
56543
53091
47266
40354
3748
4268
14349
16585
98922
87322
1668
98475
29715
66508
95182
61020
5830
41543
90964
50067
62416
28213
53860
20297
82336
56993
54671
97469
79050
31132
68555
92050
1189
83419
74770
15664
74669
61943
91905
84063
24417
77964
44730
94511
57606
1594
90466
4531
48066
88903
77892
88449
18434
38651
9324
84
36437
82018
12589
36330
5583
20206
53755
29702
79911
60498
38834
99375
46873
78568
45357
24047
86852
88044
65328
16789
39981
83615
17470
98452
70811
15493
49540
36097
21209
3879
98668
22425
21047
67698
45099
9465
48072
8342
24916
81828
17766
97895
99106
22081
43434
25568
53938
74297
41716
81371
55302
62685
28649
47258
33219
30719
43759
66497
44660
51956
74547
56442
11237
71288
90565
22480
55913
40714
37558
25684
34580
26732
61856
54299
42306
21764
12862
98109
35150
14238
68304
76568
15516
616
55193
54411
85840
11380
27520
59964
79956
69401
2674
55826
25526
70802
1695
45788
41351
79294
35480
64040
62493
4382
37175
57996
62610
14363
