2267 45
58986
62516
82754
7435
49677
90443
96563
50720
70448
46758
59703
85802
26518
14252
67004
73544
66745
67029
98309
87020
59876
20141
53159
58304
39190
67800
96334
72060
25221
8712
28630
73585
39129
45416
16785
46209
36333
23125
26887
60773
88689
75327
15218
79686
17099
76269
76990
97188
85425
80374
42351
90962
26928
2825
96155
97336
93065
57958
2315
85007
29038
35427
10622
10505
44521
64872
4710
12135
99510
40306
64841
15232
54212
29492
95042
95041
50040
78865
69950
2311
35594
2276
68799
88807
33350
8856
88475
6983
59404
15568
5534
52514
33233
94944
79684
92072
76283
86418
25088
63515
55305
93731
31705
71571
7528
65187
31975
22971
62847
31416
75546
53138
97349
59324
68147
49035
21765
21594
48553
41933
77697
57493
67014
33524
52716
77441
77415
43630
95310
86312
49216
93791
89220
11335
28341
16157
80254
12974
71298
68693
31423
83331
65364
57444
94400
24991
39917
14750
9294
11920
36676
13323
91303
95158
11203
92613
76961
93318
70856
53692
53539
95689
19492
10386
15593
95678
76095
53887
83653
45140
62290
25006
78617
11153
1899
45117
41373
25806
7372
1921
38559
97721
5741
75840
56190
79889
51702
36086
89807
32749
68837
13073
59416
56342
25326
93716
23384
41992
23318
53015
47580
43061
64887
64422
29515
48002
38623
38526
58524
66312
37201
6163
77562
67924
99554
25964
33831
86888
25853
64677
97142
40664
53056
74253
51855
66573
61693
64294
90703
1958
43802
3783
63494
77330
31697
28861
21623
70359
56145
70949
45819
7566
19899
59860
67230
86084
53029
33040
94785
3706
99898
33940
13878
39878
34040
49488
86663
2640
61969
69638
8272
69110
84267
25326
17216
63849
21025
39955
65308
27758
42399
30356
92444
88510
5866
88004
10028
44646
62485
60779
33356
87431
76717
42850
96720
8151
28014
22267
17537
62911
91819
30326
70554
64059
20202
24237
96812
91260
18246
41385
96378
62217
9003
64619
78558
68506
16606
60772
46818
90748
61139
96637
38152
74800
71604
33936
62275
68364
92928
86796
5371
71128
51850
62870
48461
96690
63798
83427
88105
57355
16064
20254
26962
75783
27541
97928
42529
1217
36983
35987
63778
15077
43613
86214
21590
73716
5617
20957
1711
65444
64752
62726
16759
28925
55150
86020
25258
69564
72559
94895
80855
50836
81871
5523
76451
41609
78619
27341
67910
34675
57430
98545
83659
64833
12053
84199
86932
88147
75939
11913
26549
4159
32573
58982
47188
25645
87671
14658
86447
45146
45654
26836
8374
505
75540
97382
6093
79725
13951
24409
74955
53681
26650
57022
92574
14288
28314
50910
95780
9645
90602
38612
14995
83709
97832
27917
14067
77640
11686
36527
95550
57003
71594
18671
62055
31225
82510
93721
84464
61653
30560
22412
78354
37274
35075
47195
49497
95987
60076
42733
85862
24067
25351
25534
45803
71070
51312
63804
11122
10350
63897
17259
8695
16784
66026
71426
58857
6324
11901
29131
58157
25536
1662
43782
68922
88302
33105
43239
38846
66153
85612
5268
20408
22964
89912
20776
10140
16195
10868
86290
55827
89312
72179
42903
87704
12327
51865
42572
6588
63627
63809
50684
59523
11759
37242
69160
92420
3981
44005
80866
85132
88274
5305
40625
35516
26656
45375
32465
24615
71403
87095
37008
76309
54685
22417
61041
39587
35474
43060
51181
71264
51740
50683
40397
36850
18912
76051
21041
72495
36279
34462
19596
89124
71215
82771
79814
92721
43111
48892
43225
78699
34134
9110
52020
57337
73701
78516
77531
75287
23184
47869
53093
77174
10249
87338
30685
58714
41653
80649
81761
22075
31533
27740
8102
95140
29342
51162
93810
80631
25418
79597
43008
36488
41989
89139
92768
90877
53688
59261
38261
32884
36226
29363
98389
92029
18769
17358
5260
51899
63917
6140
73817
50152
59822
56128
92879
2254
2465
56047
44693
44431
65128
11060
63623
23614
92407
8941
60787
48611
60183
92395
65373
28411
28038
10518
79068
72821
16885
76935
76730
86678
75209
47852
94200
84310
14907
11816
71847
69441
5080
97745
19856
38264
98913
55184
62253
71341
70412
28164
66702
20938
36737
32799
90165
31018
73982
25031
63386
18335
84276
8022
32264
38954
44743
44538
1566
66374
1330
27030
37230
64702
95041
39936
46850
40018
85621
1889
88818
18326
58852
95736
93999
26962
47190
8215
16668
87811
94729
77764
90703
89017
27694
45114
99125
98808
81897
24229
24043
91095
49077
57865
10085
30659
54014
32124
65707
20253
60229
64839
33271
33752
44383
22250
38584
11228
66103
70133
90834
87686
18279
49903
62044
16421
77699
48211
62721
7678
19726
91278
20223
34761
60931
89058
97355
84498
5454
19878
71147
25850
65168
50307
11002
54515
57278
22169
51176
74855
42658
49752
52920
59761
45433
66055
69344
59234
55763
17345
52076
52254
82199
42643
85467
75837
30716
42239
288
17898
12913
87164
99811
42023
4342
3028
46493
97223
17024
38789
93216
27923
85881
98496
16108
60102
5886
22125
61115
32657
26847
63397
37942
44599
73058
66262
78430
54322
81025
2146
61988
98924
17959
97601
49809
934
18487
80090
38719
51413
4710
55502
82654
89600
12187
95054
18896
34180
67734
26304
80109
13424
63302
4446
64000
36937
14577
24630
30568
84903
87569
92107
67352
37431
18609
17106
72503
69687
93460
78806
12161
66396
92398
30325
13700
2735
43625
27009
40004
69195
42561
43424
60119
49569
79208
49676
82889
55989
41571
3987
28218
38655
23820
44344
6907
66890
5550
91248
64309
78808
88044
87399
80514
84220
75834
31993
55185
52031
49121
22169
86918
48412
32928
80045
25848
81667
30566
49999
39986
73786
97753
52174
73522
97431
67186
16587
83661
11880
42334
38460
81609
80747
6207
70285
35426
54
41737
33114
83205
31216
17957
17302
87480
90166
81490
33703
9392
11895
46175
99816
55225
33464
81778
73477
52754
68593
20516
57539
89838
92974
21346
37077
1141
7663
55853
64872
25121
90344
87611
792
50177
75810
33717
91033
81945
92377
76087
60143
69920
30076
83667
48406
6688
19951
86605
46810
81018
65004
46496
42912
8639
63998
4504
71068
44760
43076
39255
86520
75711
19188
50993
80020
33956
28662
87439
62080
50665
44005
43023
42180
41222
53041
57186
72057
63494
63488
79693
9229
66152
25032
80744
86946
52095
30870
51362
85999
41714
33803
31548
21694
893
26874
94921
34381
19726
58123
11829
59949
63337
39578
52091
2790
64356
72313
53740
90673
70955
49002
85135
59452
88798
64998
71292
14602
85294
32761
76352
65840
77764
50467
20348
71097
57914
62840
42277
90819
83583
10433
30694
4992
69239
36985
31225
72278
38713
3025
5522
78911
81776
19629
37621
14729
53339
56036
19290
74519
84108
6660
84880
39742
18317
7116
62679
53961
80214
83728
3525
49142
96056
32440
43970
74135
38005
79937
15819
8082
23398
87515
84883
22145
8564
30985
46525
39315
92927
47236
54660
42473
18778
24505
43892
58970
65485
38086
78926
2063
23345
37281
1543
18183
98776
72081
93513
5908
35331
57330
15697
58556
84969
42678
73199
13082
69495
58975
28490
39194
13706
9734
80249
65472
12535
74102
24267
16514
14052
73906
9760
1866
38860
81899
48493
30517
76991
61483
94044
60822
98079
67149
2345
46675
82660
59970
8295
2695
42713
90285
58425
58815
96317
74504
91577
35645
68451
61854
11061
66968
87634
67022
77261
3194
31430
48846
67254
45792
93773
45254
21818
57597
73835
13009
2069
20856
14038
38175
87961
83690
49851
18934
21900
53345
63255
32492
58661
34463
78686
41166
7986
52507
30136
64252
87573
45087
16447
11243
51938
80232
65443
9794
40675
78250
33990
92894
17428
69546
72736
68814
33607
25089
50940
66007
42946
99936
29560
80209
44252
4934
93737
83912
65571
27723
79893
3388
10265
21465
3672
52929
9010
59022
86144
28960
10519
88924
93360
59476
76359
75625
41728
1486
61137
36015
15036
91057
54619
73564
1377
39671
18430
94003
89411
77962
21991
33097
98857
77036
54936
58345
23215
79792
48932
83665
59172
74559
95191
53587
88810
28915
65068
78421
62072
60479
57557
145
71099
80773
51575
84213
42992
59902
58539
10276
67020
96951
27774
74100
90901
26382
74674
65998
33958
39449
12699
94065
26223
20447
71010
25423
51570
86652
9797
75470
328
64321
38645
46409
22713
96338
81527
19756
45767
61223
36420
18747
69605
43340
4745
25612
3320
44033
93799
85160
476
6778
79700
91727
90530
3904
19864
64945
52970
63438
31217
24213
32078
68309
42288
5909
46263
73625
55546
28096
21414
10833
96647
95255
47660
56363
85382
9521
21874
18597
81816
29496
45490
31093
2192
34665
46299
82435
67194
77848
22546
31817
22800
89417
40236
91098
17094
89464
97844
57464
23040
77297
45003
30620
60182
37561
95107
23827
75031
82660
92163
78843
97507
21693
20615
51049
95728
89857
95133
44198
29414
39428
33320
53614
3523
77642
83968
73264
888
16975
3025
50897
26153
82496
79064
49993
4433
19808
44265
52132
75100
34084
86988
11682
61195
6423
64923
48791
96147
17014
13125
13932
44926
4501
82062
34076
1321
51961
28141
46360
7876
12220
65324
15171
65110
97100
31372
25303
1110
25100
38239
10974
72947
22385
50251
95066
13549
8070
61102
33598
84601
97833
38037
45266
15425
35339
40099
38483
2402
22388
99152
21648
93932
60573
79303
18862
16518
34485
84327
71238
44039
78397
80035
23234
1054
395
71106
34019
40491
73066
66336
35038
98627
26488
9803
30233
48304
17895
4199
19507
34702
50237
63563
61754
73200
5621
66529
41267
13433
31771
56970
78678
70531
93875
76535
9423
50044
46515
60689
24478
35267
40452
28786
77047
52080
50213
649
37122
43561
30728
96571
91548
782
25715
46077
59893
50798
31105
19802
67377
65167
35039
67795
9735
26922
12847
47098
92357
34413
11944
73686
86185
67320
89427
40163
43529
80864
63183
86671
43244
74062
94319
13917
58223
76065
66167
46022
130
24456
13315
26291
23976
21193
99455
54020
20762
32413
69360
84013
76260
10321
40490
72115
64262
60967
93495
15859
89429
82419
48791
85883
67832
90686
19994
78447
17451
48455
9224
22566
88639
989
4921
29675
66616
90822
3933
14332
75630
66107
1270
21294
65837
77545
1529
59783
96501
2129
82673
11362
64186
28809
46939
92431
51972
84410
42891
36113
40081
45888
3238
58622
76782
60013
64165
2402
87618
74342
18297
54812
16035
65316
77025
51167
32479
75892
22454
402
62548
16759
77952
11057
40856
15779
28061
40682
67410
69889
10561
43521
22399
1997
72945
13421
37902
23064
25607
2808
91781
15593
57617
6979
36858
56568
3538
58591
82650
19794
56223
46965
98437
58008
45508
88479
19695
64576
97596
26541
88065
90674
25308
44865
69719
97292
30473
68115
38080
56799
16413
19758
54945
45872
91783
26097
28977
62520
96680
70191
69694
49060
61367
95951
32935
33781
55517
26316
39296
87296
57049
17142
33106
10608
64061
82160
96376
49056
35023
48
70466
97345
87561
95171
80214
25370
32410
78086
39786
44162
12419
34765
81900
96232
8891
51168
87482
13580
72395
80057
65450
90468
97138
39399
30723
4248
48931
66830
5986
17990
49602
57605
66614
75262
46410
36023
96005
5255
85482
34562
40421
6041
52036
98747
41603
68352
91788
9096
90783
72543
84431
17668
5741
2667
35785
80255
14742
73356
24078
37436
29238
8351
97250
83665
52508
33527
81793
17002
72652
42327
29976
27110
47200
58330
5961
92824
20739
12619
46603
73544
29813
98285
6920
27407
75018
77781
99870
81343
78890
39915
77150
57976
86162
62796
60720
59380
59634
31947
66668
76156
20525
71275
53763
79793
98493
72806
90132
43685
56236
36074
66327
22942
82460
80599
9974
75545
30047
96962
69455
62309
58688
87573
52308
48964
58328
18348
95818
78446
64858
28218
53645
57102
8200
52354
1291
38851
92507
10462
60516
37920
36447
71260
20273
95564
4628
56219
90906
53731
54670
81395
73118
1011
80630
41770
51854
43264
232
52128
83666
23776
48851
69252
86307
48703
64155
34972
80240
28477
84026
43073
51098
15243
67291
41569
35895
53426
90557
67579
6802
42956
53015
92358
25385
98984
29422
68043
56110
10570
24448
66694
48936
70953
86717
27337
46639
60176
42248
61209
17010
11197
54906
13584
52372
29477
53472
10617
82507
334
59992
51350
69632
34868
90872
87197
35027
48740
15143
55671
83796
47588
52706
71936
3818
1193
46168
51082
79919
76927
36558
80538
17586
12901
10684
44585
63860
38383
50030
36324
53100
32770
61444
15501
69316
44859
44755
92792
87193
71688
40546
89998
13534
60173
82989
72109
58330
40897
67845
43910
37125
96846
48366
69502
60879
28885
33279
13550
8762
59623
27206
51171
635
54541
62082
78654
3100
62945
76999
99253
39901
58579
97725
27472
32974
63141
2497
77102
39319
72975
17763
87133
94544
71004
7846
12037
297
50635
26531
39614
70244
69071
90919
60501
52502
62191
59600
66827
75562
55335
46004
84278
58430
61829
91066
17278
35395
9773
58335
89473
40449
56661
21906
38448
85041
62761
65528
17455
16513
89801
6825
70873
89620
18854
80337
62394
78079
59465
39216
339
84013
93932
50330
5210
86076
44638
94552
35735
24861
31235
86885
20808
59192
40402
44530
75774
4774
21430
17123
51581
97398
72270
79696
8416
66409
50317
48804
49235
19477
41210
49505
36279
67429
64816
46682
72513
73527
55967
76471
30267
47165
15273
53365
57250
84061
83367
95268
24039
84849
95778
16487
90958
89096
11450
76184
65874
5763
64834
51905
99230
47704
45634
24803
78613
6771
72595
17203
9068
60688
24551
83128
59083
21090
42303
12207
74287
30703
35698
40071
95627
54193
53165
88709
35938
94263
97069
51009
27919
92546
39847
93799
39293
22985
2049
95639
783
6549
99958
51365
76217
67110
35510
97466
87717
76076
67235
59697
10576
89262
89397
21339
95658
96487
22551
89404
77722
77028
44232
53259
9879
33543
40571
48182
82095
31047
47031
98044
8452
80493
20440
33009
13194
32697
81420
13213
92491
32539
21303
50269
8836
39227
9263
54208
90789
20849
40225
78060
18292
25389
57322
70487
29258
28337
77279
68398
20021
14002
44293
62482
91477
67579
51193
68021
1087
24489
49098
65889
22524
16528
26714
81906
71563
39732
39809
95671
84443
45425
35210
57781
98098
69076
2323
18948
99625
32896
69329
9968
65806
26442
64874
57817
86592
15997
96890
4083
57750
69431
98351
32871
83513
17386
44012
92688
10341
4667
60553
47967
7116
97446
91218
73400
19059
43449
52548
37074
40179
64852
23667
8187
59258
45072
69095
12817
18055
30261
