7615 43
49316
15469
20858
99052
53943
56260
59549
88547
57035
52456
43027
37236
52110
48548
65199
91230
67829
75561
91813
23394
39160
141
82865
59560
50257
73894
50894
15643
79521
14099
15072
93576
82764
50388
79115
5347
63032
33613
36857
38274
31121
45158
1720
71360
52936
35854
48249
39355
13871
78227
42194
42806
89375
86220
30205
84568
50514
17040
92855
75852
41865
28732
53122
89023
57896
37105
88771
59300
88437
76435
49125
23379
1852
25803
58612
26086
18926
16390
86051
63067
54109
75796
7303
77877
91042
95114
67481
52634
99639
49088
46936
48054
51709
51859
98916
7543
46392
77604
72452
14448
32622
98840
38498
53558
4235
30262
37514
14758
32224
64140
65902
51741
6495
67338
6916
13757
9313
83877
47014
34511
13377
1430
96177
60924
91678
18457
4199
99570
25500
68174
98030
64358
57955
66363
174
14828
67455
98343
2327
30432
3743
81921
84249
3777
60214
10199
35434
3376
70941
480
80963
77205
80334
78258
18051
34043
97578
75980
26346
44303
50549
76270
89823
60869
66837
56892
41900
98836
24823
16735
91453
40789
48329
74788
13668
46471
16865
70746
79927
62957
55796
98584
36304
18638
49024
43669
31820
50357
84867
26638
80942
95567
82434
47364
95897
13968
37987
88539
63961
89838
54771
92477
85210
37123
95008
60213
65263
25647
16448
53748
20077
48821
54409
11503
8910
91161
73526
67390
78734
58761
90984
81726
30449
30801
92771
17905
24219
11652
39405
88377
86998
32058
92179
76097
56528
18188
9508
63060
60795
66842
27795
25571
24843
8262
66457
43715
65691
98295
36817
13517
10889
76663
11642
46845
88757
85781
60632
97139
40901
11331
17044
23573
60548
40824
12151
78027
52895
60624
50163
80993
29415
35751
23739
41801
23090
32066
48005
26838
2521
37862
78383
37122
89275
7295
36791
522
82169
23291
23170
72332
37560
15724
56950
21263
41410
62057
85728
30747
94661
30349
4207
75037
43763
21687
71350
70565
51072
83944
49550
65352
88072
80616
12210
17022
62534
93922
62145
79428
11613
13507
92160
5371
78611
87327
54197
1192
26481
94732
71597
61042
98308
36837
11927
75687
82175
75688
46854
65687
53943
71033
76339
8983
83686
9724
59673
75456
91785
43231
77720
94862
34466
50350
4754
96481
40950
76285
60432
21503
23503
14081
89982
17743
67835
11543
7979
89632
82764
37948
46699
44480
53303
73395
11637
44101
41621
43363
87396
60168
79812
51062
28282
17957
36934
36763
41720
74717
38177
94276
21608
51124
14654
75049
66804
62163
99851
14755
1580
54214
91097
6866
32451
11647
9022
14584
27922
53201
54356
64699
33044
22839
84344
20647
69449
94475
58283
19178
54867
60111
45493
42262
40124
49895
5981
16707
2477
26716
85394
79626
10968
23611
79814
89930
69488
51668
75406
60007
75692
42460
26723
60902
79656
29195
24643
98707
98563
28319
15857
82427
59426
63671
61777
82802
11116
86680
94381
25071
9963
54668
3026
97515
43729
15294
27187
52773
15921
85663
48550
49568
94658
41796
51138
13379
81312
65446
58311
55705
18603
96321
70358
38543
39973
36501
29461
65977
2520
70568
72812
9837
6094
45602
9258
17990
68919
70479
55041
53698
37190
80001
13766
30564
17204
41035
97970
92883
70172
79271
40836
54713
63134
87729
70204
59333
8285
25770
45793
3530
62048
4886
2076
37213
51188
91966
35291
34107
28584
55823
41647
58401
93104
57561
99982
92146
33923
70032
26866
97300
2013
25743
44536
66259
67902
81008
58050
53437
88616
48053
4021
80005
88709
31426
9660
53120
31071
95105
19523
28138
57318
78077
26877
88962
32686
1063
12255
99594
75502
35028
90146
97320
41762
50844
23141
4232
13897
45661
2056
41848
56520
30774
66866
41610
97382
51821
41580
89301
6062
80105
40516
9556
29936
71129
5420
98118
81280
35083
43352
92940
34229
83989
83619
92526
94379
58832
36010
37399
89442
60152
41487
87412
18140
46478
29335
87545
5187
93205
71117
55452
78337
81144
40189
93464
48262
92547
82682
6252
87974
88070
47513
68537
8024
39509
7027
19207
91960
30154
33479
28896
90182
62913
97078
7731
85253
53659
21381
45907
8956
24444
80446
21174
8281
23374
64271
56502
54345
74523
20585
62644
28865
37174
20834
69808
36600
98739
41524
58769
90346
69003
76605
34467
38903
48825
24445
32884
95009
72287
18202
70231
43922
38210
24735
76418
29076
40905
84056
15471
33655
59970
59000
94590
51407
61725
32276
24241
37684
33392
35974
98382
70816
5073
99306
15553
65779
38207
58980
65816
59186
97017
632
68805
36164
1669
55152
41664
2804
76939
83194
10850
26482
81079
90856
31498
49746
4347
10702
71740
16524
76778
69831
53981
21978
11486
95472
26201
59069
42291
90827
67614
65880
29770
80030
62398
42482
10823
59634
59376
47992
14771
14804
61135
1946
95419
6967
48089
73034
93550
43184
46642
54688
15331
10073
45439
92280
99761
15374
13131
48946
99510
71731
41285
10385
34129
69996
77344
87261
65735
20356
12178
90561
12321
24679
23222
2029
69644
51079
11754
44853
6424
91355
36338
28049
13370
54203
21458
21211
74155
69253
95928
56500
21094
77179
82384
46335
75789
93155
16301
25539
42533
26950
78695
83502
72630
89201
64728
77805
77740
97591
10110
15989
38712
42221
38940
67293
95248
85613
1912
39170
49578
25492
72254
28193
61893
40803
10204
21664
289
69890
22085
50694
44674
59960
57902
87199
84688
36052
93427
89305
86362
23080
77779
77257
98575
57416
78064
63014
39939
31183
70032
20045
79408
94331
45215
52412
82258
5324
36779
4599
62122
70313
64582
34118
81116
61531
75911
36532
2417
54575
60521
69489
53078
49304
54955
63025
85147
24011
19055
82060
71797
79394
11163
27068
44092
75226
45242
44546
20622
19093
97820
41377
70538
47576
37362
85601
19093
12205
53203
24653
83673
43075
6554
27574
28193
56297
74565
80590
21246
70871
49303
78861
37093
88133
24887
34128
98767
29233
26384
40405
88215
24766
56111
1984
45568
71792
26728
58425
3789
85201
96081
53739
60934
56430
99140
14631
18394
49466
42337
80671
20727
16074
52266
89195
7539
95064
14726
37160
72999
24801
82783
55443
39887
74151
31012
16243
98220
12463
73736
96845
85954
11876
41377
84109
44634
7666
95177
41572
41217
23500
9248
54148
26214
73830
17032
261
98336
27068
12967
79044
20166
37641
86601
43455
35989
40977
49148
72186
30478
92279
33618
88605
9142
99975
80739
17939
83604
86062
96744
6829
37878
83741
48321
82813
35148
13099
90895
28027
99371
87279
39547
70372
71595
68969
82925
67382
14954
26106
84150
65237
20519
93704
49127
27145
7752
13627
31255
81150
57204
90051
46081
54146
24153
92175
76004
93707
4808
95511
81057
64782
7732
84531
75872
35913
66007
47010
61900
50010
38893
5092
77298
48901
88374
8352
22918
82098
92504
7935
87902
43084
12571
39919
56533
83716
74027
5025
65321
52268
49050
91724
20093
57629
60667
72776
76344
55249
96808
69587
66916
54217
28125
78735
49649
35017
45051
69633
46927
97783
81446
34132
16951
47775
92904
1332
6499
55570
21387
49748
83601
51074
92386
30601
93700
64392
42369
62540
73250
87615
73344
83100
86487
19206
26653
22585
64049
27969
76119
32874
9091
61880
50835
47320
93634
13687
83195
79921
11019
4364
23802
98982
36634
4685
50369
15566
37908
17391
72037
56961
70111
43600
54622
5053
16517
91438
56554
84932
54452
41229
41704
49595
68576
67830
87646
11629
54784
99570
6900
54311
63213
70451
46230
49113
22823
5675
13046
73787
89231
7283
82919
64870
13933
15269
62883
76758
27404
41187
12646
59311
85465
61134
29072
76885
11688
52559
82791
85618
24816
43698
67059
99060
45353
73702
49697
52973
2165
21182
77857
61265
96660
81107
63143
40219
9934
98495
63981
17480
398
49444
66128
30298
74625
32227
16463
30039
81179
43909
21551
31784
38866
86646
37945
92794
66912
5349
81050
57824
55013
25669
69378
54287
164
47503
26278
60768
73985
1693
25950
86578
2505
20881
61064
4390
68427
60652
87747
17025
97751
77111
31061
92205
90278
97822
37381
75672
42929
99984
97857
85428
39672
68224
3098
89045
63389
38919
29315
93494
75207
4448
47349
86900
83904
3722
19406
33329
35350
90889
88334
3955
35294
14470
14649
31075
78028
88427
23159
27951
50109
50471
35703
64935
54541
8592
52711
96099
28001
44188
85822
35900
95006
46182
99603
92527
80528
68240
83523
92605
87365
92923
5551
15214
16207
25680
12411
21609
31621
26171
63984
37213
21602
7819
50523
32828
90757
61396
81195
28058
74063
13804
34743
4146
55016
57297
77878
6306
53819
44482
77126
15850
29109
81921
32230
84145
66890
22231
44091
78815
82800
38608
68527
87172
65122
63195
8909
70832
13886
1100
31174
13785
57895
87481
56815
26809
20292
62560
20896
36781
92288
55296
60631
27670
3624
75291
72115
66140
53839
6587
54874
8678
57677
77097
70964
63715
64764
85719
19373
15365
15066
63768
83734
73056
43146
14019
25509
72559
61587
74324
41873
21264
59071
12746
23286
12643
97437
2858
85271
12719
6847
6586
26647
60669
9501
1959
45567
48794
28176
17376
63163
13690
59928
38584
12509
33040
4247
34824
37913
19158
25907
17355
63111
33835
73752
5089
56580
95312
89812
87180
40913
97322
59641
75510
88178
24356
62623
82601
93744
13706
90271
92821
84952
18639
37848
9037
98586
66151
39310
97002
65803
86094
67590
36711
45316
59231
33932
96964
84224
76605
50925
38275
33633
53358
74717
8494
41164
14811
35827
61295
58632
73106
75175
35926
97123
77476
99803
49654
66542
66727
4719
58312
40796
245
69803
8039
63302
42219
26426
76691
1098
81131
40169
27822
17928
70682
85868
6242
94627
70723
4345
56569
39942
49106
48811
99459
75357
11962
18752
12852
48215
21839
14939
18435
18187
64813
68835
27276
94192
82191
14370
74382
25827
93401
63879
18414
19524
99055
53893
16466
50201
41627
36145
14151
62826
72842
71464
43516
87940
34896
78503
36933
66487
60352
91889
66201
29592
39445
95276
84724
25759
56620
66468
93078
89449
88903
81511
98145
74743
62795
14279
7103
18606
66211
42620
16346
63093
66363
25471
99298
23642
15462
50256
56267
69613
16760
51729
2988
81251
10861
70760
43553
23861
50304
65665
48170
76126
34037
28778
26153
61888
44496
78645
56872
50656
44827
39097
8881
47782
91876
69361
95828
99870
51804
86748
79845
98585
37977
83611
83163
1325
5941
94806
95762
90992
89837
13432
9930
18593
38755
53806
43110
15648
86525
48012
17357
24305
48996
51752
93932
51069
40357
52765
98834
74256
14803
59241
38579
52476
94723
51184
55526
64981
27886
52823
86471
7603
58323
22089
10166
33779
67762
90613
93494
99542
2482
66830
50927
55904
44604
17354
79244
99738
24894
1443
17533
80689
17258
17017
43158
86933
30516
63279
46830
51259
52695
9929
5921
79643
84048
65428
35503
69138
98241
51166
47291
97442
34800
37754
10860
90637
21158
9501
86799
26270
304
99428
70228
91392
46465
1964
75373
50212
66894
65560
36882
84447
67152
87694
84575
2282
51814
35962
17812
43232
80241
5642
68788
36772
15190
69072
41414
46553
42911
46915
73527
41095
15770
36383
66071
74781
82456
96192
27800
34121
98192
97931
16274
27170
48954
51237
14433
96063
70100
23898
43653
54397
54784
66007
9857
39196
69604
81553
61404
81794
33896
57468
92484
9399
91708
65268
21670
88424
63408
56247
47767
19685
62362
60265
1038
69315
32371
53135
73319
59610
40122
74324
10434
70375
6320
84391
67618
46795
95354
36059
33135
17802
76354
5606
89332
59726
10070
92099
64353
13633
18408
31408
47658
62551
35692
23536
65351
58850
31261
93034
2418
46235
22937
6761
90060
87744
95680
56346
61176
63248
2041
720
59134
78321
59852
4483
13673
57322
7625
68141
76201
76969
18464
30860
5874
47135
41415
36739
39899
16607
78136
90744
32129
1987
19695
2455
96290
25127
18640
35694
20354
66731
70495
18351
1640
33909
81351
85842
25826
78093
49908
1104
35357
26975
92664
51305
51150
78205
55818
56191
49741
57851
68866
62264
19988
67217
22526
31872
33860
48028
21313
32709
33184
91997
26734
42425
61488
91896
66641
92147
62495
23446
42679
25902
9245
72100
97297
51049
98046
22130
47861
47301
60026
72404
37597
43819
29163
86277
99878
90851
16466
24255
1169
52030
78674
868
51654
50221
86259
24601
61740
43879
98656
84069
66194
15783
54570
95350
27050
62955
88323
34556
66216
97462
26883
73773
14664
16879
31847
65055
96389
33441
30733
66737
35394
20281
26809
13378
87621
77163
42259
4824
23511
65452
89062
12123
9734
5593
58499
87127
20099
76463
21820
32670
78148
6481
17161
50083
16163
3078
92967
98720
27933
71960
75764
61329
74036
42166
72948
89654
66349
82355
9903
3189
1427
41124
41520
49174
86386
52230
61320
97670
89180
24374
5833
88469
46984
30679
70571
1879
87086
83823
86411
93159
37517
27690
21767
39071
74469
11542
5123
33377
13853
86565
24423
10609
50590
47887
23678
80216
34550
39725
32153
68195
72470
15935
76426
17506
92500
33766
86730
48298
65034
46283
91763
78068
62453
45654
31622
2235
73783
65816
35110
70210
43733
32546
15355
97707
87770
86411
82961
28641
3474
95598
29398
80015
33584
15018
55488
58950
9161
39296
56292
70139
91606
88280
82912
24807
42294
99709
11762
12870
93129
98908
1822
21880
82006
6601
99820
7971
838
99162
50856
13903
46279
82378
38528
26921
58186
78295
77449
97280
67557
29028
59003
9739
20754
80568
55793
30305
98062
65949
75946
24127
84315
97346
48042
97638
76799
67898
72953
8570
90082
4923
89443
93924
12148
45696
16246
24689
44292
74791
83943
70033
80202
42867
54446
95320
79359
6314
86054
31521
87359
32888
10734
67046
8110
7563
63562
50345
19600
53494
40610
77455
10671
46158
68130
53695
39609
82480
82488
29255
79263
41304
56890
10807
50519
11755
24125
16708
70619
50927
2399
25319
63977
30893
97182
92955
61985
47222
92863
41827
78345
6203
43592
63746
28492
7188
94725
16608
41622
20314
28423
76140
26714
28876
72384
91604
56557
41198
24169
21870
54184
46757
60669
34003
18282
45085
58011
65727
23124
13635
56807
41235
6667
12267
53289
12627
33049
63243
5805
53000
23948
57886
39522
37630
55893
28515
63099
13255
67211
96475
88657
98935
65894
80910
11006
69094
20420
40294
87236
3985
41575
75219
52452
10457
74132
14502
30375
93026
21366
341
12633
51862
17658
88253
6953
31263
97585
55035
21674
96880
13104
17618
22837
79517
50803
85673
7621
71007
78870
54218
92921
71473
74714
27588
48021
67765
68903
33610
13409
97488
19172
93714
99273
99818
28448
59222
65372
14607
90028
32278
62605
92496
46783
68276
59157
86146
44753
97335
82543
51262
62080
31817
87130
54112
75982
39224
6171
40584
26081
27065
94136
93308
39778
27680
93278
22020
3870
31145
74811
87084
45960
93171
94885
72102
95413
40928
22610
83269
40223
48246
57213
14051
96642
78081
23720
48476
17474
72975
276
32529
19171
33682
60299
58374
7216
79169
11542
50948
82325
53527
33767
7960
85508
46834
69233
20114
47764
46710
27531
58951
7581
58280
14544
23535
83709
54388
34498
24007
32822
31719
40354
71024
30638
96213
5274
61615
85678
65268
99731
29739
93252
35839
22143
7730
39457
55508
92945
57716
81819
9174
48096
12038
57291
94188
8679
83905
752
32897
56968
75584
17259
9442
30852
7110
34049
32034
84101
44757
66493
62905
9141
41752
60459
58657
3907
78490
27933
46488
82277
67629
84650
62657
33105
30660
41674
41443
89827
42841
47227
58632
21242
41640
68320
12415
18011
20721
46333
36410
90156
76794
62907
23633
49274
48235
47786
16797
73620
72177
65370
16414
64270
39964
67009
27254
56735
28320
72953
32331
77666
20951
16959
69289
15641
33405
12309
14750
71749
97427
59104
10364
93136
17502
48139
20986
22308
47205
42882
76116
13361
42966
70199
7302
19018
22977
17665
52021
16904
29307
34456
53958
89574
31516
29211
44357
37508
5665
82858
22847
87492
31884
36780
16392
86416
35807
6186
91798
23090
65445
94930
28036
68570
59209
74965
17489
71867
75708
45673
76862
4206
79891
5640
38675
45230
95079
92527
5115
42459
35252
71872
12451
53272
91482
87328
71871
43084
40735
57689
78597
35620
37131
7930
22063
37679
45770
32498
5342
40769
59374
56217
49074
1905
86314
20711
6355
12955
43032
24411
14699
24382
44180
14677
6313
31679
90687
27740
54015
87588
19261
68473
31173
87578
36535
94906
16789
48017
51194
90000
85613
16666
34773
78097
8624
98831
96543
41015
22116
77899
45039
85983
41877
42286
10915
66955
96657
25467
62490
31521
14666
7737
45945
62633
10104
46613
32233
97715
30708
32542
34743
16782
49438
99400
13940
63922
53624
11018
98707
86103
56648
8384
48909
94748
18650
4778
55776
13218
53595
82571
85131
15662
83552
98602
56884
53482
83293
56692
16610
44100
86254
69400
10563
94509
13266
96202
90376
42555
24042
79873
57124
33672
58654
24025
9649
60945
13785
21682
90059
97880
58088
71215
29458
35555
76351
95415
93868
48698
93268
87223
56609
41453
3618
6207
5150
26891
50119
75968
9010
17420
83527
70612
28916
52457
15303
24215
22427
51326
23186
54182
68548
2063
93271
88519
21136
26304
4745
42369
60291
63291
58750
46015
93670
70030
37936
53937
83462
26666
58399
44171
12403
50150
73741
22884
43938
2042
57185
48376
76779
94116
37061
39783
69708
68422
89224
37172
14724
94117
20573
78150
50456
54060
4153
87755
29202
84648
24121
98064
86717
97546
30874
18890
98058
44167
7519
85552
6670
3739
5870
94142
16994
37954
15155
59412
81090
48765
83356
14293
53934
72403
19099
12488
79020
68846
48263
22011
39172
16506
69884
78875
32386
86793
31542
58109
6840
11985
57530
32728
84953
49900
93709
66536
99903
62008
29563
52269
79526
98709
35057
89802
57103
34665
1347
80615
76510
48031
776
15
90524
4004
77369
14610
61685
99817
35061
10980
87067
89731
23648
96860
30690
94542
40575
64886
38658
83846
59837
30418
54264
22572
65385
9939
4165
14248
60886
12129
24750
21345
95130
16679
24698
94630
36176
49014
23223
31240
39830
19136
63317
40798
44079
50429
42729
62848
60706
61385
19467
95596
9145
65764
185
92452
51843
11921
95346
35534
51251
76664
52572
98163
24671
21540
26751
43265
63105
98629
58151
52073
22265
49775
98501
32449
67881
94746
78126
8834
8440
53664
8123
81995
40624
39298
21192
9213
82720
56643
92533
80989
80730
51243
94376
59029
24534
76677
72649
82739
16749
89089
16773
93097
28255
44595
17195
95179
51310
51475
83154
26613
83360
30395
39825
2466
59201
39340
10469
66389
66527
66601
50159
24180
53676
21914
10067
59048
53599
17034
62042
66175
82835
54986
56657
41674
34151
1740
2120
48895
25308
18536
80404
1207
21691
7258
29613
10737
44364
94306
8145
63214
44128
53571
26719
82035
29256
1925
17692
82219
30651
68468
54546
41058
148
5598
9996
94187
54769
13848
76155
4282
11733
89914
1492
61258
4967
56446
48912
97177
81234
45093
74634
58759
5987
54770
9477
78939
60941
75565
44323
32766
12808
51265
49807
31198
69134
75519
36116
3468
30365
31641
3972
82942
94040
10951
83666
8205
3878
42886
27288
81112
36337
52884
64722
37536
91208
65557
76609
79307
24318
88849
8009
78273
36968
42163
7443
98737
17251
55980
83499
34829
61036
45998
42851
46442
94086
57585
9359
86977
67127
20658
85415
38256
43979
89647
22408
56922
77360
73964
79283
27267
5624
93297
19469
90261
78363
92458
10749
83902
25138
65157
27889
8399
86973
38711
75577
14622
26397
11320
84810
80965
65467
7266
3740
55105
83583
19894
18893
83316
1786
91768
79260
85603
49373
67694
95055
89
86783
28004
70157
50530
20315
46795
68708
4145
41104
20405
8613
98234
47295
11930
7171
54905
13136
73143
37336
89321
61838
81194
83519
93966
7526
72535
96635
80268
90924
65318
47183
82733
90102
19971
1732
37087
83423
50204
78182
58547
12805
22119
4871
36927
89419
9849
97274
57725
80888
17680
81369
92938
89302
3594
85728
87976
32052
96971
26000
43036
22213
81243
59437
84209
39807
76102
81440
40243
76444
84602
75542
51573
36636
1901
74271
23340
41794
26740
53968
18001
68242
11373
76193
59779
70841
9942
4047
57250
5381
67827
69276
16277
47657
16236
91658
63078
27546
49453
92579
32929
12724
35525
83892
23160
67510
28583
14254
60961
19010
29452
67076
89686
27839
20846
82511
56532
53238
61422
93261
69885
94296
96816
3005
48055
77174
83482
47237
99882
55688
67576
12813
11750
52615
94075
35425
699
38354
58581
82098
80287
59277
74111
50166
98027
24797
18228
39044
60670
37966
64403
48249
50552
12461
22848
65333
46336
62606
69028
734
18656
97767
63720
56508
49699
29203
78558
91164
55134
25521
91800
24366
32228
29698
27567
42118
13392
29870
17630
44286
56991
57087
16292
40146
83699
62821
90469
99971
26418
97584
777
55478
5
90681
67196
84978
77849
1146
49005
47077
961
25713
2703
159
30994
35713
45947
23733
46246
42577
58476
17215
4857
81067
21761
45787
10351
6526
20478
58024
81548
86461
81132
86027
18778
60478
45652
65102
199
50715
54792
11612
58245
46420
92891
90438
29128
90155
28867
17602
16139
15559
54750
21862
5420
22161
41994
87185
47787
46522
26348
52195
25390
68596
56042
12127
4704
73428
57777
87568
97070
87382
88720
4002
90601
4153
18778
19780
53799
36383
83272
53645
82721
30350
64053
96948
18038
18066
36000
26454
87847
78360
10765
35283
16665
17269
91813
11730
98230
90045
41906
20953
10252
27884
1859
78421
34509
73568
31086
51160
10125
36349
23497
23318
65543
73992
33136
88455
45625
30157
14082
83913
31459
88633
69155
18299
19852
57184
37788
66722
48829
78296
89431
24871
67491
30876
5123
70455
55281
35018
71574
43619
76156
62789
90950
22078
9534
96948
50607
16993
63892
97825
48208
3562
19584
87612
40430
52280
44615
92693
60271
56753
11603
31461
68064
82620
41714
78630
46128
70440
87702
64918
38386
94531
22547
15512
34431
23396
50661
979
32210
46657
6823
15281
53770
41945
87612
47168
85420
51692
40714
48501
72382
14526
52442
99397
41581
68472
31290
96970
52200
43334
13435
10788
7747
28474
10867
21
10005
75240
97692
51203
17370
81640
68179
89146
50225
90487
9273
77576
8639
65878
29078
10847
25770
1641
44561
91798
41471
18233
23801
86281
8813
50163
52608
96532
46792
75655
26555
30844
19046
14858
20995
69190
52901
51636
32822
62686
18500
23779
19959
49009
23494
5846
79274
7827
48274
52499
68505
43866
97045
73473
83153
21569
90782
54126
86885
5831
46337
77002
107
31533
32341
41099
98330
36411
78229
80583
43698
42588
14147
541
60692
55389
65505
60556
30278
7634
11286
94234
99184
14417
76015
51887
33153
35988
65467
80087
16587
11707
71886
15236
16899
201
49503
76553
63906
23619
25514
94720
51143
22996
32878
44485
14226
52171
31728
4857
99146
3898
57367
26784
33496
87769
55118
95043
52298
20898
25733
12751
92369
14259
66767
80468
22147
75119
30053
1959
15226
61404
66882
49120
50675
8838
13830
47100
90512
66043
57684
9596
59318
48397
90611
95332
62768
57268
70928
87870
13578
43913
89818
42517
81719
68396
94789
2906
2924
5279
19336
39906
17570
87752
83679
76805
74520
63187
19882
48449
23246
49069
7660
36661
44203
87339
88108
17927
312
90817
98551
71935
15299
12811
98076
68745
68061
10439
33807
74294
38973
81465
93287
20316
34043
35014
48096
29457
16565
89338
73882
43476
53389
65794
51640
2629
94536
3570
4833
70824
53809
98112
23747
63302
45108
46023
86795
49067
51716
11653
49262
42953
99190
82046
17059
16595
98787
6647
57766
38403
28778
99483
36950
1622
49100
50233
52216
54666
25550
8772
83283
72071
54618
96242
57714
6803
16030
82397
81605
66492
48811
3205
31968
64466
61623
33964
63130
91433
24028
16889
86639
24188
86935
67542
17215
19461
2219
48818
46605
60294
28859
3968
44033
48740
59603
11317
68166
34982
86271
7598
66348
47578
12242
63208
81895
90545
98625
15589
16462
19934
94853
36494
65053
50970
43069
18668
75924
31971
46378
64494
46518
30457
5105
86118
64107
2527
83772
94827
15422
23744
50873
78585
82943
39175
56442
37548
40738
7846
35667
83241
31422
13968
39839
32277
81679
55711
38427
10428
34101
37487
57065
41995
56467
3297
42383
87254
98481
58809
65878
56532
1658
89152
66283
97374
82462
547
16193
883
59217
33618
27053
20374
73226
30529
60425
89583
35846
86154
77617
36902
7202
70986
745
33451
38980
37248
24981
2705
89715
22673
55392
29870
20026
92518
63702
20925
8586
29420
7689
18908
44629
23443
86928
65262
52211
50416
32611
73594
32512
11964
67424
35850
65500
78162
69193
1645
14922
70453
28100
51542
9202
50567
74650
91771
7103
66323
81528
49622
28737
19588
32881
17095
96812
10924
82554
32368
97368
45342
44941
38584
36543
97300
94343
53993
6338
79401
14217
49522
28836
62976
99739
60101
32205
62236
56772
93786
70760
2822
81971
91178
66853
19594
7962
43093
57529
826
77261
12541
33753
79689
73351
16904
36610
31697
99686
61730
85268
22095
42314
38233
35922
84097
64282
31039
48228
33935
40511
78379
14805
3487
72422
31320
59222
37886
66018
87909
59449
26750
58120
34963
60982
26867
37458
28427
97514
59446
20765
5845
30706
57634
56107
39649
48021
61113
71489
41634
67063
1760
24457
29871
66855
58942
84018
92480
80658
90241
90411
68119
60621
77113
85068
42996
51536
84027
13261
38271
93205
68384
15244
38690
65437
15364
12972
78701
51403
64935
62097
78128
74759
7567
81893
23492
9277
21411
53525
58691
82171
67058
68500
22155
62710
3562
46807
31359
54214
88418
22008
49894
70501
73425
18804
75914
19636
48372
13773
61786
61302
55691
85800
48809
66387
69340
60528
45260
38614
99631
46481
90176
7440
2161
11326
84706
22067
92754
37739
74485
26840
75110
39700
46527
17945
11591
90740
35404
81559
87698
33999
30186
78709
2598
16168
58091
60827
83144
84459
54055
71701
60545
52229
34871
22193
53182
91527
95898
38596
45583
12168
68788
18150
28713
18655
97162
67697
46981
32268
96712
14150
1150
40112
90300
49865
246
2897
99544
20384
14450
85047
66899
85271
29241
82098
85768
53759
19546
54673
37846
37642
66755
31724
72286
17041
31786
5563
66856
26414
83784
53629
66399
7426
52473
91122
37680
64496
50557
21249
74127
14752
24858
2803
77138
32318
90712
61590
59668
35032
93283
6107
50739
19108
40749
98137
83154
57591
8554
65639
26424
57263
35282
72326
71439
22570
27586
37141
4646
65452
99002
2810
42704
4541
48769
83744
3555
73225
70109
85619
31513
76990
90235
24166
69138
24690
39565
91086
90480
46810
36359
12868
42618
99732
22017
65831
346
47902
6649
86359
90207
7996
63918
21147
75163
92215
13253
4476
21382
42936
1544
59880
50937
45361
18786
14256
29908
52596
95108
48523
76025
49786
57603
46929
17198
18685
24504
33600
83487
82462
75518
8634
28378
87489
23544
60484
97905
40076
69192
11145
49404
34540
42937
33622
92820
67407
27542
21883
85720
64331
81073
63088
77996
57173
2205
98158
98933
20779
14164
87569
22399
12939
63538
8765
81943
92025
65144
61494
29937
34238
43658
9670
61155
82979
13745
92731
24840
8858
41305
52454
60415
56405
80180
7198
96265
99597
7350
49883
42158
52829
37047
78075
98200
69380
72980
54912
4727
98854
97966
88656
97659
69772
5513
67636
93469
99455
2894
88089
5591
64273
59498
51538
67047
37748
48077
75188
52688
85761
22828
63448
11929
70675
99040
31709
15884
7401
2052
7844
7000
30536
91226
2450
70960
14678
47431
89329
56106
86144
47954
54767
66528
84660
74217
40894
31218
9960
253
70546
45378
48049
20289
9286
62646
22765
46191
65975
36826
89882
69442
15911
91708
98781
92093
32892
27119
98492
87459
24223
64392
85316
23197
92829
51523
43076
17591
15209
18559
29455
59587
71256
65182
91710
47764
30628
57670
32236
99044
25642
98723
21496
37263
21835
38050
73575
66326
38767
17847
90911
19901
27421
97017
82733
28333
39044
10209
26752
65299
81590
70958
79723
76031
82439
75748
1703
9733
96146
18568
13071
70880
8405
64709
66882
58538
75600
16203
51973
59397
35369
53259
52542
79222
66507
3772
22362
6500
75363
17465
43208
98717
67490
85184
51643
6929
47678
15284
48812
23157
83601
44924
53878
16770
78775
37954
97944
64371
69108
52853
69495
9387
32365
86760
2265
74380
45770
78001
22795
41057
7482
39275
77916
75413
78319
54004
14047
64378
19517
1775
16301
74403
63359
22146
70401
17162
1747
14361
92283
22507
54105
19810
6845
74790
59704
77584
85969
59649
63801
54840
11584
75140
48425
68695
89276
47324
92348
59466
39704
9112
62981
22548
96395
60623
76958
66171
34833
59896
54790
555
41609
96752
4318
43826
83128
42808
43467
61090
89764
93172
11928
75122
38330
75758
22001
87997
11945
70384
49449
23650
12165
36814
61748
59427
85381
40569
78477
29638
10341
41837
55410
56215
23524
23844
69795
62243
28167
40864
48071
16254
25140
9350
3463
24798
15992
67933
39537
57534
4258
62068
77078
64829
40358
90169
62732
19548
8251
26050
29197
46595
39805
32776
12150
4380
42699
15014
11369
68983
62762
21759
50411
93157
27264
18966
46087
29980
44986
2259
92009
57881
84519
96357
31524
55961
22491
14042
69420
17440
97453
90537
14205
86098
17465
63977
13202
90077
81823
57815
60975
1453
49569
47316
64088
87125
91273
41700
3927
56877
34817
56400
59737
207
61945
5444
91058
46328
1957
69170
25269
91373
76284
31118
93149
29556
17210
56048
65415
119
60286
65237
77685
6085
9389
84991
64300
15536
37677
52112
68311
33296
5771
61074
63074
99550
20311
99474
28320
8890
76962
51232
53573
73926
26310
19569
36397
47720
36734
22270
4339
82924
75434
6722
46011
15199
3117
96672
49929
8117
94318
51898
85319
10789
18170
44827
52899
30920
85249
41646
54350
78269
74548
52037
78046
21416
21709
38323
21709
23822
33512
68530
5816
21979
50114
77150
39745
11388
18785
53207
63406
47781
29260
69827
47912
64588
39726
72842
47932
12748
58647
7704
58205
42147
58459
3487
7264
13908
45745
91859
50526
10438
52661
89996
7158
50980
45447
14951
61448
45083
86281
96677
1979
46207
39205
38666
51352
29829
30757
88383
97357
1994
49721
82353
1804
85899
21205
95696
33865
93067
20080
62673
51423
5457
69830
25324
47915
5927
51511
82239
17679
79068
75526
81577
73553
4355
74107
69071
36090
30929
26273
74683
5175
82627
24200
5112
41371
66198
97220
58807
77691
73420
11500
88013
9488
63214
62844
69747
14585
64613
14772
64805
74838
16288
81943
68035
13231
52017
16077
80851
53291
37487
53761
42237
86105
62421
43811
75341
71594
14210
60967
51860
67605
58712
10660
99496
35186
16061
58166
79968
50175
99197
39965
8473
11806
52357
26268
41619
92821
22921
64123
15733
89132
8383
13765
74277
96723
92578
74346
68784
30650
21009
27006
88648
25143
50509
66297
19649
80835
51102
17269
51155
72253
89167
89971
17083
26118
88525
54806
47802
80131
10700
33189
91828
43966
77058
86414
45139
33637
80874
92190
1218
80458
52226
89610
44626
75713
85325
69001
80152
7781
98930
14103
5612
90996
4987
5684
20044
76782
38455
53891
55735
79738
85177
56748
3379
91008
71319
3194
23399
18960
27691
97598
46626
11770
693
63402
82706
58964
63031
16694
69069
35575
81176
46302
23852
91202
75266
97410
37675
48374
54212
4165
76426
44792
5584
62639
52143
59923
8254
93419
17794
65715
57159
52298
88016
84746
28587
22782
60232
85647
23532
99967
67201
74682
46544
20521
24722
15881
39459
20764
46744
81855
80594
41147
62676
47103
58162
56782
14314
76501
81143
8384
62499
46830
53309
3906
1068
4795
63203
36646
27157
42834
79722
18436
97075
77421
31258
99993
23198
82537
58878
40259
20147
96199
5827
27494
7379
20015
71005
14442
40707
88520
74306
24890
82602
77025
60013
63398
83510
17484
68477
10530
6360
8509
24019
44582
55843
54320
84023
74956
23472
17824
87699
77045
69117
81616
5719
2052
81449
87910
61427
72545
42042
18315
63040
95864
46744
76717
39800
63671
11023
62685
68249
46035
11633
87793
18438
63364
84209
73987
75654
92228
38825
57360
23395
61236
97621
37210
52140
58487
95830
84134
90292
75349
54480
80959
82416
96410
78316
62321
38301
48468
33846
558
79032
66808
34784
89805
53763
78334
28446
65062
71143
76576
91496
76856
34797
48383
49659
41923
4548
19358
52504
47726
43902
77829
52515
67650
74962
45056
11494
86957
3388
86909
25964
71040
8248
74386
24070
52433
44523
89108
11081
79866
57658
56705
76717
26712
50513
50551
30896
93229
34814
12794
29713
30142
48595
55314
74005
40950
8583
54698
58406
32641
93589
17523
70447
85170
72475
25247
36833
22590
47037
71623
63794
77982
49440
73797
16728
51569
95279
6874
85330
84663
71258
92361
12960
4887
41554
95547
59046
10170
76622
7705
98956
86958
43816
27541
73985
99172
42913
86465
35988
18418
43065
5686
91065
62610
68056
23726
23114
52577
45128
63882
51395
66273
64312
20653
31365
70840
96539
91968
61844
39502
79751
98924
94393
31859
61782
75363
54113
42262
72296
83383
64220
68783
88927
83585
24447
11447
62210
82203
68994
72746
5051
44358
89506
46316
29337
18534
3264
68737
52430
66785
73313
467
11314
97763
60844
22224
29822
44765
68399
18089
97426
14209
86202
60692
66384
3240
86594
42347
35422
77868
18464
62411
21704
76719
70800
9239
33116
64946
72370
15570
84748
95326
31308
26120
71983
11967
75909
72773
8225
63075
99916
55804
3742
22400
8335
55842
62827
37131
41829
85584
1933
1026
39620
66213
98384
51043
8267
96130
89313
29875
26010
52076
63380
81688
93973
6093
36991
47166
21253
38323
95677
63190
22583
46159
15084
89683
11706
92055
12592
53867
12741
24549
83310
31260
32655
50903
81745
62916
71349
24205
33640
61256
73432
60781
47494
2958
46588
89858
92353
60290
23659
31961
18004
87157
3056
98499
79037
75930
88124
62101
86655
7815
45668
36939
61025
27802
65664
59425
42253
66257
22221
68952
94482
43729
36365
82423
23331
97696
98178
98056
96949
37099
17303
77431
41125
36864
33431
52694
53904
95701
2195
38268
66777
82240
46720
7841
22182
52124
37207
61923
26691
43691
97492
80420
23902
74350
24119
99466
51753
24878
68486
98270
51452
23319
76393
71405
7280
5112
13132
3434
19973
92388
27681
49482
43741
49620
80348
67527
64670
28995
18708
32413
5460
81904
77449
35792
51980
55872
56728
87172
51834
21369
35464
29252
49205
68488
85986
52348
438
59324
81616
57822
39004
13384
61957
46593
81259
60453
87189
32157
75592
87118
72568
90160
56350
78178
15115
83356
14429
68998
28784
44423
15446
49536
46537
55130
74464
51101
22048
18563
95605
90668
72770
92435
89654
69312
13247
60160
84771
21682
79052
79427
5348
85725
86626
43707
69635
20896
54557
49481
5103
83648
58621
61074
97819
26499
83048
67233
4221
22454
2341
41346
75120
84616
45923
14439
64626
60077
29744
77255
21382
98459
96578
97818
22994
86288
41394
30366
4994
72939
50556
33334
46756
29710
42529
37765
5547
32675
10469
80567
39148
8468
99377
50073
64740
66800
31569
348
95152
91213
1623
74166
94834
65025
36982
78049
26355
97224
8233
24154
3516
38977
99690
44867
47963
93521
48027
82465
77445
86878
72288
84702
87246
47413
83554
53833
32146
4645
39790
24561
5072
64322
9908
56014
5002
52003
88329
57720
86182
30820
82373
77166
41295
50884
4166
17712
13365
3208
18891
75941
90793
84246
71897
76598
18178
12635
79962
13137
17819
58182
51961
98119
94482
3051
79111
35310
24555
865
49465
14592
85643
11844
55048
65114
74141
46099
42512
25661
36881
14035
44017
95153
12023
59947
34673
81981
7112
57189
88248
35377
38558
44019
25650
42844
3639
43464
57553
81014
68086
43995
92104
84567
61026
3528
36081
58078
81477
20335
3976
71339
55855
88658
98254
53637
20112
9115
11431
14229
38433
59508
84444
809
20187
54957
12858
53362
65406
23866
68049
5574
40972
37522
31509
92831
10156
28881
96897
81018
82952
30774
96399
12057
49551
96998
19745
77474
16019
85032
47355
12029
72652
3655
4359
15130
95859
7603
69456
53192
52808
29503
27847
61599
75916
31877
72161
60631
3784
1950
70582
18671
92517
38666
45252
48744
51985
34478
68618
63847
95008
99185
26030
26550
26857
82718
2455
7779
89701
80101
78452
4255
16755
51194
58067
94304
94711
99604
96490
98432
25078
96623
8754
81276
80635
48682
9191
56886
60406
72714
46794
40532
58104
3158
8990
12958
10744
33401
67182
35268
54673
38179
31942
93845
44993
70792
8726
74409
46411
5855
25394
7673
59446
76132
42740
68289
94029
27159
93880
52069
26941
23483
16159
86601
16986
42903
12653
19031
8633
30680
89164
61501
29559
74637
78470
1996
22897
31690
68174
30715
52810
75623
56024
16994
6473
47134
76797
42527
19512
93423
92504
11412
96326
56767
13099
11782
21733
88117
64027
19680
62989
94844
68111
57711
65624
73316
60949
16003
39843
66561
71710
15828
13779
6890
96253
44187
18798
40027
91371
3381
34878
28532
61542
17731
5969
36856
32205
64076
2140
66639
66566
77337
25363
35396
30809
40312
86994
12359
44338
99483
61528
17100
73283
25846
51175
73834
41535
68708
95941
77886
23424
11971
63166
53509
10530
62931
33375
82853
75462
53146
8348
46469
11120
50563
5451
21680
76969
62491
62983
23031
35390
90611
11791
65163
22846
80608
46756
8839
99808
90302
25070
10916
69883
84169
32984
14883
96013
64226
81487
39303
2997
76241
68391
40791
51960
3485
20342
63265
33375
20853
32375
81778
53271
34954
72616
86911
25168
7219
22380
799
50047
22824
4010
73455
52989
48199
98444
68204
27525
97106
45921
46812
2074
92143
17756
35654
79998
27431
63379
78677
99740
40904
13728
92186
70271
36163
4067
15015
15544
45326
94270
51028
31261
66082
52632
51869
84324
21694
71739
27234
41740
29731
29558
48166
67285
48918
84475
26193
82211
68481
35170
61006
19262
83090
31108
60078
20277
25083
84737
58403
31511
87568
84282
48421
42296
15885
21400
14960
20594
14829
25092
80292
20577
35827
93612
65924
33382
23461
2277
13112
49509
17900
80003
30540
57127
22102
68546
70926
44505
72724
58273
98931
72203
21084
90593
41715
5746
22791
46538
80168
89798
94356
87111
57491
31845
65444
42661
28215
45774
45724
82904
42364
68934
7111
98486
95085
41879
87313
35450
68475
25964
75404
39491
79992
44086
25487
54802
70684
51466
82674
42287
67171
63361
55732
44612
96333
72054
28533
86976
72190
73676
56444
61718
18107
51142
76562
47804
42099
5996
51653
28877
69267
4173
36838
1351
16144
47991
69803
55277
69410
34817
64141
62982
26115
56193
29547
78844
43284
43478
58726
96798
44152
62560
25188
81534
50135
78019
57613
64788
81085
90920
44560
94394
48056
14716
53407
44013
81917
21454
33711
17266
10372
72757
12249
24623
78439
5320
80251
58510
53959
77156
13464
82334
14024
63466
89236
79473
91728
12863
5433
59198
14219
16170
38965
96225
73962
97113
63289
42134
29727
30844
69819
70018
93186
840
61141
47018
7056
56725
89252
46746
92871
75361
77194
99104
44395
20235
83692
98286
21604
72025
36725
46363
34590
37906
49585
76610
88967
34372
30099
26881
32340
15392
39759
87900
8445
34265
88577
11704
31644
83593
52068
15712
30354
140
25404
41028
56131
3650
80365
7861
7765
98929
6593
4970
77204
8353
13189
3165
27729
67710
23085
22159
56958
92282
30540
36320
19604
64552
14109
5784
53229
81026
84573
26785
63690
88229
59022
78218
95407
92015
81525
67366
79746
13383
82621
84811
53199
3478
29842
83603
64999
14662
73095
11646
43516
49930
21905
20718
35367
52694
15433
61546
75138
69698
96942
1308
64846
54316
69824
39123
64975
85555
42630
79457
72779
57116
18218
46462
30286
90225
52663
51139
19081
49149
1890
68368
95374
54705
82814
6503
88054
39330
61222
49742
14748
80872
92087
2353
78655
15265
73459
75742
45539
80556
13376
72231
16400
15471
46502
7011
68850
26450
45557
47949
50008
87009
55037
76068
67189
94958
58483
64650
17442
56076
78419
17381
8153
35157
11257
65920
45947
2181
63462
107
21740
46236
85377
46583
76914
31872
91507
8923
71002
80793
66730
74418
90738
2164
52600
24058
44208
20705
85169
95031
55913
56596
70160
69678
5499
45831
57362
5962
62436
33623
89881
49626
25097
26307
8395
63441
20080
42480
66609
20101
48006
61991
60344
5553
34137
95797
25427
61683
17247
56458
58903
53966
10413
23323
30494
71689
11809
18784
4420
76590
16377
40695
93677
36268
58362
57215
37821
9046
46602
5438
12190
33889
67510
4155
17374
40042
47565
58244
44463
96366
51810
81610
48709
21520
64206
78848
44571
10582
24716
81951
24271
57228
88827
25605
75777
10400
2239
84434
8759
26148
66273
89674
10492
83728
89898
97973
34493
38173
91180
5282
6091
42923
7642
55135
85084
39292
57002
20323
75369
33302
1754
6757
23697
18405
82696
50466
29717
52982
92185
91771
27418
68285
34067
22260
18378
13841
66467
81014
33747
65867
47000
29006
14023
61354
1061
74476
69818
3762
3139
35812
55463
28712
73325
59057
54732
90423
29922
68365
71081
66895
90855
73882
78085
43744
27074
88476
16393
41252
41184
91325
11810
48946
27696
46888
48227
48364
90117
64206
82593
4018
11256
24228
15126
61868
93572
57698
11199
25636
33416
10342
42590
95241
19049
52495
32504
74990
32973
46531
95799
59305
99873
97546
25257
2516
31764
45872
30528
95023
56666
3654
59600
90749
79274
8098
70453
52706
96287
66779
76202
87179
26747
27789
92530
60710
22943
53275
58547
17734
77973
17800
86326
68672
84743
10109
87049
35985
52005
97766
73661
1494
60514
69909
11656
84113
97783
84574
35364
15403
2847
74137
94446
30797
94841
931
65383
22757
7050
29021
96887
94440
33465
26027
12005
11882
48848
77846
70176
615
21377
22219
30522
73502
17919
58714
94696
336
33633
76248
60483
38822
61763
76638
50665
34344
53156
31975
11133
35143
81385
41557
97346
82324
91128
90957
38724
56774
36158
94838
22128
18840
36138
22110
15543
94792
86992
10998
1423
62970
8487
29393
89042
20787
61643
94888
53405
19038
73595
19193
3570
91787
68444
41988
15319
64298
7637
88844
72468
63988
65201
59036
97720
27203
60320
87776
83253
72853
49525
76775
18912
52077
54729
51944
76754
32050
83703
9338
54698
15310
50111
79514
28904
80912
63652
28360
69491
2859
41965
88554
44596
32437
94663
66217
26393
15368
53953
527
30099
6020
32559
27983
94072
23979
48232
72061
14338
86852
51016
91473
13902
40985
7246
27624
93630
80089
36927
15555
49719
99030
47394
99111
77508
89992
12002
14331
33649
67368
2575
21389
25265
34614
17949
96589
45049
60435
68867
48496
39394
72296
44861
20047
66635
11773
24234
82085
47860
59427
36207
16277
22180
15307
35411
22209
38724
88141
75841
46580
47170
74562
80937
97209
83247
91433
96511
56225
2402
68646
25274
76706
29683
55198
86614
51827
55904
14492
73042
39536
35947
30960
62547
1436
93081
69067
42880
86618
16181
2116
53956
80787
39883
88150
40047
52787
42222
18495
53493
22444
35091
94146
99021
13746
2995
71782
26483
14749
64813
61398
135
53066
89890
95871
45772
80282
13943
86644
79657
74225
92118
99885
26411
91160
10157
48676
72770
56540
14925
46903
61664
36173
53868
45897
97053
73120
53508
36353
18549
98349
38002
73769
59431
51953
52345
67888
8376
56494
41852
37992
719
97446
23335
23913
75639
95460
96454
40172
30112
80691
37836
51377
55390
43972
80270
54714
84521
10188
67941
3182
11323
14148
76688
96695
99092
56583
89776
99075
60441
57432
41226
34791
99441
7098
6792
9335
96423
36949
44568
70351
86891
26360
58220
79502
25553
54065
43160
9750
52017
72919
73175
88269
60645
68097
91046
18686
56622
78188
10375
52281
40878
1432
21728
27119
11055
46667
33754
98615
90939
82509
27426
41292
44931
83947
14187
56813
6457
98293
62378
59995
66389
51136
55993
11486
80563
22532
96948
52001
96595
87966
83999
61521
77816
50319
15070
26722
48746
83323
35644
92490
34228
22764
43397
59076
29862
52813
51307
30894
54580
50351
32261
9195
82069
25639
41579
70658
12198
67053
24379
83453
72869
64383
82743
24043
42870
7772
12805
50911
14912
78666
52910
84239
64625
77232
63711
24085
76342
59516
40523
78097
87876
24095
39879
8037
370
68076
67533
20184
35133
47645
36698
43412
99202
62222
23823
59208
46183
17503
12116
29478
21107
67094
15216
41830
89938
71003
84978
96609
59122
50906
45452
78775
80808
27685
97746
62025
77419
75664
44383
92352
21560
34035
81937
85925
14733
91083
35304
77286
61070
99609
8011
96151
35266
75745
31939
91311
12343
38252
65469
8103
80090
69895
20620
7646
98816
76610
7525
18456
29185
38161
73570
7034
87223
73967
8736
6896
80707
23798
81889
33735
64840
12456
12394
28147
54222
20906
49221
84234
93856
85955
65697
86087
48463
81441
62413
81160
34477
93748
67073
51697
62674
69138
34485
29351
4315
6097
76455
93141
70726
88016
22650
55306
94647
77838
85746
11769
80374
15057
56568
12248
67726
68097
76636
76738
48015
77578
23726
88757
54926
60126
78116
25460
92160
92816
94168
30054
4994
58362
87943
93077
98548
54936
58515
28464
98490
6698
41665
89769
58042
25366
21628
10488
77920
22788
11312
25622
20796
8609
18992
79651
163
83901
53104
28833
42698
71949
48428
57783
76111
5641
927
24655
18032
1326
14092
98007
44593
66557
57049
64804
5978
28090
48623
5066
61078
87534
42716
97029
52278
64870
35505
95796
20972
96978
95460
45273
63088
45415
47823
32474
84287
74110
3535
50947
93751
82
8358
17697
30012
37350
29082
81320
86550
26556
19795
13007
25009
3839
83809
51183
84443
80250
4179
2823
58985
22238
16001
29403
25811
28480
37347
35600
85299
53305
19032
27697
45099
95205
64224
15918
90268
37349
16610
74807
69455
46204
59239
78533
91631
20597
56701
54066
50253
10620
59733
39293
28891
7936
70662
79335
32178
9272
20135
5080
76844
89275
50201
99994
20298
57894
15323
79196
38832
44794
34931
20721
66116
5083
80268
2318
17938
15410
61458
80624
95083
40748
51128
39764
24897
95001
68563
2269
52973
35757
73948
89682
63881
4323
5650
89117
24087
32149
6133
35917
65432
94437
59180
23476
11829
79384
74144
10474
56922
53525
49503
96776
17429
11850
82074
77198
28796
15335
13128
96382
87876
97761
225
9278
78507
28017
39043
23674
71855
39986
1296
21792
27572
49799
4717
25826
18018
7027
72293
38135
3429
30718
20900
79226
77388
21591
32541
35402
15114
42636
69381
16233
96344
41555
9430
45277
27440
48261
40812
57777
48532
76350
94411
32437
33093
27519
79447
46778
88844
44396
64282
26071
57877
26830
79650
44775
75086
45649
39008
54568
50989
7111
53707
10878
23784
89732
37531
68494
41082
61856
81102
5379
20452
77848
84646
70732
59306
5773
47849
96380
68562
44067
81535
60297
47881
70404
73240
84718
21501
85210
65092
14985
43652
84152
63961
54685
96948
8370
29456
78449
24392
5825
35624
69711
74178
39424
47490
65062
94243
39121
3171
44521
92404
18393
82549
83277
75617
77504
41830
14159
98713
63314
16199
93132
11055
5664
69039
42375
62876
51135
21174
11430
60347
60616
87482
30197
72651
83095
69149
67554
496
20460
27941
17535
22675
32909
28123
12100
99709
73282
31212
77034
99584
46679
54251
36529
60495
27230
46989
84602
79393
15114
5036
81614
37553
48533
15845
41013
73121
36507
38073
8224
64402
2589
77616
18144
78189
65567
12913
7340
74910
59082
65195
22848
44052
41995
50192
70712
59107
80818
19348
76025
60833
75476
67826
27048
53644
81161
20167
32400
4002
87150
71542
6433
48616
63684
70818
72683
88548
1648
99415
36903
92611
10873
22338
26607
37940
66797
83988
10498
30475
74524
64099
73025
15838
76795
87305
47252
64459
47971
28738
40421
88081
46383
48434
72451
73938
5730
30237
1921
87224
33758
28078
43253
20524
95598
42801
54233
35712
45885
10233
79725
25383
89437
33786
9875
9560
43361
48495
27634
34863
27779
90198
60916
4651
1695
15343
28968
2961
41429
21985
79681
21927
63595
63029
94292
22362
21993
74072
98782
59545
76988
25245
62139
51063
48372
59034
39504
30893
39557
47270
84131
87926
42889
32833
510
91154
66077
16748
975
5667
54655
21260
44779
60595
18231
61132
65318
96972
56939
3800
93404
13022
37481
16451
96236
9116
68577
7105
29015
63039
2632
83309
36678
37698
4822
57797
2529
79460
8968
84521
