5805 47
92549
42911
19887
31788
93820
7051
45264
60090
59412
46181
26873
2349
45085
60424
2771
62504
1470
39616
95262
32133
15311
38481
36717
28142
60797
48433
8552
38181
47273
68137
75401
70140
51560
56185
52383
50686
10244
37681
54542
98020
83610
97208
8813
33921
94395
64457
82375
4407
16299
59633
41083
51263
10149
19314
37179
44453
32821
30467
69904
56009
89500
53581
47221
99232
10511
8048
59927
46960
9464
33148
75196
73400
52980
23032
33753
97030
13267
83423
78362
65375
13692
63678
30238
49402
6118
89015
27640
89221
51552
58978
45168
543
87722
5990
18304
81052
59577
9156
54839
48805
64343
48332
71225
76757
28225
22950
84668
23228
81383
46251
77965
22944
44815
3529
72265
1079
88019
79938
83909
97742
74910
43374
32455
69414
2419
31636
69578
75762
76390
26421
87837
40858
25761
25698
30309
51867
95553
85409
86263
3972
89142
51276
41151
11290
35398
61489
95227
51989
2122
563
74528
28929
51792
71015
83061
97022
68632
60536
25523
29281
33015
17924
85899
33264
68279
89053
65632
71274
50132
93289
39560
90621
83456
42082
71504
60590
36544
7382
72437
94772
2157
16008
90027
16381
5653
18542
9882
97480
46839
66257
50652
32841
92491
99824
68672
28776
6615
46397
33802
65666
9243
85918
2033
72935
85798
22157
14336
23002
88702
20121
53526
40597
81884
291
33413
35426
49165
38849
52886
74115
19507
26239
36676
52170
8706
64537
61437
35777
17027
52610
13540
89540
69748
77248
56593
18690
61126
82574
5999
59776
61022
71224
42814
13174
29493
52995
13263
54128
74776
74114
88746
39215
48809
32098
98987
94853
46396
46335
51072
57084
81466
86253
76173
39119
48929
41008
78825
50351
65442
41412
57342
39488
77602
72373
22701
94361
24026
80904
80007
82280
64087
11697
23029
47052
69787
63034
27537
74105
41465
36003
64555
68311
7261
33340
70981
3363
40258
25677
18871
86573
12826
75087
71948
90616
71433
80432
50147
71646
51978
67250
94863
69833
56969
79116
34104
40986
73927
25320
5015
48326
42234
18628
54301
23092
43594
23313
34893
78561
66101
88631
85085
17052
91980
50863
77018
67082
20820
72615
71265
26883
57989
69634
41030
8531
33326
94741
58545
95034
63568
14507
55836
99661
894
1346
96471
80626
50371
42124
48196
86312
51004
58479
76795
58749
99002
79621
10598
28373
73473
36796
92198
32906
48300
20407
27085
66374
52839
35275
78178
52619
31891
53283
95392
84812
16709
83965
92599
60146
75015
35627
31466
22968
99222
28819
2287
86702
75107
12208
32722
61178
73234
37230
95282
20754
64094
26417
70690
69571
95411
69967
44234
35118
97586
73361
62820
35109
9104
77014
87775
20850
57687
71664
84799
75729
71524
44613
62587
50577
16391
25040
46909
61207
36742
60157
53830
12379
44443
70768
65831
86185
51729
77151
53257
69601
86603
61268
60550
41719
8350
45836
49070
47444
34546
46970
94243
76979
86820
79716
15166
41829
44263
18149
47719
62574
55262
51658
81248
5990
35619
11189
46523
38968
68996
57213
77920
62790
50400
50412
75144
70371
68399
99263
72388
17239
27640
98313
40151
95935
38648
84177
43000
75659
74625
69584
5841
10110
63544
50548
32802
90833
22423
47199
88639
48561
72361
73768
11373
7292
98577
43737
23754
76136
52227
55151
41282
33052
36969
86206
11962
97748
96735
12043
21609
79681
79767
63087
48602
24967
54550
2971
8940
97886
34773
18414
9841
39410
43490
76320
93586
42595
636
72891
14378
77253
82779
4285
17127
3265
37093
98360
4748
69618
39961
62546
33906
169
55720
24133
45058
66698
77687
27871
97628
81932
75520
24355
2355
95933
54958
43206
68463
30172
82595
75283
62474
94333
72213
80936
68755
97864
77197
96983
25998
24250
18311
93126
6354
95810
60181
72559
24169
89158
7868
56736
79508
75644
25461
73564
83844
42641
37549
76505
41570
40646
61381
49856
7113
78445
39955
75824
21446
59760
31904
84379
54367
35883
61480
32327
52937
52429
71069
15791
5872
86363
30660
26623
96883
84621
18517
14683
48293
82063
67295
38137
40397
68257
81059
33954
32679
51831
1621
6806
45665
39130
66686
39173
79295
80933
4732
73814
67287
58089
29664
90083
51894
77769
70094
50907
45049
39903
51841
71039
27956
38645
89701
44838
3279
68909
60315
59354
78308
12986
27513
99192
68451
65860
74279
30964
63086
32008
59715
29778
48733
64149
99230
4558
47707
40977
26461
32181
80966
12562
95512
92905
51347
14917
97086
25825
26696
20490
92399
12519
77441
20374
80673
3544
58572
39376
18460
89192
11532
70676
94462
39547
56442
62068
17655
26541
71391
46258
27182
69163
18043
18918
43355
54424
83489
50046
69482
65065
96345
9913
10590
92393
18397
72491
82284
10645
8540
20573
26428
16161
72218
16906
86156
36818
71630
67043
84364
99554
26531
87628
70851
46335
98519
62940
34312
87884
85599
64609
66442
42526
59585
33241
9833
56192
69080
91578
28090
71120
72468
61387
45607
90559
32887
85033
22637
26517
4345
37764
53596
41803
23973
895
66778
29648
17754
77235
29441
16485
40875
15884
66236
91424
52992
60971
74350
63244
70386
10658
41036
26631
41171
55547
1437
99971
39427
62321
46561
40582
21148
58358
57607
62411
85351
47308
66134
21694
49061
34699
82405
57859
59655
22753
26786
39152
23926
21869
80975
72398
68716
19203
98752
11388
85177
20524
24991
54092
32159
28643
60489
36517
63094
85817
50574
79519
19881
97137
76532
68618
42007
48261
21492
67975
92306
42495
47804
38669
25316
2849
46635
95621
6661
33822
58648
50638
82278
49982
92588
24219
40554
7358
10467
26448
80391
37037
46704
36713
81897
11632
32726
41938
17391
90687
83951
48112
81997
10343
51112
68311
2824
99974
66275
22833
99613
94865
63892
44126
99611
46737
86116
88910
86820
93058
30130
2345
14095
69011
69101
50439
31497
10185
93211
53336
24784
25787
48949
36126
46326
52503
69128
95630
76612
16508
24117
67635
70293
15486
88306
51626
47735
2822
31016
34183
33261
40175
31059
12559
48879
14986
64741
80700
57480
68762
41859
92444
3031
62553
2854
49649
10351
2577
74491
48147
77688
32036
29699
18250
68555
21381
25876
87540
97178
71804
92822
5829
87365
64806
50279
12834
58566
66482
55032
80101
18182
92101
37230
87292
83654
44983
8482
46410
9783
85012
17793
11524
91746
15484
50892
88342
51649
94692
34009
62459
38756
62131
78928
73448
93325
52453
46799
51522
93364
7563
72231
23300
2532
90569
48477
25818
38268
47543
50505
58632
53263
18689
69914
47684
15268
98951
31761
84183
2199
90429
6753
76128
42934
74859
22101
64785
73348
1038
24938
68016
61562
11638
54161
95671
86849
18087
97935
54165
49209
99640
26140
93227
91221
78998
14215
57008
19357
482
23696
35789
77451
43247
67053
37442
20334
23461
31366
18367
93130
65057
61753
27019
46070
62834
33078
73568
60061
17789
53124
76621
22558
77434
71002
67764
84811
17589
72455
34185
429
32430
19947
65849
58271
91866
92540
78912
56142
40128
37794
43826
22304
8028
43450
86035
57002
85375
97687
7967
64088
59949
92348
55683
89833
74046
82244
3809
82768
24445
78810
14064
11477
81708
21089
86330
20018
34718
22510
93021
10102
69404
83240
96106
92101
35201
12687
8073
8277
61694
93138
24274
20563
5814
46904
46582
73532
98530
79128
86164
46309
69327
4225
43908
14516
29659
71187
70736
27204
28572
38051
30390
34628
63225
475
17608
90201
92047
6487
1451
9944
84941
77129
9691
22285
40376
93399
11750
70646
30984
89880
3628
91336
43977
31994
55110
31466
27035
21695
99900
55125
90035
56955
81805
56698
64440
31288
81322
31484
230
52786
96411
28561
19438
80156
55161
25350
42932
32121
4723
72600
77072
35395
8234
11835
49165
51175
44116
7927
4301
65799
27644
84774
75811
29239
99585
95959
75800
23169
47763
36462
41319
86977
17689
88834
56704
23689
44429
55326
49289
70686
6045
25569
472
76729
54316
41821
76634
61416
62128
96891
97552
54954
36498
24150
68045
23574
40050
28572
72985
3253
70112
52656
51696
69699
79171
90090
48036
89106
73589
50198
37047
11079
69189
37329
75778
85659
43092
24399
10801
51771
21945
80183
71716
98760
80222
72293
7087
53752
53824
56071
58747
18964
77874
2337
29347
88920
69307
25962
66840
32342
73811
19180
42078
95443
74762
37704
15917
55944
15874
77231
77872
71074
73072
92618
44777
48610
90526
35571
89739
91902
67788
72666
25119
77694
22474
96929
45120
18304
38272
43201
46366
83893
39558
1954
27263
24002
25357
67238
26425
59360
3252
25311
29497
10076
42963
63509
29088
15863
21172
31073
41632
17351
47349
96308
74852
48372
33415
60273
11589
14684
58098
69966
45365
66992
56143
56856
41432
38900
3276
22988
89222
89667
13772
37182
4843
65033
53508
65590
62503
66631
87455
14350
44975
467
84923
90198
18026
85813
31114
72784
35828
35371
9969
20180
78974
26789
81932
71052
83692
73194
42249
29081
9845
67826
12489
88653
8135
77513
12354
42767
57313
28562
77663
84378
89175
71458
96670
19646
73873
24481
8849
22206
28780
68269
67678
5648
22296
53686
2239
7968
71736
87075
8099
31757
70213
72939
26059
62986
96587
29181
90509
16959
84139
36697
54517
102
89207
18804
9535
64270
85178
55352
21502
38011
95757
74082
46872
55012
59458
78243
26183
18611
48765
95487
21594
20681
90518
91440
83314
72151
38265
10724
62918
50182
53638
84283
26047
42448
52594
21834
37981
74725
53059
43963
64112
9639
34680
4555
19647
30831
14687
72746
55621
66405
35868
93086
27119
12651
3561
84321
78207
64883
24912
85694
51404
62661
72531
4664
69695
35834
45125
34563
8952
27171
38479
97641
89799
50211
49163
72967
18004
79921
86764
34989
15959
84247
92596
45697
79840
77653
65693
41468
57617
84287
8177
28364
14495
52570
17009
92784
9909
79300
72626
70784
5840
92073
93307
83682
60836
32814
86376
62070
14037
13962
85259
70027
92639
20904
74566
62695
9551
16071
57138
38595
15496
31673
46970
87692
39615
71144
92096
36
9407
62860
35352
35391
3014
96470
25992
9415
28710
68872
51567
17912
23396
79771
41723
42820
62012
92920
90448
11536
4124
32287
99848
29365
47908
82851
58541
3424
18061
64044
61025
68787
23647
1844
39191
24066
85625
58250
8215
74838
22861
47762
90206
25005
1825
52867
80444
7672
56879
63655
77748
49020
42469
75935
75679
78226
47046
22716
18217
22824
71656
38471
59891
50493
99060
55259
17103
90824
60745
37221
30311
69233
30937
49899
9239
45750
15722
17858
87182
64008
57046
53110
30481
60780
96172
84102
57464
86267
94317
59909
26767
36514
42576
71162
66582
5570
9150
20321
56865
33105
28246
38312
13145
43479
79051
64723
36025
15474
70017
32280
33650
15187
10035
4900
17223
72543
27664
90068
76178
16239
32793
46556
10397
44272
83717
16740
69770
69123
350
88806
93196
39390
98593
85106
46987
55721
23713
87242
59524
62178
13061
46278
54791
59001
77477
55313
33687
17301
23249
32617
86605
54574
93003
56835
37173
35089
6184
55333
98160
1567
11698
41579
17264
87309
53545
30019
36351
37094
56573
74128
61241
72004
85942
33739
91245
53083
77517
66141
82912
88078
81584
43270
21418
82072
83553
26457
80726
23333
28408
89054
22310
18134
89628
70351
89710
50624
36398
19835
74964
31085
32511
87686
93975
20378
68084
13671
92676
42648
52105
24489
58914
34283
88908
44522
84519
99886
85853
31295
27169
83340
94261
32430
52942
48296
73180
90514
39620
7031
63312
87163
13003
85185
80965
66475
22942
62435
2208
41978
50541
18032
2971
24851
97501
97995
58533
84245
74182
37998
42911
54547
51828
80359
73055
38517
45896
59798
26832
41204
62100
12176
43120
26210
62306
6719
53425
8959
35342
24416
33337
86789
14439
9859
90114
69117
27090
63150
60347
2984
48519
82778
34501
8247
55537
54261
92247
85619
62706
78655
38810
6742
31966
78221
92045
73040
38587
64617
79394
84771
60231
8879
18911
54823
26770
88657
46335
53479
32736
73525
74958
63330
2344
62578
87217
90250
62808
35830
70267
30185
41166
72675
55545
77143
98592
28045
2503
87397
4565
97342
11992
92374
71786
94642
41747
48736
69902
4795
66096
30575
77319
27710
6655
23875
59371
98228
64418
45357
59687
33803
50989
32469
91931
2274
50541
35031
67804
22992
8767
70818
77649
88478
11796
35864
13782
66216
6707
40720
17244
28864
34775
29431
80295
2315
17933
30859
66991
18018
92760
22302
85408
93682
87309
14393
69145
86205
86583
35895
38161
18711
50739
35622
17101
79881
68149
30057
91531
33425
45857
66264
20155
73312
27027
33758
33921
13979
45913
41178
48852
26491
70067
33119
95009
75085
23097
88853
3337
83123
51893
14933
84479
60064
64389
32529
27371
20672
39867
11881
37418
2286
32925
64727
86443
81052
44645
74276
59411
37551
22017
84657
1530
33823
37652
77359
60429
8859
27667
41543
97770
28132
45417
76819
5254
53646
73204
37635
49674
51010
81830
63385
53362
80926
98277
55245
31309
62899
80331
36394
67071
25893
79911
69071
30562
29839
11386
49007
85889
67517
26778
54289
79516
65296
20915
36945
39143
62430
27873
39581
68651
70895
21847
37784
88227
6433
50171
77179
80735
9189
86759
65487
78053
66879
20010
76756
17867
88554
14533
63965
43327
18
24207
29202
4479
62424
10097
88717
20801
22257
69994
11069
63372
22119
13037
99142
45565
39511
84446
98783
675
1362
38520
63379
35555
82236
12138
26817
19861
85136
97493
48987
69669
78938
47408
11882
34132
29115
66725
11305
5300
65096
33841
57030
431
19403
84904
36836
38016
15489
74894
26715
66296
75482
55519
91798
75323
12413
84328
37748
65825
78881
34283
21736
89494
22101
82047
73434
71801
33177
38862
47300
41953
26850
60949
4501
40787
22650
90632
63985
7117
29534
71627
47278
92735
16382
77946
88793
76716
90400
75394
79471
46702
56286
57254
25253
37967
33155
53947
93921
31600
51442
83724
12094
53062
55775
85655
87787
36312
95700
57965
19213
62051
17038
45046
65433
73142
43837
41995
97979
57495
58343
96954
68849
9884
14501
89606
42800
88850
28229
99588
93567
98745
69831
27872
44823
40517
5888
65909
17513
13567
47578
89272
48408
59010
5937
45198
49370
39135
21111
73201
4828
13306
18225
22288
77435
42859
38329
98092
19115
11773
30778
30075
1620
20050
30711
46568
13392
41277
23812
17937
78798
57191
93002
64808
73714
79563
80680
27891
56627
98522
73069
24173
21884
79959
94079
44962
3980
94715
75735
40438
86581
80435
73282
14719
89120
80797
18242
2598
6120
4719
28971
50506
16795
44560
75526
70590
26428
10973
20145
6950
22627
86309
44925
53213
36380
2349
69775
54610
36516
21933
27872
83398
88239
48177
28382
12048
50852
29497
76552
51418
22047
23706
86165
81537
98510
27546
60621
83480
61461
98584
94062
7110
3211
25026
10729
29283
8282
49052
89155
30143
41027
71840
8373
48475
41815
86937
61324
60302
8735
550
57034
6626
54517
76989
16514
68981
1865
98182
86752
42008
41117
65820
95967
9490
82986
98736
17329
77918
73944
50245
34394
57737
56297
31988
3605
69654
6767
68170
77454
68890
8370
91653
36518
90912
15531
22971
50291
12709
95563
44563
90077
41149
87541
25321
95650
20653
68543
15375
35379
50031
45910
5511
47573
52529
64727
18698
7393
55542
84342
14628
78243
7059
51867
88021
31999
67123
14848
94673
23335
37844
23061
57025
92646
66855
32028
31584
52121
21780
46253
40895
82417
56436
9650
43394
97970
694
3468
53920
58743
3898
17645
46951
18220
84217
4700
87350
3890
74235
692
81569
84030
62367
69477
38320
28923
48631
29490
48064
36931
52201
88305
50465
43754
64463
43310
52214
75091
99192
89320
35928
2297
72453
7986
69844
46216
4140
19796
91272
54529
76792
79368
64106
2681
9704
12669
83873
39066
37900
42231
12841
27137
60331
79245
77268
51582
66815
1225
7940
62871
34327
44780
52210
58950
77140
62247
3818
69335
10701
10051
97484
93450
30251
84378
84268
93143
83117
37820
25811
90245
47814
77739
22204
56369
3546
60256
12824
12718
32517
10724
13547
72319
86643
99606
51852
38878
59209
67019
24329
18361
73147
62858
23968
4880
46515
56556
91495
42136
4401
71907
43206
71803
64261
96623
32280
39669
44919
99530
74029
23192
68991
57213
63115
85674
44077
96104
91336
46626
18243
14591
32081
83982
17302
5768
68422
82064
82736
27710
73564
79932
75057
32880
53466
67324
65866
4674
88477
43372
25536
85611
99764
22590
79727
86070
12196
12247
69124
62338
83525
44881
42978
4513
771
15095
63294
44349
68638
10860
19811
71374
32362
78532
38383
98597
17552
2248
23923
18468
46987
61014
26519
4868
8620
41408
4852
35278
2230
35913
98904
56962
84899
20139
34630
32403
83742
67923
71348
91433
17222
17282
27851
35774
88433
99278
8842
86945
18471
24064
80834
5878
53218
47668
5307
13076
8469
1116
49615
14053
87138
47997
97610
42570
93667
51504
83696
79828
5506
40482
78006
16364
4480
1908
73032
63437
92914
15868
97026
43012
35231
43491
91543
49015
28835
62405
59437
12891
63631
84788
54142
60380
95399
15957
49785
26873
97379
7296
6047
7877
68527
23460
92679
15623
90251
8802
41882
17179
17163
89646
2679
1167
68952
57137
1840
68391
37357
25833
61004
43801
18139
79431
3875
50706
28358
16399
72133
41455
79589
17500
24947
48932
28390
82106
84612
27545
79559
40234
66113
24872
12254
41794
67402
22849
62483
74090
79631
80518
67681
64256
42008
23119
87128
15605
75101
90247
98077
65966
50958
23404
78600
52195
23500
64211
5670
89059
48558
14082
84757
38574
50366
82165
16843
51706
7418
58714
67695
9007
5235
4149
98045
47467
43537
42844
12998
83646
67981
55387
24014
55919
30645
40465
40173
57718
10315
4081
24879
9567
86598
62691
9172
88045
93520
64289
45840
60373
82375
19450
12844
38207
64540
37810
931
54217
61367
35008
60006
63235
60497
49711
18232
88244
33592
46077
89651
69619
83151
11647
54017
17967
8075
51803
65220
49064
82167
3052
8463
76499
92081
73762
15338
43578
1771
69183
7090
1850
20171
58843
55830
77603
19979
51361
31259
70620
38713
73520
21850
67068
32504
37339
34013
44978
33118
3274
23397
40317
80724
55703
34343
57493
94553
66801
85322
34209
89855
95036
54602
1886
35596
31726
97560
89950
55546
63795
44088
68807
35640
77995
62178
87312
43239
57031
67330
81351
72893
95536
96120
38638
28294
55680
65528
31865
58462
49223
7434
24754
53144
21159
88876
89654
79738
78360
93067
72693
19806
65221
23598
11925
34291
91021
23563
24175
85978
71970
45712
90641
11306
32398
37531
93786
38541
25769
514
20801
7360
64420
59053
22607
48278
27970
15222
76736
82902
63609
28112
41607
36600
22933
14685
31399
91596
51446
95190
33018
63699
8909
37159
97997
28452
44802
25584
16994
1321
46897
28774
56269
73823
66505
92048
94999
34010
86732
80746
16575
87806
81106
58053
16468
92999
2117
54789
69244
68290
74374
8098
91248
30674
166
48136
85085
73772
67630
14359
76132
94138
63289
32515
88827
70076
46293
65748
49259
65283
27045
7176
35408
6708
46529
34252
78652
12779
70132
3527
60276
52373
49533
2287
70641
22581
25007
33682
91712
76480
97362
50798
15266
59425
70527
35609
52077
8886
7016
17306
85449
71537
38286
39854
53908
62519
35464
80869
18559
50308
90403
31106
95695
40806
57564
57982
81373
60990
81287
82085
81430
36962
90380
87287
84091
91101
43973
3849
98338
18893
77410
4353
76371
71492
17221
51390
47436
23464
80006
13166
32286
62131
79472
66070
10318
37876
6242
47949
27989
61772
30223
48449
81151
35185
39774
85425
10320
13486
82603
10353
41402
81793
57316
80458
72969
43772
2412
38007
20311
41830
22908
7881
75704
51735
2461
9699
95344
6079
58159
70462
5943
84351
71365
70247
83740
4301
34695
17404
28991
89365
92783
86387
2518
6419
40940
70419
17033
90682
23395
5017
33238
34961
47144
63860
13837
28240
92265
74122
69173
66183
21092
96657
68901
42903
15051
67990
85036
89879
37095
44761
33354
41489
40787
6766
95477
76226
31581
27870
5173
8957
69608
15941
70727
93065
11884
5266
17342
91678
95956
45961
73885
64268
90335
91972
94335
13269
95296
17134
79663
59534
16383
21703
40336
32578
34678
69987
72599
99982
87220
95658
15340
68134
70525
41625
45996
44686
65575
16288
51114
52930
49823
19299
40841
55503
26306
45657
4835
58744
6085
85615
10822
58770
21550
93350
77650
85320
22616
65585
65788
44792
45682
92952
44206
45139
32001
78295
59972
99841
83802
70272
54801
30139
32009
78997
48344
2383
6189
5039
76051
56864
46968
96314
40431
38851
3892
79382
96686
13379
61785
77335
45412
84958
83000
95366
49915
94854
32692
98495
73360
37953
33059
67761
91603
65129
77106
88064
27690
91148
72286
75782
12590
70925
10171
36974
42764
10818
76305
61144
90694
23028
16762
93080
92560
72866
51653
38486
66996
28670
30967
31279
6766
31182
56228
65683
68400
26988
48538
82309
8063
20519
19895
56095
11604
9536
47885
81291
84765
93166
44230
89386
43897
26234
46490
29425
75839
81187
76922
32391
84664
50587
52904
81961
70144
64041
34460
49926
46697
41189
31778
39331
86296
74975
7671
35160
74246
3224
35919
13681
37376
47815
2513
12622
33064
96501
82713
61124
76337
95010
80149
79834
37447
88414
38825
64876
82405
6928
94220
92139
51421
58643
39368
62171
89812
36820
49022
27667
14083
96757
57471
93057
311
25965
38548
48900
93297
63846
64568
85040
82535
5117
70200
38381
65441
77222
70778
99992
89597
26373
34771
92801
78604
39350
22382
77611
2547
59526
17260
21039
99435
86264
40927
36666
62561
55137
65231
95914
34198
140
60021
75989
57408
45718
83138
63362
85063
80979
51161
18062
92585
45287
15344
61544
16951
52270
44180
55925
64885
38358
27554
31661
45630
96639
35086
5116
41950
86466
2784
38882
8854
37031
75442
48819
4028
9356
78708
95928
52760
85573
11208
89932
35720
93975
67974
95392
15068
88476
90232
7544
95227
44898
16991
81484
70173
92940
50221
97543
74894
67280
82089
91851
74353
95575
26222
94763
70779
79360
9324
69904
3060
18813
38662
29940
21562
78996
84658
38378
61661
84223
5916
37140
86468
57996
2435
68780
52166
1822
69530
56508
79218
96203
38089
7333
34664
73020
35082
10620
11614
13744
34732
82472
10524
35577
82803
8934
28927
66878
50006
87653
70874
48567
93055
87914
4432
67284
6319
97389
79739
86646
70583
82842
9449
69684
85312
48561
30458
90295
20868
54854
71395
12318
40115
65698
38990
29148
46032
39552
7800
80533
37841
87185
14993
65252
80610
95673
9375
66392
76577
85391
95836
23187
3811
53569
83411
4393
42287
84334
16583
29991
4606
42314
7532
51145
21378
31421
99244
52707
26811
94340
71524
33913
31139
68527
90116
45095
55747
23361
99826
44890
68411
467
23111
25620
28671
67761
71985
80428
39957
79644
50063
13100
1688
80582
30489
97266
94775
64345
71477
70223
12886
36817
22595
15467
21836
23197
86642
39007
45732
54210
35976
98105
80573
60632
38910
53372
30057
35275
58529
81757
82130
52411
16819
86055
21872
66524
79496
75863
72628
90903
32010
65889
84609
37767
87317
75306
43725
84445
35067
23340
3268
34813
83649
30325
2725
20670
64192
87912
65795
22414
81157
35834
98054
33164
26450
5942
78920
9356
50363
68698
89240
79446
95497
36440
80538
11591
69947
3638
5093
76494
73280
14542
6435
84561
21149
36815
48341
95206
43597
86906
87949
40730
74109
61093
75185
90765
64812
51963
13599
40404
65969
69883
37123
40054
54612
67829
81091
78256
78675
12656
54452
16241
49823
8774
93282
48350
12541
90854
92428
22543
65254
49873
72389
89295
59143
3101
75540
71968
7105
46806
92181
98262
36778
62872
86806
59127
40490
5910
8411
84866
68575
61494
1786
27908
20698
4371
7424
60292
1664
36826
81162
17368
21226
16429
85965
43438
52325
29475
70158
65509
22834
20485
53802
1297
51207
87507
32496
61466
27628
2109
57570
87613
65951
64106
30072
12041
16401
44981
50749
83268
56038
79083
87855
86916
19513
53326
57059
3990
26294
51317
71871
13050
19838
79274
82783
88101
24806
47050
8497
638
1433
69577
68825
97441
73361
26988
47597
92799
92866
99564
70265
20380
65168
47353
25916
93296
70227
69173
67178
98855
79066
70645
50088
55841
85797
86020
1907
40818
42601
97760
90969
52323
49424
45082
22590
54063
53207
98618
53689
36263
95311
42777
565
81998
83676
13221
4880
11038
92633
45313
93823
59873
1329
31330
68520
19193
61319
96115
75686
65337
3792
55794
1257
17577
56948
89137
39315
21062
90000
83798
56700
68352
48599
10875
5135
38394
15724
39118
85579
69421
49417
5074
3908
13253
41980
4381
81791
26242
99557
90456
13881
61849
9753
66210
13760
42705
47746
56685
83000
36454
93629
32639
41239
87913
99642
29330
67689
49118
15871
78580
8558
93853
27014
98728
24055
92530
24474
30276
68333
38461
59294
8081
46602
70706
92454
59823
97310
59770
38172
8174
92203
96528
86396
84533
97545
84645
19032
81886
51715
51676
8150
30264
39800
11919
39053
51300
88347
25672
28715
14425
99187
26473
9970
95424
49147
90469
22198
79929
31459
64260
1153
31316
14574
88483
92911
86072
92178
28017
39026
62944
26203
89203
58383
60601
50921
65377
53855
44197
23469
60871
79920
82651
69135
68166
26785
24293
69675
61424
45673
9984
32400
40815
87569
21088
21440
61183
33781
61993
67955
24207
31911
56183
18483
33732
10348
53591
73441
67157
84989
84267
30735
58800
76103
71434
99
52148
12012
10046
81787
31253
51232
91589
61636
32348
55564
28976
75041
18180
37006
60647
24138
90046
95479
56067
84650
77517
47980
28242
47904
90091
51718
38263
671
34946
24306
39367
54095
39956
8018
90029
35337
74771
1914
24487
55167
74378
52627
35302
50162
88530
21499
37778
69081
638
34787
44580
99393
74480
28016
47051
87719
65153
98619
47495
52640
51677
71729
8273
18513
2148
35123
77905
87575
23243
17207
17574
71041
9753
5893
93250
23761
44778
13563
58155
2111
71183
96746
34235
694
34988
19734
65184
31733
48825
81114
44253
78863
57249
9058
69448
39019
16614
34063
79946
70245
35132
45431
88706
63371
41289
79202
12450
85280
34027
33806
62800
82397
60370
20940
7015
48651
45729
97984
27091
29578
55730
76613
68153
29774
94223
68775
28364
37532
39258
57927
77049
24177
56357
24186
77788
42779
60955
97994
65960
16767
61589
42996
14787
43729
85094
88681
90152
82943
67952
13869
56868
52807
40588
89595
69593
66587
79782
23519
58270
92420
80734
81850
55676
64829
12617
83681
37139
43572
38798
27806
81459
87852
72873
25582
37092
59933
36811
3393
52606
11026
21048
91486
64433
83818
18023
97532
22655
5209
25478
38538
15453
91140
46068
26216
49301
65736
86053
76171
57543
25491
34018
26845
92387
46185
38726
27611
79761
13984
97953
31797
36330
5413
66265
16337
55836
10581
77220
21321
10442
72389
12272
70056
23977
12059
45915
98929
60804
93170
15259
33624
71576
77178
33079
78759
15225
79445
24364
68059
47724
66747
92745
28068
92171
75255
72179
12520
26340
15496
67330
56417
38106
34913
84482
17786
54850
77097
68947
18614
72775
53499
2186
9993
24231
87687
11534
39997
99764
36976
33339
74862
40212
97740
21666
73582
31009
60296
1735
96674
96649
4577
75841
56548
74159
35883
8414
70719
51945
99150
60285
27702
4448
80228
146
35485
62739
45596
86917
77853
42676
37531
29235
16117
12905
51477
76236
91572
85644
35224
5460
63456
80140
42178
33730
17170
58154
11078
61155
94167
50044
96683
90488
80977
56526
79660
76627
13236
63164
77945
54591
48841
13561
46804
66421
68942
46987
76406
71592
59956
50541
21672
13466
44224
48332
85194
31940
73899
73258
18191
9010
45987
60318
18750
37444
68295
48241
18131
53806
57102
59778
68156
99257
85664
56516
52541
26528
21244
34363
66157
948
3600
43843
63318
77977
15524
96489
14265
66983
73072
59087
42184
78185
4449
1132
16585
89825
75513
76906
1946
64770
6379
77830
61319
12949
81059
60948
630
96756
99260
54456
67548
79442
85832
7438
81732
9425
61291
12611
68239
77227
33888
82393
75279
34986
47283
18119
70316
9104
44998
66839
31839
67855
71468
66247
75385
32881
16913
69257
64093
73394
38319
63010
25026
82177
44474
75886
53362
78019
72790
91898
62285
11760
37148
84489
35143
23732
54392
95184
1861
98671
80782
46426
96068
58230
9776
17445
22675
51087
33385
1923
23348
61753
84470
93722
3455
7938
28136
10820
14494
76078
68356
40399
20530
59831
34882
81310
99341
10728
31185
59846
55126
56160
39889
5523
44552
95989
15352
49345
19379
3087
81294
88322
16954
58057
38576
51454
96467
17171
92753
10639
43274
77331
22836
37025
89150
68767
22548
61592
65731
38596
44605
65002
35614
15971
59056
90560
1708
61582
43842
69081
61467
31791
68029
47239
39919
67618
28638
19088
18111
90550
85237
18927
94101
55920
3817
67952
7058
76936
53809
61016
80807
57226
60
54522
88989
8566
13417
24227
15695
62593
91056
45391
16010
39953
75480
8113
16212
35909
91614
68720
61954
19594
28757
22756
28640
33063
86144
82781
58220
723
56953
33916
93308
78169
48078
14072
35476
37275
23359
69307
78224
97516
47105
1762
9985
70420
79966
56897
24423
2640
37458
48764
10972
55600
35759
95087
63497
86295
88155
80647
63502
27550
85645
65094
79103
66034
75955
20291
38722
48913
29551
32072
53810
73937
55221
5235
79454
42361
96143
39445
4874
64101
68665
32950
6285
71975
29413
72175
47378
672
17528
45614
70712
37643
86220
77813
39442
97907
50700
9724
84487
28760
85083
93419
32466
55951
87405
81056
34979
98622
64171
90831
52637
58372
96884
35293
14390
1966
7447
97604
96826
55427
23674
80274
4040
56346
28758
6058
17427
7326
94008
26177
18435
39985
65153
41570
31282
67430
75623
47083
45391
7557
52979
7790
89854
16203
24609
27825
76406
4328
7747
20590
75265
53663
68478
63476
27776
29353
23435
20516
63493
71314
90999
71732
47766
2331
6436
55663
40209
25046
88549
44915
86786
79245
68198
59858
31407
90268
10914
11538
95053
26962
95275
35598
18984
22100
66950
50450
13535
96730
25612
40450
71557
72656
10794
73908
98337
80726
84129
9265
41935
67392
41671
74361
29693
49207
93476
23964
64975
62262
43702
7649
75227
63022
42382
44355
22542
63842
44753
52814
76421
71404
79927
72775
92117
37494
38511
83841
75651
25922
506
83209
93644
61955
52843
11483
32159
43937
19789
38635
52862
53785
67261
64573
36065
62235
46796
88749
87699
58186
53055
11080
89747
78719
7342
98896
50099
48550
45032
14396
8957
33920
14285
47670
76265
63743
88435
37979
13832
82605
47138
47967
86205
59430
98872
72518
574
81529
62758
36108
10711
88363
99472
51582
85031
13555
85201
76479
14050
51839
64532
33124
51245
93326
78620
52408
48741
22133
84350
97208
52504
24474
64802
23256
9194
69851
84582
28957
20594
88680
73338
82593
27867
17381
35173
13074
33891
66793
68926
37875
27071
61090
84308
16665
17045
82094
35879
67599
75584
26595
38028
39731
66192
54185
23597
25015
44039
97626
26951
24160
70013
73449
81962
8427
33661
15448
36701
8931
2310
84128
52279
26092
21484
87853
22183
85147
92116
88832
37516
41307
81275
44619
87070
23626
81807
83576
81796
39194
56436
80899
19451
90065
15328
19963
2709
91722
80800
58533
53528
25393
45489
41784
38107
37194
60199
80386
99917
33323
71242
6146
58605
27293
13972
14796
94451
97759
19061
46473
54053
62531
99599
66772
99171
82416
97722
1566
76860
85086
14657
84138
76854
10301
11363
83762
74442
97902
57427
17408
99174
28744
12504
57110
37641
91732
48973
68455
81419
72722
86818
36603
16626
64562
70298
75215
41470
16859
36203
36850
82398
63176
4225
35402
10424
17062
24060
51821
62437
38743
74381
47176
94226
15282
7228
19675
48065
72032
34437
98459
27302
64673
37495
89486
650
38565
90740
20563
50604
98260
3028
15640
60539
11367
29409
84290
9277
59116
29756
26121
64779
2725
94263
30360
83090
78601
46329
47985
59379
49026
27613
18023
87812
47982
32531
98851
31502
41182
59389
24544
70989
9434
66323
54767
7379
22427
73920
39539
8165
22639
69059
94150
35196
20504
10991
49682
72869
80686
57292
70809
30305
43705
11060
51086
42278
58615
40758
47705
40316
31164
62230
99799
70658
57005
16458
29335
78854
79972
1183
38654
18160
88239
71730
23108
36376
561
75000
49397
10763
23552
11222
42290
97642
20549
42089
97901
77483
69247
3808
15056
5046
61759
97725
2454
12073
87629
72440
3664
39925
11299
80316
75586
86975
43853
12776
16836
87520
57135
78511
28642
87397
49375
70072
40380
52879
36710
34335
80710
90867
46915
10258
85608
55068
31336
4500
94335
79684
25979
73694
56251
61247
18135
72985
86208
74801
51976
40133
91717
67794
67698
57302
13559
86193
61931
88593
2807
81934
86044
64787
98008
20031
85733
50987
18626
32236
89686
93915
29874
34259
53238
54010
33367
56900
25952
64725
82582
32806
66080
40074
775
14448
28379
1899
54166
28849
88677
12321
25635
76297
27400
47207
90147
27950
228
94699
67677
87368
17129
6288
25165
80052
75902
21742
10052
51813
69374
35312
33286
17726
50358
14741
27563
37658
14952
15313
29182
29796
31691
28777
79361
23583
54633
22362
90151
53920
50048
21010
57625
76975
66849
5621
49298
43305
42452
61433
88547
7553
75506
19339
50383
31546
91113
50408
26799
76430
41659
6117
68752
46955
83968
99912
91056
31697
59359
72940
3845
75637
2233
46113
56694
33825
32127
63241
65792
26577
57687
12572
40498
47288
44506
80293
2513
16409
52473
96707
63989
75406
2324
90281
68010
61989
49281
31294
83857
35677
37131
88893
47836
65101
49264
98742
27605
67006
69538
74156
14423
25101
4486
26997
915
1514
85433
85470
36205
72603
55142
43300
59389
88249
93073
97947
26094
81937
87855
1291
52002
45125
10636
70958
28012
1769
5604
96787
86069
58407
37962
29567
6136
41435
71364
44070
61253
58999
85420
14774
67458
25792
27217
87245
45733
8783
6100
59742
3611
54002
18123
13712
66053
13192
59010
7390
93750
8456
49013
16408
60278
15419
74167
91712
15169
34589
75598
17391
53065
35520
51893
37198
42864
9097
74680
67389
79439
94065
73692
69583
50578
68869
67604
97867
71193
31367
88589
97229
67288
62923
28419
44483
2168
54394
74825
82801
68885
41586
54886
84622
51453
34500
2930
81764
32695
31829
58333
49716
40666
18110
20745
77968
58673
42668
21963
24734
88798
85568
31085
50236
83348
4400
85487
40758
38236
17188
42305
48722
39761
57658
8395
32133
24131
86435
33062
83067
12856
43396
18688
7538
67782
5206
28731
44287
12314
80742
75886
23625
47637
50933
23843
29225
46058
10585
88888
8528
85889
51226
71582
46145
42198
67254
59165
32051
11739
99838
7854
4528
37266
22102
32895
54264
60692
32825
55315
37087
55820
64755
96991
80234
1853
31429
96942
9558
4792
89701
62174
5778
73383
67291
66721
20960
12517
65605
37437
54328
13059
69043
5356
47972
50757
15660
39772
28741
39714
52872
34544
83117
37384
87091
98077
92739
78518
497
89358
90210
1600
1332
21505
19450
68942
29223
22696
79022
48765
20743
35113
54804
4893
51684
92894
24312
54673
677
69046
13369
19474
46209
87922
81867
66861
75143
12233
14131
82656
45751
32868
10318
16929
50311
28290
76522
81015
46047
58229
98923
72542
78780
15267
50792
84328
78321
30407
22411
44727
44609
56077
81397
90851
13927
16665
42039
61434
6638
1441
40890
77499
75097
13999
70617
58363
35772
29760
12993
30465
65249
19175
71864
62089
75045
84522
16179
93700
86776
85220
35070
7605
71552
99586
79064
66774
71351
27622
82996
65362
27016
487
60473
48264
8854
49743
61058
24398
10037
36443
21376
92908
46735
93182
25619
58877
52129
25631
4565
67953
9243
68151
65807
53677
67075
53044
64961
70954
35922
87544
13311
10546
79542
38586
367
76294
71342
92164
80684
38971
19666
48147
70501
3864
6856
22651
31518
55738
14352
10817
86382
78800
67257
79294
41888
18751
38793
29763
18099
81791
54041
85231
16186
90364
9718
99706
33372
63158
64834
23854
70324
66177
87601
73705
54578
73478
84077
13405
6137
92448
22418
21136
47935
28416
73202
44124
52176
64073
5106
48751
62603
59157
46603
54604
54531
71182
57354
62184
21504
55734
98929
14926
10908
13536
91476
78460
40678
35572
30972
25892
19106
83407
77192
81324
46759
90209
53703
33358
22239
27149
40863
25080
44651
14284
23784
53453
58973
80907
56626
9987
34107
90120
94011
82435
77731
64953
19770
72940
26465
1925
69527
15056
34427
48520
59184
87157
31302
30195
68566
3541
39246
51114
11886
12223
39314
70821
57361
14004
7077
18608
45708
39499
85710
63947
39872
78381
2601
91786
2691
89721
26436
73654
50622
57762
72547
85834
2029
97772
11548
23479
91905
74578
97692
88193
62017
72675
78048
92575
75557
26752
65629
26911
57082
83872
45720
28031
56897
67309
75470
43413
45072
19524
20142
9961
65231
90840
17274
82549
66492
92656
37706
70540
5032
