2171 37
32065
93738
34702
27778
82119
17241
43422
9697
60990
55942
55811
55657
25327
9456
43355
284
50859
56443
94181
7999
61155
77967
28231
64701
65103
97240
90825
19298
91432
41509
16823
65825
76941
98153
24930
29487
88610
26237
54592
53030
87532
64091
53512
54722
17111
47525
92695
61255
41136
80348
11373
30169
94475
67657
25936
9154
89054
12888
57352
59216
89508
51767
30466
42132
50588
54396
7118
79653
21287
92637
37952
35579
39661
57269
30482
27348
6552
48645
93089
88850
77688
94449
16715
15515
56957
84927
71800
48375
59808
49948
6382
54358
80603
11254
94587
89448
20332
20515
86095
23491
87286
38041
43167
31648
77408
55155
89219
16478
82228
50195
55833
25790
88961
53946
28544
6405
87482
50225
92893
21053
70773
76132
3098
41428
47116
54690
15938
64059
41087
78366
44518
15305
50320
27665
42012
13366
92966
24310
44634
88800
89099
460
68415
36777
95949
34519
72523
50967
77921
22528
72801
9491
7899
86288
59692
2442
82039
91225
44760
93423
63828
20462
38100
31383
84820
88197
66039
73148
95485
36988
84632
5435
64923
53298
60244
15349
74460
9481
70380
24338
81810
89578
73124
3257
46484
97249
57701
24985
85821
37469
4219
995
79627
14001
51192
27726
72482
48694
3376
14130
28039
90823
71547
83885
89126
55171
84343
95202
12716
7023
65891
7348
41901
28401
79140
19055
70783
69334
73156
91008
31709
71565
11790
14232
68837
49801
21395
47853
51578
34147
83944
14009
17827
90774
78565
1624
83050
78050
19304
68174
4703
80649
93744
27775
93618
77620
67043
28406
41372
22831
74633
55391
39895
75657
75918
5773
40577
44182
98659
95252
54685
27821
15614
41519
22642
19818
17205
58108
58954
86508
68967
18779
4116
60248
50292
15571
65058
12564
4064
13549
57228
32781
1940
81974
14699
93362
10684
3073
75199
55190
38634
16835
20138
498
10258
23542
53266
66561
91724
48919
21763
50819
46325
55272
57451
83034
37454
95054
91644
37328
84571
31348
13389
19407
7301
10982
9082
74054
59065
31351
16351
66379
25735
63451
96801
55252
10212
79565
67493
95869
67848
6219
16503
51909
20881
25941
31492
77137
49822
16050
32544
12584
93781
78699
26945
24980
99453
53678
12706
46759
4004
32652
44322
70324
13850
82075
8354
95570
27285
87349
94218
45469
80907
7543
97221
78165
71099
42435
7136
46940
72965
88158
8463
26076
57132
46867
22248
86143
79803
84750
11301
75445
3133
30562
17479
48817
36644
92547
83918
53900
84068
99213
73122
98401
29460
21211
10637
41584
51763
20401
1982
22332
34305
90514
78567
71244
77954
50922
3424
12397
71743
17222
45347
3854
23109
36055
50574
9091
49700
72852
32388
73347
79409
76501
49515
26794
50468
6648
43631
64952
41402
35199
46110
38831
53812
15
12746
17721
81687
64083
11243
87808
11146
38679
47994
84692
87035
39950
1975
69161
86618
26412
17476
50134
50556
37005
97543
44695
40793
32236
59276
45675
76687
87821
75232
11543
26141
30260
86520
9762
37193
66827
80840
90871
73979
32832
94252
74662
79679
18756
2786
19907
86630
49325
77390
42085
29126
25717
78869
91592
4693
22873
95267
4780
52498
35579
1317
8755
85981
58145
55119
18759
37146
50483
5559
5586
59890
1921
84504
42820
24145
61531
45840
95633
14409
45014
79235
48816
72173
27726
67638
32349
55383
15935
47508
72440
40036
48330
43724
42244
62387
82550
41553
87272
84873
79244
51609
77682
26799
62426
46270
31215
3442
81074
78720
36404
43650
91528
61217
93688
25972
55191
74696
22743
98752
69020
86399
69745
84995
14521
30773
68968
40990
58932
84573
19398
38518
75445
97676
23989
94162
236
74847
90853
42432
82729
25203
9354
40721
41410
5099
74620
47576
9616
57773
44117
79151
1458
25957
26805
40465
85896
99873
15361
16321
89562
77875
26688
50657
90255
75442
88477
36252
15414
99450
63721
42238
44832
52679
23413
95670
74403
67198
33020
65211
50586
62180
68663
4163
5312
2117
31943
84973
39640
10478
20335
90361
13480
55123
77078
63019
9848
61899
89673
38060
95544
84367
68120
75081
21912
48830
9557
87890
10286
96571
17688
70331
99347
45710
44829
18143
49030
94431
612
89656
73224
68926
95664
75816
96798
44414
67401
29875
69106
43061
20730
6626
22642
6174
29619
25730
94000
99095
11176
94468
27104
96899
1105
25690
31965
84681
44872
25280
91972
74995
1326
33040
31064
34608
62150
23789
98364
97587
32823
9305
23068
43282
85519
12287
84293
14503
66523
33706
82856
27314
44592
27500
95515
35349
66533
55512
51575
87703
17303
74952
20635
38018
33187
19031
12328
94117
47920
77992
707
93554
68482
4766
35927
81345
75432
94786
93520
51531
69935
16480
83168
13776
51500
80490
60734
946
55382
55251
19522
83735
83434
18901
59914
39243
870
75277
41688
75836
24654
76569
59218
98812
25962
74337
99009
83362
25413
37483
74131
15945
74511
98917
51225
16848
46460
14718
9833
57400
98340
49197
20893
12394
75425
71978
43729
74574
49204
40208
5289
49877
20480
96065
92586
25039
51213
70594
10908
15542
48358
68858
22734
33570
56764
11447
14418
2162
72929
23625
69980
44617
53229
34501
48040
19054
32701
5732
49553
96363
51791
25058
42458
28272
39847
89215
23433
24077
30285
53377
93959
40155
26636
86928
45090
55668
67637
82328
96267
95254
47162
37418
80760
95236
17971
31996
89507
26917
52893
66085
13001
2211
38806
68258
3244
97549
79810
34323
36049
7606
41897
7966
12418
23411
5974
18475
72270
6369
14714
58407
91460
43709
94503
13442
67644
49226
50389
56944
88526
32174
8257
73708
58969
29749
31337
79344
66525
2445
8657
82430
18529
9352
86817
10618
24718
89726
21252
30445
75506
51592
34347
64548
21758
87718
45928
67183
34056
86585
82868
82755
13770
25386
63657
92633
55905
58529
43080
65676
29775
27855
23444
80702
89625
57413
78229
79380
27818
77626
47511
66038
35054
745
1288
69040
65496
94673
79294
5107
45021
12819
71534
6580
75766
50103
25750
94348
30401
59016
27956
51511
35713
71027
10508
45781
6426
19980
2182
41324
62166
26185
23085
24900
74723
37925
99314
44234
46130
53950
91111
91885
569
60503
66821
49316
94002
82167
41350
41254
67194
76168
50476
27728
85203
84089
99736
55907
51459
75965
86515
65379
93650
72298
39432
99417
23952
70778
55752
73074
41996
14765
75653
52094
14910
53253
57624
27857
29887
65193
49884
6470
60171
98563
48208
71223
19270
62658
29976
49158
30996
42744
50108
95031
59263
7549
31432
90996
55605
65290
87146
98536
56743
35487
81944
33988
40587
54718
25511
28637
1211
40558
49045
17932
25140
71224
85664
3948
89656
75149
26028
67616
12845
81118
88034
79338
10236
16259
61163
73845
66354
47285
19129
1932
70402
81747
17278
11265
4769
55681
97235
99623
71016
35460
79954
65176
24918
33544
83997
84624
53739
84410
79253
31312
54159
10158
20803
30780
34441
42586
29107
49373
12776
729
19124
26175
55613
92042
48729
81364
79806
19854
1723
48752
55461
58509
38548
8907
57264
79665
89670
20610
61567
93386
99794
85718
37400
89032
9089
67403
15814
52804
79167
93546
73430
82584
65275
52576
7064
994
50824
52445
76516
69029
98559
71414
50355
4200
80666
89476
52162
65397
58235
72322
90322
95995
59267
14642
36138
38445
4475
98169
25876
72961
97231
73310
72060
78513
88846
38768
46516
32445
25163
89181
32787
53959
2015
73851
40785
13846
22053
20163
76300
35763
18172
78129
39174
47695
20329
30853
67301
84796
3730
26469
79633
56303
9092
13753
72570
61828
67981
85805
68656
52026
60867
32499
92137
12851
19036
71262
71679
63829
34899
88808
38222
77580
43082
98509
99962
24293
36482
19854
22503
14389
25733
94095
17536
76368
35036
16281
29841
83730
17529
505
64236
34457
75951
28959
25224
60233
98420
896
29821
46407
67718
57748
57193
88446
79492
70072
73614
14078
68688
59885
33394
19096
98323
86328
87358
70051
17337
73216
42176
17530
32049
16691
77065
92795
61295
86785
60975
3305
14410
45247
38699
23243
91005
98470
25340
55179
15722
23921
19203
60089
23090
3747
73477
19685
40319
63006
13196
61704
40058
35085
80807
32540
97077
8347
12549
3455
33155
5050
35518
72948
15675
59613
4842
84834
87737
91486
12743
57267
14652
11449
52312
34197
44169
60750
43392
26141
15782
25827
75531
19232
99744
59808
75174
18424
51142
25778
32610
14021
16875
73865
94133
58249
42056
8441
37081
74794
97336
40924
93483
65172
97371
63694
66477
46677
52787
1744
51044
73887
40138
3559
49338
86857
45994
66842
34366
42798
48707
8439
44351
17261
12360
39790
7477
24616
93106
96147
54904
1733
17500
9249
70407
58384
44870
81170
60866
18518
62354
37736
93680
89323
44618
10856
64282
98021
90008
28761
2477
13439
80940
41098
24349
93528
61305
61865
4413
28369
59416
23340
19719
94610
69540
87692
68411
7366
78237
80260
11031
27290
92037
87063
99012
42338
97222
11016
62505
44372
1194
15840
3318
32426
15201
14091
28890
68292
61919
4762
21133
33157
73371
9155
16551
76626
52849
2429
24871
9718
62048
77893
17773
92288
53549
95196
13408
93794
94782
53094
90089
46324
71008
85996
33494
5776
28002
43258
69016
56436
74008
25762
84805
47874
91097
85208
72279
75107
6849
10292
30219
66912
66576
70644
72995
92712
20264
47639
95717
28237
87123
82338
20249
61063
52379
71710
98703
51983
70352
20632
35478
49029
13830
87840
2246
34475
28628
75787
6455
31303
61942
39154
70888
60133
72748
95184
61209
15154
2264
89928
61169
39298
3908
49500
36922
74604
56570
50583
79263
60713
17002
96452
55669
28056
90376
17269
98927
16573
92907
59933
47656
41469
6735
62198
22653
94372
68948
31740
23376
4351
54813
5871
35847
31330
81937
81717
11626
45827
51293
71510
80809
50461
69840
10239
67827
68238
67326
11487
61920
10330
32670
60237
46505
45221
56972
92640
19498
47357
34408
98933
9607
45134
73269
75405
580
27340
14715
46156
59371
91757
80453
95739
18122
30635
70851
46759
17458
35206
40713
44128
5370
86784
87694
75547
49625
37056
52078
51088
55184
56784
8329
9693
46142
34815
78498
49633
30505
16960
6336
37185
4252
91080
11824
4871
11556
81876
38338
29118
28017
1985
88872
12695
96539
78513
59290
26759
56763
91053
73332
1639
81805
20254
20822
17171
83093
25459
64099
39563
73751
8542
15714
40085
59517
91894
89312
9337
61173
31702
79757
23971
43377
52317
38907
41701
82405
41901
69122
45426
63788
3404
58462
81316
58659
6534
60207
85111
77773
94632
3512
16044
90797
39142
32352
31047
67375
20311
49621
76081
52864
27924
15172
56118
52528
42748
41538
30280
82743
75058
31462
70555
21262
97373
39628
3271
52498
95048
89364
81321
32868
65024
41217
39266
44364
67993
82395
28183
41073
64041
16845
46607
1410
98123
68391
57752
35504
89853
69533
68546
91954
16194
73063
33762
75872
225
7071
6288
24376
92484
13030
36842
22044
77978
14431
61967
60530
46870
2770
91333
55587
80270
94922
22259
97788
24572
74135
20968
77904
33824
24493
86642
15220
81596
41028
23111
78178
20503
7606
52704
26327
58523
12196
70297
97109
89015
52977
27922
54593
71037
19621
89361
73349
53253
60587
95422
86095
82280
59667
45126
77809
89478
46481
92792
45183
43937
25885
19403
71476
19935
80721
15638
66830
65324
58766
12726
82669
91989
26839
73580
34456
25167
6036
98588
36504
43566
15952
83855
73722
20750
74363
55090
89810
98702
37034
18837
37843
50511
27314
96045
11479
89017
23984
23090
47101
59607
13924
31873
61542
89846
31377
95228
84407
86410
70111
71461
25595
17418
54170
78182
91806
49454
11024
33868
59346
59960
52566
87656
3950
57640
17795
17421
39722
71366
27764
13716
44549
93724
18567
91611
60031
45434
3808
58625
41727
39376
83239
652
81070
53495
42951
79812
11577
52425
2609
4629
41076
15140
11095
32849
79762
81547
31409
55243
75757
42821
38812
17149
60388
81692
51990
77731
95416
61695
73955
76478
43215
81089
38795
20562
85169
67127
60729
15592
29709
86494
29022
68428
14965
44595
3436
59184
94078
27737
57051
39432
80929
14230
96616
88396
37564
61142
2449
70457
25074
83367
13498
52464
9799
27163
91755
74677
42181
35305
58799
68754
86297
52109
3351
82898
68311
24739
11445
33030
1202
94320
43458
94275
91141
43321
82392
75265
26413
27978
49304
55646
17164
78929
81637
63065
25703
89344
84679
33623
68808
76750
46666
13634
94430
24214
87452
29349
64728
3094
29395
9970
11950
35922
97636
15228
98808
90063
86445
45724
38869
69017
33388
13520
47110
78397
35333
11960
98895
52175
38144
21080
71037
15877
77385
51576
76154
54074
63342
52391
40699
36332
88196
7252
29683
19646
19203
60979
41597
30359
4774
16446
57974
81857
46956
29873
48608
17547
68313
75629
95552
61800
63573
55094
81985
55054
27628
93013
80719
49399
25644
15287
10717
75363
64075
64108
17792
50932
15102
59817
46321
42225
29315
73574
75919
51620
16184
16000
97082
75580
19425
74168
71001
52011
79846
82547
5877
4041
15987
86776
77596
43407
8950
59253
11200
76797
38821
61562
61589
9845
50485
52317
48950
98109
5188
81204
97248
8673
69552
93918
24533
53679
16798
34874
60411
99961
82036
1678
43066
12630
86430
25250
97922
11042
69965
36226
40291
6329
21427
56959
89938
56160
66825
52047
92715
12252
89930
43528
45162
57881
60853
58505
91728
98340
64942
10610
20804
75601
23421
57735
15951
8630
23022
27889
32735
3566
28624
2141
99942
87800
78966
250
73496
84533
11161
14367
13520
6221
30355
57411
89739
11562
54726
80963
65131
12508
91923
30432
34774
54451
48259
68703
5013
25480
53378
83623
93365
94229
92511
74470
21001
70424
18733
79852
90310
34996
24901
70894
40005
76208
51170
43460
55941
23766
39491
54412
2055
73685
85836
12677
8528
39168
42662
10836
85226
87596
12378
28323
