6555 12
2447
36680
87889
13282
96919
13313
13224
55130
71978
9116
25424
41976
55667
38724
71743
67489
11890
63324
43041
9234
37339
96504
9906
81338
42103
59170
47557
9787
71233
82550
26912
82317
5898
4487
51165
12987
91605
84056
17547
59300
69340
33123
92363
38075
37161
39253
50100
36519
19006
74864
37136
8835
30606
55016
82140
69727
23617
66311
68139
94462
11028
17545
38499
49014
49750
1120
20351
65907
18476
60785
66668
7733
81198
89813
31308
84109
17865
33082
9686
74564
60603
66047
2740
72755
3289
35483
92547
87660
21836
59575
99991
59088
59728
64303
70740
90615
9108
49749
48054
17419
46109
51118
37738
79437
4066
41939
12882
96047
56817
16465
18117
19960
89129
88394
53453
90947
39294
77138
51656
63808
15833
29938
97991
18545
39125
85289
54002
58958
68099
13702
76162
18466
19334
6222
54917
64076
59960
75996
38302
51456
54787
80156
19202
51075
585
35024
11964
78866
9981
59436
57578
32475
88551
26521
22654
42402
29028
17461
43965
44349
67
50545
75395
48889
92073
50066
44478
93171
97966
69329
12783
18816
19870
91099
82316
55365
65529
22993
6592
44512
64724
70729
86377
20701
84598
89483
78041
45537
33051
36309
41558
98563
72788
5560
18714
28622
7461
35512
79699
74497
23622
28176
55588
21487
20131
20172
2083
11199
45436
96301
61721
36109
61989
39593
72325
48071
39494
53288
75481
82928
65596
29672
17244
95553
76023
69082
9542
52163
68538
52130
55847
70646
84383
11899
71872
96878
65360
67153
13415
56912
30735
73637
23784
45305
82159
19980
73375
39928
28856
58033
991
67695
31911
7438
70190
1813
26667
4439
89831
4983
38249
51023
42807
87699
2201
74161
93920
68284
72743
4617
43705
21689
44979
48248
48171
20261
32818
94675
22166
32272
4619
69316
84010
5628
93818
55816
57903
42049
66992
335
77725
99626
16241
43264
88356
42454
93397
79346
30278
71481
66791
15924
44216
42168
80297
86182
97732
18224
79758
48701
11050
53775
60511
46979
94075
9849
23863
84629
92508
68165
61382
88963
65929
21565
49106
76563
13199
4833
61873
45023
78769
49573
15505
39186
62212
82063
29232
16911
62323
89050
63268
46795
74363
71574
32052
22157
58992
69861
69149
14549
439
52287
70222
24626
56234
50639
39820
11114
79895
75284
71375
51991
66049
85697
95971
90532
96317
94301
64040
73716
22838
4643
96563
59259
86474
96227
94923
52995
66411
97024
67756
6344
61119
62673
25063
37756
24992
70560
31584
63557
41852
9069
47310
1338
39062
23020
74495
9833
75748
9890
79026
33428
271
16556
88923
67183
16054
80153
35459
54211
27659
48011
99557
28047
46644
40441
68241
18818
72299
44816
61901
92450
30559
37646
51727
8392
22769
79142
75588
13153
35288
30879
62797
63919
24637
96692
38909
39238
52191
15925
12924
20175
63216
3236
934
91305
25238
37434
31309
31075
43372
93280
24787
32483
64959
32630
57457
7010
49457
29935
85363
55021
36921
53810
58841
58373
53088
60443
3159
90976
47270
73945
13718
47495
84411
33965
20689
49494
6
42193
58297
63231
3906
43279
56050
93030
76540
76421
62772
27174
11254
93064
11914
2443
48199
66077
72118
69943
64761
50338
29419
76350
8361
30435
64338
78025
77259
69798
13318
96086
21059
90208
62711
80310
62957
47453
33291
56270
18774
58684
7672
89782
38817
11632
90539
60765
47523
80576
65925
6468
15174
63719
92440
91102
86154
37749
31374
11703
3904
34573
7811
17290
27789
4486
86822
69256
74893
67530
26780
47928
36046
10937
37917
5010
40624
37767
11285
96931
35147
33881
76292
19468
35977
8652
90783
56482
23944
72047
26605
39568
68474
88900
9482
6640
17669
87747
98407
64022
63491
74327
81416
37222
1634
37566
27972
77400
98149
27533
60201
65467
42050
55242
64757
20175
80930
67761
46687
2698
3428
36559
18380
43508
64186
40266
32666
33866
80906
62999
36344
84383
14126
76994
98540
13719
76340
20906
56300
53290
21631
85635
12677
66151
50437
50162
52760
92814
98159
29300
78455
18164
51548
91095
98669
16195
80446
69087
64627
59736
49500
80387
35643
77251
37678
15277
6569
61291
84260
17918
15541
51879
7199
51720
53131
22374
89525
97073
36235
97864
75890
44887
73866
15042
50002
71654
39214
23166
59656
28580
52470
86808
30075
99142
87760
34723
48835
14680
75840
91010
51728
42009
67744
1455
14275
77916
55194
64984
43283
67016
85744
85021
62186
53593
47829
30931
25733
37981
30353
37348
38648
33559
83393
10252
87335
51296
40597
18366
9294
78785
67600
1469
1146
33723
69388
6499
57037
41855
4979
68253
8094
71126
12006
65581
78039
5338
76858
63271
44022
75258
58422
76789
97740
4602
4502
30995
42561
12433
3788
84115
20846
2090
15898
69211
44193
90116
35032
44482
78493
75794
45108
13846
759
47739
36397
74585
69882
57306
6936
49663
80995
10463
82683
48881
72006
90925
4757
93326
45864
32698
59700
96997
76195
73458
1788
10876
37733
68084
19463
87116
92881
39252
25471
41570
66780
93271
38502
21696
29329
74074
63695
18618
70862
12427
5954
68281
7301
78574
29564
52379
3804
71322
50669
11249
8205
51225
24920
17792
42567
97516
4534
79041
57867
17125
21459
82273
6543
93547
72528
91074
17406
63705
11167
27544
37174
26175
21898
62124
56809
82431
51469
65468
79454
42225
75479
9881
96621
6144
81005
75528
62981
2475
30311
23106
89386
36101
84721
77460
16431
30261
14667
75903
24097
57943
57001
86841
48668
35193
15220
10666
64691
90175
83111
87728
81068
39103
42003
12732
72610
32710
7547
91699
96002
81777
60537
82061
63214
28565
57815
8793
80477
54775
71639
45752
46648
97684
32396
68573
45246
84571
12414
39348
53058
270
13386
63511
38952
44869
50720
33882
12460
85323
96867
17473
11451
88927
66348
58692
9943
72020
7047
99730
58903
47153
37749
10219
73221
31025
61352
52133
11998
75844
65418
97288
31606
82349
5815
60914
61425
35106
24158
98260
86955
7663
70052
62162
6289
7955
80481
17447
87238
35010
58688
13823
22655
80129
99907
35355
1127
557
60478
44048
41404
68820
84311
75464
37103
51290
96780
73408
11496
58262
99021
34664
3456
19603
37534
57127
84869
92431
92118
75828
61914
40831
13507
76222
97556
79561
88579
83397
85758
70792
52012
71134
47926
99436
37382
42867
48174
29239
51499
5249
28556
73506
30606
15384
63754
32054
51473
80671
76918
42803
65005
12941
73523
59724
81294
50481
87382
69064
5397
38507
24427
31747
50868
23504
42094
78379
34773
85322
85234
78500
73524
49973
79069
14628
86624
5444
95081
66648
91230
64090
52260
30621
4806
561
88881
49448
12003
45399
99782
76190
48055
77515
56172
16860
48214
62501
56482
58001
30054
57099
26907
21279
26373
42909
2363
22750
91299
75434
30237
16185
8964
85688
24272
87471
93311
48864
32885
78483
97377
90064
23875
71980
34539
50120
43779
48917
9840
94589
67157
63646
80856
29368
26377
88746
99008
11992
45094
97135
43479
92076
12807
51418
49571
93178
31769
68552
52538
78747
3358
6349
89065
93276
34541
20145
97008
18559
9936
43310
57988
48344
73924
16595
55404
3889
78620
85060
87652
77894
99231
97016
19901
42377
28230
48793
14331
97631
86367
56200
80694
52961
90796
99831
13273
52988
86436
6445
69862
83346
19121
75333
10961
10486
52849
74959
0
37108
86005
23341
97617
66855
95013
56119
52180
56833
36442
47992
66253
32103
43234
40143
16147
57938
96416
18384
70771
92719
52745
76480
83566
21311
25096
93148
38423
63800
18395
23858
14006
45443
77971
60262
8776
81436
89880
48334
13660
93077
86659
74583
57495
20562
46818
84670
91633
54670
76184
46968
2487
59669
57051
2986
90567
33096
43156
70354
91510
76893
48386
26492
42029
19869
7703
58061
41160
82403
46905
7452
57398
96323
56930
14036
49307
32289
35872
61332
76529
64118
29622
28623
43651
46159
90650
13580
88561
46349
77941
40455
76047
63686
91686
82702
68709
93154
19359
73476
92689
55903
25222
58178
22336
73389
14582
31473
11961
25715
22075
36177
38034
32617
79993
12086
69593
30459
73670
62885
79180
77996
77580
91707
25057
63409
89960
19463
87775
23506
589
50635
52323
97165
20673
50654
41724
38354
1503
59789
37775
17544
45940
15222
48980
62951
44930
93036
32023
23067
82752
80150
9241
90279
12119
59311
95244
37408
95527
7303
83930
76462
46368
64320
98238
56174
72585
44114
25129
29107
88413
96936
80607
49856
969
79170
87832
67056
31216
21841
4512
87534
70791
85597
98486
31133
31448
97058
85105
90450
64707
53390
50902
77461
60760
58725
35683
80675
81887
19710
36872
28719
15441
41283
18120
6588
42396
52148
12701
47716
54786
38213
56881
80085
14427
10172
26501
97263
54799
91028
85870
69159
97244
62717
24211
24807
4278
74105
62705
20715
2626
87552
2871
24198
68026
43357
22283
29819
65484
96751
85699
67684
22491
14089
97164
65967
82972
88754
14662
54715
64762
80293
94341
45600
38195
11379
12242
43940
62873
74460
50088
53351
50386
30490
5560
46040
56984
1526
50950
36253
27033
4400
15754
29807
33848
5532
93423
1404
3883
34175
39223
14851
31451
78614
1685
48283
51143
35440
86738
82349
49633
13071
61353
17365
99023
56939
54507
68293
31531
46510
57979
86018
37092
21273
48626
14822
46587
99134
2941
36988
62822
86468
23258
43718
37457
12102
40927
65690
63032
60180
37971
83521
84974
88400
115
37303
78841
82515
14030
19758
69716
47366
39081
28587
34411
4265
89852
7527
43811
52655
28179
43599
20079
38719
77486
52677
54588
79797
1538
77149
8134
23296
85173
45760
94945
70017
80710
17420
14449
66450
60931
74482
38866
33053
44784
73271
32304
3008
54119
37908
97904
18224
44531
21014
61254
12787
39635
60350
27580
69956
98429
54722
9938
32018
40057
94507
52536
58146
57570
85717
52566
58889
59529
95729
31685
54579
21617
20422
17075
3775
15891
25100
26498
20896
52763
74576
81161
21565
5706
92755
31634
50545
55539
61451
19131
58573
69278
11712
51029
55185
77863
77456
16168
51767
1280
55852
99085
24488
38155
44825
69266
7012
53633
81039
3674
45503
44622
89341
14522
52510
62674
17699
78717
27934
22241
16759
60897
28174
50148
53825
9144
59536
12374
2591
55304
9948
4776
36162
19179
46365
22878
14062
93231
84337
91055
26622
78071
51565
88105
18142
5272
33111
72011
44783
24221
1099
37193
69030
36740
9654
85483
39021
25247
8126
8270
30849
24020
76248
8962
74547
57534
81936
28010
21031
67817
34501
26367
40952
72953
38635
25838
11505
89892
68935
71573
43509
32691
78166
18698
39449
2981
46406
34484
58213
16428
33883
54447
41110
56014
84396
81549
1567
74150
82147
81968
66083
97376
63585
63473
10461
22305
51512
42236
58488
28668
89230
6417
39895
26814
89185
54532
5646
95523
7197
14622
44167
62942
55560
63546
50591
56150
26391
13993
74790
72451
43254
86159
7651
11637
19460
2339
96205
32973
7860
27283
9618
90850
63341
81629
50868
34846
76683
10423
75911
21566
87932
54089
2581
34390
38851
6414
54459
72842
99801
54262
23081
76278
19655
3463
95205
65767
6510
14039
86312
88063
14623
1619
35840
18613
38563
7867
87725
46771
5236
43140
26180
48087
70401
4821
18734
24050
87854
30155
89802
79884
65554
95509
85959
71006
4088
53336
72523
55030
8831
80428
92655
27254
25562
22461
85985
66614
18768
22923
18336
10653
50140
69290
30211
33100
1390
42435
32787
88500
15753
23729
99212
42043
55683
71045
28448
83867
32904
95330
56308
51010
30743
7170
85313
35347
47684
25104
85269
27779
436
6379
19471
31069
8676
29161
65702
78111
47970
2450
26627
70203
95570
81664
87010
98647
45771
21446
37557
47661
2295
83302
70529
98091
54647
57945
8927
66676
83933
83180
79132
55070
36496
94333
8121
70866
72555
68738
6348
41071
53534
29474
27453
73159
56779
94617
61323
48992
84266
63608
12708
73205
14086
27683
84464
18674
68510
72882
18855
89627
75717
15569
76374
57894
72610
82784
79231
36316
89937
15411
29909
56253
37728
73683
48164
25177
38003
91579
10055
97879
81216
70940
75375
78705
80884
16794
72963
8086
54732
66604
25275
76648
75101
48480
58596
72731
79820
58644
33375
91900
85302
98750
8386
81671
11114
46918
97909
13904
36010
94278
77558
93723
35950
27505
23350
73220
4513
26601
19897
88664
2978
10183
31034
96185
23556
66328
32901
27102
21838
68794
45627
74961
41211
9923
37586
66255
42523
99417
27506
34316
5713
66171
31929
93964
23987
24823
28919
40491
97581
76498
179
55734
10302
69124
67748
2512
22330
59161
79257
23022
33542
65681
38130
84507
64095
14720
5861
53300
91699
24847
75354
6829
11110
27289
19214
28907
10191
10799
20884
9384
29145
45844
32143
97170
84482
16258
52986
46028
65343
29443
39169
53547
96758
78073
677
74234
2114
86199
78011
77079
60179
42373
59565
75604
74411
75552
56631
39574
88259
45879
24172
61945
60932
1455
39823
24715
55342
98977
315
2509
84980
3383
94299
38805
64477
27346
51890
25038
48613
88455
71764
77494
42234
27677
3883
42943
57920
16336
4948
23503
73805
28849
2047
7233
61998
73572
7154
11521
12544
88353
61703
18899
75160
30932
84457
6253
33115
58685
68667
25144
66470
30768
2673
90515
22984
1557
8309
72816
1827
27754
35651
70902
26063
2044
92334
83197
61367
14354
94265
34869
20378
51650
1534
71039
4363
3834
40490
25202
55665
59000
87743
40727
30983
60754
41105
56045
31165
21584
45706
83943
17686
33228
7750
46537
42600
46137
27287
13679
11680
85049
83394
17093
84923
74597
4609
89456
79597
90089
71135
37828
61374
75109
66142
7435
24776
67950
17332
24709
66618
74155
50602
71298
62040
78168
74684
22506
18809
88806
95612
33173
58311
37817
34735
4339
39395
8041
17262
84454
54623
99554
23591
64259
55810
59524
73369
7861
19751
19779
52475
38105
23550
51303
30325
55299
31721
2350
80806
98040
66976
43493
27805
36146
35854
35667
32159
82847
88178
39470
93159
2977
52736
32996
21314
31952
50045
8243
51855
12116
16646
87665
42341
14155
72489
6597
50412
49033
30826
51180
45026
96115
66079
36181
63448
71811
91381
45414
16115
33223
13609
34325
93292
53570
93360
47695
78672
10217
64367
57300
21920
35560
72644
55449
58994
45275
87835
15716
36302
51412
6937
95508
28114
97915
46453
83703
98575
50986
26714
79186
4937
59757
3719
47388
55035
34056
68719
62531
53649
41233
80537
55270
24236
17233
35905
94553
47298
45991
89237
32293
53531
46213
47800
16901
32629
42705
85379
10346
72769
91813
36351
41719
40707
92176
40844
26053
57430
71091
47294
20065
27846
28709
17082
36553
28308
3567
81789
23219
81078
26769
54550
64710
25844
66747
2695
18975
86507
29780
80488
49357
67342
37943
41923
41686
58241
368
31065
28432
21436
62500
3260
21128
41134
83814
52371
47966
92919
33603
23929
96518
21548
87479
52542
14025
36887
58934
6788
65251
90613
82052
25411
92195
3831
71293
36230
33005
47041
81294
22253
16635
73581
31481
88745
39352
24297
24917
77250
58372
54805
53772
54036
78483
73606
69660
92141
8429
93990
59542
9425
93743
41874
31586
52247
54057
96314
88025
55561
26047
94437
22889
53320
30664
36458
44788
46853
28081
69719
28721
33929
16283
89102
3114
87502
96505
16580
23997
27460
99859
31616
12732
47469
2501
42850
99596
70977
60865
68025
37353
45291
25545
89995
38529
39306
50742
85842
11028
77137
95412
55673
48059
62439
39747
14435
78878
14343
96503
38884
92092
51010
63929
37350
7846
2968
78661
67205
68964
28419
78634
65811
44816
27052
7468
33942
79926
53587
51333
95141
60730
57164
25824
92590
10449
73916
91997
73235
87399
17120
2480
54440
90104
29863
54273
30999
36471
45555
69389
39068
28138
52668
66116
29257
81067
75532
25673
20995
13032
9572
61782
25411
69733
4598
60117
58742
67093
55817
76295
18590
24165
87608
30977
66319
44977
10803
95690
50962
69900
90108
94655
15686
78108
24940
89327
38042
37179
79596
74175
98868
5976
82268
89383
44973
35796
93615
17235
64562
98022
55437
5059
42052
11928
73903
55180
37497
21991
60967
7349
15354
4806
75189
3322
68611
5628
22515
5260
64454
47713
32043
21551
94984
23013
67035
96186
51041
51114
10808
39739
55616
52741
74952
66897
80358
31520
66022
55472
90919
46459
7265
50144
64268
25446
46686
15294
91315
60809
26610
98042
40749
23420
72617
30743
58751
19248
88002
74830
79233
64388
13936
44812
38882
9584
76314
54415
90531
38398
97403
73901
87863
70636
69412
74317
14122
44907
94037
43276
35543
82979
78344
24665
70287
13581
92358
37561
32313
39127
25871
69252
10349
66052
4247
40550
97784
86985
50371
25215
27419
28113
74480
25379
34859
34490
72621
91707
72243
16374
30364
28738
30925
2442
80373
36489
68909
63474
29315
52372
99543
37820
88356
88507
29123
22857
59373
62249
54016
14159
23044
4608
48110
25049
61765
99379
93187
37765
3837
19722
55047
34821
45106
48162
11096
94687
72185
23275
41734
89549
77982
78280
20632
94238
38112
61875
49125
23603
95219
85238
56476
7778
83356
32082
72925
24759
69016
46972
34909
7406
90037
19323
37094
2618
49687
74092
20405
22849
3861
85502
70074
2621
76345
10934
45052
14365
97572
78540
22322
53090
87656
93932
45035
62595
77035
52822
42535
82697
26347
23230
88539
75988
16340
24397
337
16436
780
4446
13989
58960
83752
81922
42698
84675
33620
68093
96771
59002
17999
53190
95114
34583
21580
12843
86637
80689
57010
70091
95436
97809
92637
26586
27836
68695
26203
95840
4679
94995
78735
92026
99977
4013
63762
60440
22869
66333
86093
27357
63118
50611
34849
42178
53870
34833
40095
60851
52162
7564
21456
29073
5004
23855
32462
97454
30496
3447
88328
18356
13960
16920
54946
2047
15456
79222
83251
81502
66523
77005
97190
77110
66428
51626
32218
60191
77757
26224
9986
46053
41387
27252
5253
51144
40744
74433
35774
36028
84936
21845
80637
85674
37204
2626
42469
5293
88363
33005
59596
58550
38620
63730
52382
93257
57805
64703
32538
78365
87671
59093
58004
20096
43239
34442
54065
48721
28735
21417
54190
48196
3315
21936
88249
545
89132
47089
14390
63589
54024
22802
17564
84799
9816
93773
13398
29717
81089
4912
32866
11261
26556
91166
52629
7492
8374
96749
42325
92298
54769
63750
25085
81572
92161
81544
70909
87769
62415
87141
98551
2054
89561
11619
58115
77082
45072
90908
98476
80442
51225
42079
55633
66237
17005
54733
17157
59889
91257
94141
28655
8949
94046
22424
98379
45502
30802
16829
13863
66514
22589
17759
36903
80752
31997
58658
87906
41573
67619
25921
38274
14072
95636
73163
50471
23391
36424
73057
72709
3496
8014
76186
18561
38226
65191
9344
185
53137
71558
2160
11257
48557
27863
41309
57222
37763
91221
92462
75191
29634
40657
73403
83799
77136
96498
68052
88997
37507
73008
12827
75284
4616
47639
72037
92171
25183
77867
34236
26149
46525
13566
6272
81106
16905
27355
70817
14549
89119
69791
86887
42980
49072
87419
51563
96715
70976
46835
23707
69897
24903
54978
15417
27890
89457
77076
65661
69643
89566
68746
40078
2385
56994
59961
36301
19251
99750
44875
8651
40051
36741
97405
91981
77576
15152
36703
87567
15135
91306
46872
77183
97621
40301
67071
13117
90047
58851
34499
20738
62179
76494
45796
67670
60700
41185
24599
75639
42010
14500
64006
49785
54240
13076
40398
29025
51172
86497
11679
65097
15378
72238
22336
25504
5321
65556
73736
45479
95708
71711
70502
35892
8050
74639
27642
81490
7463
97721
28665
49535
10761
5764
75725
32749
90044
21740
26770
46370
81142
63650
44603
27736
33796
76714
24395
38494
15491
55452
26940
30197
86344
96100
39548
23924
70968
45474
56651
35236
92528
17706
67902
92260
77983
23781
80030
67238
33447
58958
44362
68752
59488
54486
55185
91997
82997
40544
77017
47577
57957
26246
74716
6825
81315
72882
90533
19680
69462
26854
53207
9867
89497
99701
12678
28998
19772
29447
66203
39140
48450
64505
35893
41068
3521
90490
75683
70326
48390
8559
15019
88178
58542
14672
83750
74882
89197
37353
97793
85082
50827
45787
8798
77127
80994
33176
94961
26790
4961
58346
1476
79656
6444
32973
54739
22517
3546
15760
62032
10309
42581
65752
13248
90024
61726
2524
2076
8512
93191
99306
26577
4098
35287
74529
58529
68793
91497
277
1408
27234
78573
53327
11287
23921
73061
69674
94372
94218
93289
43735
61144
40809
51044
91417
55576
59100
9813
13514
48893
7171
88976
57812
65876
71478
86554
41849
95582
56671
51056
8587
45937
62908
91328
82677
43126
99615
1582
39760
73769
62734
13936
399
12540
63619
68275
70548
18611
39852
98100
27800
68841
28588
41640
6375
80938
5656
41205
16609
22232
69083
2198
23835
31622
60755
53850
7420
40480
61682
39590
96032
6209
9246
17262
18936
12314
86161
48608
80744
51762
71098
52474
50920
99233
88698
94287
11235
95220
35783
94022
14555
80844
30413
58683
84676
55967
53288
53020
95780
67189
87051
74829
52825
58092
5852
26340
7283
67220
93813
19373
59509
80756
80805
68295
97561
86404
59821
99046
33129
57616
78596
34159
35623
90108
87091
97439
42181
56506
65753
63237
57902
97877
30537
71299
48219
24586
51783
74897
98687
75050
95694
49625
17276
73113
58669
18812
75019
434
43237
97260
5592
58816
96077
23632
28387
25158
45391
64995
84129
63513
16008
20565
11193
50593
69132
83912
94855
24668
86367
87700
956
6394
95293
1093
73436
36513
32723
70072
61694
35083
29379
73889
20368
95140
72196
48135
27185
73548
33632
2118
43541
63707
27604
20908
16677
98264
88724
60317
99740
69920
58020
32944
80170
9862
32
28175
5589
72877
74485
93627
15763
94895
50534
55621
61873
8154
36104
5910
96944
43246
25318
25960
95171
38176
69278
80523
26226
57242
87745
39073
22938
79256
6071
33698
44138
41389
11641
25369
16839
73468
30101
4645
99273
58975
97198
92889
72668
79460
24346
49884
90176
52874
17762
8426
19466
57225
97284
60849
15521
18503
99572
98836
37057
80676
13399
90924
44283
47887
73767
43682
52019
89454
53043
25558
37632
97402
19708
10684
20816
32513
93752
76537
2818
61218
15538
50186
7658
308
47592
14302
72592
16576
53708
12695
7249
76738
35684
62157
70301
34476
86443
30122
14167
46564
40269
38767
9305
71169
6862
61134
96301
98161
17028
56974
87381
72181
33944
90378
25475
41123
61801
66162
20546
22564
21386
93705
2667
93684
21343
99173
6320
517
93251
53810
97302
26972
12485
65007
72403
2930
27110
3695
19764
50676
52701
51450
8793
10148
26804
11689
78742
22902
70792
70542
80244
21875
95884
64138
88526
52185
75239
41460
42165
49497
95985
92825
53581
7224
50298
86614
39854
68335
85603
54400
48419
71723
88195
49117
68622
28205
58532
89352
49666
68523
86788
3600
43719
38190
30452
53466
35610
12946
47484
89979
29131
79144
87412
32639
27901
54903
72716
60549
50026
4759
67142
92448
66684
68341
98391
30103
95700
50610
33770
69893
29415
6564
40668
17691
46492
69811
70881
18361
89392
44061
60990
18617
24210
63443
85613
2212
74119
93978
60284
51098
19239
60170
58830
99343
82718
87730
21528
45640
29452
15858
581
95778
32902
27136
75731
5388
49522
43940
21235
19432
24111
58876
95245
13678
77131
47609
65306
21481
69898
10079
84585
46231
85862
52137
14458
18189
98986
22275
48902
93905
62485
13742
48949
82463
413
91519
8134
88037
21098
24352
91147
98630
67063
7310
58506
80122
46516
5690
62685
52172
51047
78056
40883
62812
48102
43347
6349
68347
7230
50246
69633
78769
52400
97412
72667
36314
63278
4546
97591
5572
54946
52904
35560
34611
56328
33779
99188
2558
82031
950
36053
12527
60700
98196
49882
5159
93511
20232
32388
40344
91868
14845
56906
62184
90043
9238
63349
56309
29080
45608
76677
97451
50428
27898
49450
15120
24354
93356
40203
56569
58779
54861
88899
15090
3595
45412
75774
88442
54762
63656
51937
69956
60995
63272
83424
15255
248
2307
83845
34159
63548
70353
19696
38074
53847
43704
53233
71388
23878
10648
61040
90603
24729
1376
61349
63443
72051
88854
21216
53204
88333
74708
12003
32991
82676
51749
73251
16349
59206
940
5898
18024
72569
25405
62680
96271
99028
29698
7422
56631
36531
40727
55297
63828
74727
42158
40541
33972
88916
1740
32287
12853
39858
83370
6410
63530
15821
12758
81043
87386
71941
25519
10469
32320
7215
63020
94654
33484
96049
60438
48847
54657
49450
26249
67936
10037
71399
9399
68362
99188
62863
35237
82268
24349
16697
43308
98518
53796
44912
18938
50609
90382
67222
302
36533
58040
71614
65983
18817
432
31312
4918
39718
84282
91753
53423
72812
53933
6201
9916
44845
17364
13283
65826
31957
33869
31712
64698
64168
5101
94396
53585
443
61914
31960
29256
79706
86831
49670
2965
91425
9372
29616
1537
33219
60259
21266
17416
36326
94844
48603
39804
64452
77426
3184
59393
69292
4
43081
2898
33887
11365
66802
54875
39892
32924
27691
36702
97140
84965
12744
71406
12350
11086
26482
33879
40740
3163
98052
86324
45293
8355
21135
38519
61745
55760
99382
25252
56768
68994
80083
86198
50683
37677
70224
6169
39961
72758
43087
59374
51555
40699
95555
43371
26521
16136
17332
27448
49931
45858
43839
4499
67937
60960
24276
3917
29427
90349
99350
30922
433
46920
99198
51909
79677
79716
56312
45578
77292
59848
39620
5178
32936
54767
3927
98251
81233
76937
1528
64133
4951
90809
74660
90918
41826
61013
65898
90174
69291
57641
37135
67668
44672
83348
98634
77375
11299
2570
98761
7278
53963
1392
38731
45313
36834
84355
3653
39118
3366
18770
90909
67677
8105
36415
59665
57099
48144
7841
77553
80363
23223
61157
8449
70240
61067
33544
15064
1669
94191
49343
83620
80326
13784
23248
83843
69636
53105
44918
67851
63476
9144
95745
53764
21728
6943
70420
96840
5669
78796
93381
36042
77907
9369
46272
31052
13488
62932
94500
50151
33206
71424
6628
2631
95440
26067
98151
47213
14817
11830
42761
11371
59741
90984
18488
49291
846
69371
5944
89737
64561
80437
35007
91028
80534
69616
16506
67889
15811
52923
57638
7735
12690
89943
48600
23860
43374
34682
88117
57607
39706
33936
29498
92676
40074
81461
21302
62260
3336
8412
16075
85522
36336
25227
24721
32207
45877
41917
15539
38350
50362
95230
52784
84393
33945
58290
25627
88170
40191
8943
13371
1939
80974
52895
58923
75799
25658
89407
63931
4446
56333
93666
30286
7557
63651
97679
43674
61883
51918
66462
63244
20101
53587
94207
69601
71004
83404
57939
15341
14442
91300
25425
37624
74512
46590
71587
80892
51970
13998
49094
84136
93257
72861
2062
3552
99553
83529
68191
1979
35289
39939
44981
54179
48886
65936
95933
39609
96912
40169
48250
68111
94418
61948
37089
13804
14814
5992
54492
21579
68807
75396
67659
39964
55254
61945
73759
99873
66822
7555
52413
98898
36552
89556
21121
9914
18783
87633
53880
52537
87461
23442
10693
76224
96100
10055
87741
3991
17150
67150
6187
27450
33894
23710
48301
32951
44004
89119
405
90578
74581
69359
24136
93601
40776
5887
27682
39665
66
62516
81425
72607
4763
14023
19350
24576
27647
31941
63111
97274
35663
84847
25679
90152
96605
62075
12812
93529
17075
96241
2352
56018
26444
16687
30081
83720
46745
88358
9945
14182
19454
72763
33735
5965
88819
63942
57324
21743
73412
36406
23422
4851
15537
16171
33896
92373
95598
71579
13576
70659
9987
17774
59985
69281
2221
15938
94855
97413
13148
24040
84421
77147
65332
94980
6074
418
52620
68657
80647
69038
59665
54235
37986
48580
27268
46979
28151
5953
81944
22527
74082
9428
1813
90423
8374
58143
90936
11464
32410
15834
73296
43365
61862
50191
30018
45810
68266
80223
5094
32711
90535
60380
3528
8883
50612
90541
50504
19702
29371
49741
10651
28837
79481
78604
91912
68458
76961
97388
37931
91106
83770
14565
18645
87678
26012
27747
51018
16514
19031
57027
41122
49864
26605
95385
64040
98366
81491
12
37694
36548
85684
11992
47447
78863
87725
70763
24828
55817
84466
80329
82984
30351
62887
43817
47980
18481
85928
60885
22347
9078
44610
23950
84350
57429
88376
99045
41906
29789
21919
42467
86533
8877
37826
57282
81869
66717
65855
21906
36145
70611
27623
98101
71566
33391
41858
93763
54451
26240
10697
63847
96165
81997
56618
9120
65820
85389
82696
25185
63396
35630
26488
69137
49534
68338
28837
46188
14108
66157
89933
26240
52296
3817
74274
47472
41693
26530
3498
67189
2444
41451
74911
3992
84601
2791
44688
87545
7484
36528
76317
47980
78400
55699
55487
27382
71751
60626
84798
41588
35332
54817
58073
19829
7168
71786
37506
81659
91350
79561
54431
70686
99766
36464
65706
93928
23462
11844
20498
5402
23964
55550
59736
52262
13189
53611
27283
53779
91042
70029
99564
18780
24358
90104
13570
93425
28889
47446
70503
66421
24151
71299
41314
52702
65010
25361
90443
53592
24812
45605
22866
36002
55326
96056
16056
13967
1236
3639
2228
44807
86990
56963
30223
93155
41216
15250
39817
70133
69459
98029
1010
54974
87202
51728
21585
74165
4350
13261
85441
44711
39179
77289
12527
63441
48961
4444
68541
34344
52459
21910
16738
71506
95691
36661
57736
71082
82772
36720
94828
6304
37199
81743
33090
29366
2167
50544
27246
34340
18268
14308
8876
1877
47556
90768
46409
88648
59589
67149
33064
38384
67564
81000
81982
79540
29498
89410
70262
2416
56609
83089
47341
5170
2156
29661
61719
93757
14516
68612
97625
74346
81868
51670
62604
88514
82358
97050
1665
81061
69131
63272
1815
61863
38358
11757
16391
56301
75386
81322
30585
44404
28456
26357
53611
95403
58058
36150
23729
44852
82075
1099
48368
60743
26700
72260
39330
22863
8225
27560
693
26890
33937
28430
56204
46125
49194
55685
12957
12990
47403
90861
12273
28793
55016
47676
15143
76908
73193
46938
30449
70394
81323
1445
84341
1819
78686
81133
24429
1114
77381
26009
73287
59415
34233
25312
3142
76131
42694
27217
24576
55110
63533
66156
61694
47292
385
64774
89951
78355
23178
87529
51477
3311
84804
79538
37543
15015
87489
26897
27021
41510
82083
9165
38391
17482
59202
89533
9318
29384
19628
33392
46001
62790
3424
3782
34305
80831
6611
44084
61429
83234
10828
75972
32672
13236
74087
88755
65414
92266
60981
80209
32546
23888
59897
68228
76611
32549
7117
36358
32459
71036
55387
5058
79246
87260
55685
18971
43769
86593
55774
21509
56456
71033
78991
1546
10799
64168
69203
88166
47378
14788
99642
91372
48365
82777
88425
54303
43117
59879
50745
99705
88500
76895
67092
67303
17370
59466
31035
92011
45478
81730
2947
27257
5977
92534
30419
64251
95555
94667
840
98381
75340
41749
9649
12866
10733
65314
88755
60413
84052
98224
53894
42264
16996
850
48246
49280
96850
50511
85251
3671
3977
54498
82785
16977
87687
7419
89913
55063
27165
34269
39846
47400
63251
57822
75065
26131
77954
4330
69621
3198
18360
37248
38516
52226
51992
49780
15968
10604
45207
22347
60187
50590
56609
21986
66712
19244
83345
86215
45567
73983
64444
88766
82509
52437
84839
4062
20178
72383
20684
97778
68529
24738
93946
41240
37347
56119
83922
59461
94773
80363
48106
13311
13317
48000
53198
8673
71337
71594
69018
70619
54952
77522
76929
22159
3070
77654
86889
45333
12700
45959
95532
14712
30310
74506
31449
65463
3412
25720
28721
22117
54418
1758
31306
67305
71776
25309
12976
46303
18898
71531
95327
63861
4401
49328
63050
5775
77944
73034
28471
58916
26040
4554
22337
33278
72725
96277
77013
75837
71142
89252
9589
55413
50425
3940
98584
22603
73292
14166
84071
57661
60469
73007
36642
92919
69595
31194
72601
69150
63387
15698
38195
76841
77029
95016
10219
71651
58716
72291
51342
94859
60793
51323
93278
84340
70664
43132
77394
42981
46634
11210
87476
27065
83825
73463
76418
42976
20519
21422
69485
85309
73672
60780
6269
58342
24419
22466
42858
9671
7677
46324
35044
19583
5038
38397
53933
44674
5122
4329
35354
30485
13241
98905
56598
10005
54759
25218
74303
91889
16436
27406
6886
83787
28830
67290
82739
68218
32530
68279
47487
43
46391
67785
14296
8603
75075
71434
91009
28639
72676
7656
85263
48893
16537
88547
77965
21936
66133
76528
79225
6728
76515
99961
94501
19496
43197
88667
5303
166
61747
4742
42249
20846
77898
29697
84425
57279
18234
47651
27770
19436
47024
3643
27442
85596
45130
62665
14362
88971
13053
48642
81
32583
59954
46480
88905
56500
71205
1967
24008
69864
76453
29650
3496
41200
81559
65052
85879
6153
41811
35367
80089
12680
65092
46817
7521
69842
11436
34250
57403
8453
88447
37303
89190
36525
35107
48850
48914
84175
92790
77047
27366
52834
86152
15288
47676
90065
75069
65114
79523
52283
93260
46455
23804
6291
33283
22234
74942
21856
18720
85766
51762
70333
23577
96463
51992
98106
62933
99742
11360
63130
80433
23794
80145
97587
56861
74106
52838
52850
68796
82748
20460
36212
27239
36337
73093
43373
88586
33542
44200
54533
95813
28573
71007
91702
75149
90858
6343
815
95305
97527
7380
68084
28725
11936
90602
64988
12866
80151
2725
93041
69236
58337
20370
40276
42019
31543
69267
10455
19355
80518
64863
71617
80444
30480
45152
95341
41722
23561
95540
22443
40669
15002
37644
28573
44674
53121
54576
18203
71065
13039
6393
10769
50598
93865
52533
50812
28544
85736
62727
98128
96981
35737
82436
69652
85027
1022
13239
47524
47232
24842
1342
64590
70707
39273
47946
48694
22873
64566
95043
68914
55617
28771
98
85807
17616
80596
43222
35434
65215
63364
24095
74872
11512
82559
80950
34335
45596
24487
54467
21786
41055
50351
99813
37880
75754
90627
58766
76030
35801
92318
96580
98401
32603
8657
91265
5388
46197
51587
49363
98592
26622
65580
23581
207
49060
9977
73141
47488
25446
12107
25988
84399
78200
61368
25161
27434
24099
70760
65014
98389
97858
38937
62289
49414
44357
57819
16149
62249
59186
83381
33454
71741
74751
71423
99105
8150
48794
16005
92161
11225
60609
80875
6939
92611
9738
13603
51819
94755
29276
3480
69124
14107
96244
48775
42348
70467
56897
57633
67454
78021
98024
58218
81735
79074
2305
51037
35465
90924
14937
24101
50811
87562
81550
42085
87238
43703
74325
19154
95946
57731
56119
55956
33239
27408
78063
89929
76021
71543
45262
64033
12508
96385
280
54339
7516
33998
36805
17926
21463
49841
53889
1209
33058
16465
75244
45500
78855
96618
37690
964
838
76170
67347
66651
45071
18581
63348
6749
77258
1154
24717
5821
11312
20859
43489
70334
66031
75361
20074
24123
56618
11589
18994
18271
35286
74672
68699
18765
6174
83100
56599
20313
49887
20537
96785
37261
97901
75369
50018
19910
37965
69284
71997
89812
14713
62357
63524
15581
3359
1915
48624
32314
33058
59369
33069
7769
7063
51270
66939
13338
97449
93166
47598
32850
50294
48879
21743
58762
79376
96236
43385
39233
37565
8030
67837
80966
17239
75214
37983
90303
38508
86972
60823
12581
65023
37980
49457
11270
77542
41107
16844
89633
77130
9438
32990
67149
54314
97260
76111
29459
84472
68927
38042
49231
99034
7631
54576
99060
810
19526
88020
85765
2903
62053
89343
9564
44706
28926
41790
57798
30690
47928
36399
30180
6304
39982
11272
62444
85563
77936
88016
25607
17253
22913
57348
97649
56068
5271
49043
10812
77939
15166
56770
5709
895
47893
88969
60573
2634
42479
47060
39801
46539
69972
90531
97155
42059
83837
8075
49007
43785
90812
9394
11110
5464
31282
48471
50886
62716
38678
91880
21280
97905
40277
80041
54297
27748
94124
8788
95530
16343
98064
86324
4480
74593
58471
64457
41948
81708
12844
36679
11860
6741
97327
65046
62225
67824
89042
31315
53295
85441
10509
99982
60959
69828
49259
20778
35272
71398
6763
69056
33698
65545
2560
81917
9690
76773
26321
21407
6929
62593
62266
88188
50141
5310
66249
10299
10022
68301
36513
3929
9130
30803
92955
81221
18618
64364
18496
29444
57947
28805
50160
69742
85189
58785
75391
56591
68167
87989
46258
13895
43553
50892
53062
44810
50633
50020
6506
68193
79943
25551
86816
2631
28281
61875
55968
17965
24752
54474
2389
1815
86448
69858
64797
65565
58004
44766
8717
96458
55944
37331
94955
39552
45005
49485
18803
30418
43544
57096
21331
25192
6451
83734
78510
25407
29659
52447
22556
52551
18881
27293
77384
24515
15433
89756
46034
54732
58862
15616
36619
40751
36571
25183
45211
67242
97203
90146
67486
25523
66411
35304
4994
9425
77131
99491
73899
77569
24912
69049
59280
18290
31565
75525
65052
7913
94309
12659
3405
75678
95699
85576
34968
60861
84322
46295
59043
76614
93397
77453
96457
55757
33153
33638
26266
71131
44557
97109
46008
70059
16537
16481
58075
72110
84276
81154
92718
71464
65221
64904
81328
10192
62339
12308
88660
12372
30045
19037
89377
3699
16050
75885
81011
68801
63258
28161
26776
87622
63483
31533
75252
77119
14421
94037
3549
81787
9207
40341
13023
43648
12039
68890
38458
96644
94335
62630
89919
83092
80778
89040
67159
46257
10923
75362
20188
88589
37750
36730
93469
61714
86549
66665
32895
44156
55652
6583
35126
53498
27829
69533
87760
76625
27725
36233
71851
51417
21669
77789
40058
10494
52651
56625
61796
89440
95006
36973
69476
62803
61525
15663
4138
85376
86553
35883
48537
43714
17286
36934
37415
71306
5166
12314
36800
64412
28982
91093
22051
27471
47191
72026
82116
16849
34655
51006
51656
29312
28717
1452
96844
82610
13912
51746
76734
26959
63561
19570
46018
21202
18300
24482
84303
10315
46275
85132
89104
28159
7011
8927
69699
75655
68053
86652
99293
57741
57574
72505
27588
87250
96279
98881
57779
13803
14398
50418
21882
63775
90436
19966
35067
14698
19397
83115
27630
85726
30835
33268
12094
29116
14674
46597
2826
48991
85405
21186
51109
37394
46560
15809
31798
41141
58173
17420
84089
62204
78599
96832
23004
14992
85290
15760
8579
54956
41249
70274
41285
56225
65662
89585
20012
34099
57893
50249
54584
45689
96465
84175
73277
76865
83278
51990
20673
12425
82141
21547
1887
28071
60404
98058
59718
88995
88219
61831
45146
12760
60976
17958
24530
5942
32068
63203
96633
73346
38715
38891
63886
40341
20368
89856
7204
31193
40303
70585
88994
46223
12313
66784
24931
17292
39268
22898
31799
39415
81176
579
98049
18924
97491
65495
53015
24636
33477
73962
56261
99019
66389
60297
29419
78577
52698
63127
37786
6842
99299
95177
75034
29446
82032
15850
44871
10249
52727
12887
86096
41868
7648
70532
16631
60586
77097
61302
44051
29204
85730
96519
15377
55949
23153
35237
71982
84111
79824
36275
40831
40740
1835
33478
39114
74510
51715
91433
93514
17984
47405
84250
38799
99170
15123
81387
54108
52145
20402
77474
55175
45564
44762
99897
88284
45545
52849
26142
41146
86222
48145
99796
84948
54008
93349
23664
37617
51975
7280
74429
77165
2768
11719
13049
84118
37754
45393
38838
76176
98913
55406
46010
52881
38038
73837
76800
42342
48797
88469
21012
59404
93902
27677
20442
76952
68917
33459
6216
16143
74194
91097
87527
96623
72249
74243
31862
41764
75091
80411
3463
19699
29883
66558
6241
94707
98145
79772
27324
73807
81707
4923
98696
23750
18383
63124
88646
87147
24635
20245
2957
44101
28077
3741
75398
41775
75739
41443
49457
36953
55789
45616
95614
48678
15901
99904
24628
66956
44414
7781
45934
86136
89170
53317
98009
92839
34194
75319
20343
24109
74506
91817
23359
1554
26043
40157
95194
44496
70007
74663
83816
56630
64488
41008
61209
83624
71369
39958
6101
74525
83020
48202
99893
6655
10386
10257
81447
62031
37910
8964
22381
3807
24995
15121
69374
26774
55001
84503
60580
96431
86316
45901
25597
60474
44101
39452
858
8281
34303
80192
66243
52965
30858
15243
32785
4423
70444
57922
51602
55455
53115
68542
61513
5504
27685
44684
86635
30961
10952
30029
43363
11278
48602
34615
91022
84549
48194
91826
78464
90586
33757
75740
11614
25219
79387
46726
77474
59277
55967
22037
74426
53813
76450
65986
11817
77936
43312
32794
26341
35972
48105
93662
8023
64332
22658
96388
7038
37783
17986
54644
63628
96234
58629
18380
88934
77658
11036
74909
46473
89394
95435
4588
1632
97587
47914
36849
72815
46095
36420
15931
48716
53005
77051
53995
59200
70985
32418
8980
73386
41457
7042
95137
84092
96553
56086
12367
24572
98823
84495
88431
54533
7383
73840
62374
95779
16664
82131
27468
16890
31038
18626
60976
23072
36750
2878
11538
77726
54021
58332
95208
64500
86450
7459
37050
60274
37495
64144
18470
79839
73324
65779
17852
96118
98715
70479
62915
13731
49829
83005
57106
78027
72476
21705
89752
44098
83623
5171
26837
946
46881
26031
67294
65403
75994
54694
80381
70797
75668
29972
55599
28591
42280
97224
19109
72956
41471
53927
17219
32641
48409
66856
6500
13952
89769
24441
36435
13872
95798
36377
49523
45979
74044
15964
30008
66943
87945
9770
81644
19725
40609
22656
66412
53645
90299
61262
4648
26936
6465
52664
22183
7676
98676
22933
60448
40539
7909
75090
71906
41805
71453
8912
58188
48409
50902
52130
48086
1632
56608
57328
8071
67507
21757
58294
22396
27160
24037
82118
15687
43497
4547
51682
39694
34164
50262
98563
32520
13820
62673
67093
63171
64374
47163
76920
20641
56365
49360
34657
22902
30879
92606
91094
34220
83806
46888
56854
17087
64720
11751
25807
48322
82575
4836
46630
19224
68905
9183
64882
41915
51361
28172
83105
48344
76332
52176
3634
46481
58070
71848
2265
53658
85499
31939
28542
42109
97998
