1619 23
66475
91570
3448
3078
96816
86621
69175
76336
82973
44565
92437
11417
19081
21359
51596
19175
7440
78915
53721
96839
20626
35695
8606
7012
22962
10674
82337
40084
92535
36753
7467
72460
27695
12886
84553
93094
50183
83820
89550
19586
77588
18756
25199
38210
84141
22643
31493
22188
73646
26834
74095
24364
16055
44828
46734
51984
53771
93108
56839
28170
77713
58493
43268
16498
48887
1599
15891
86529
74986
65513
64741
67574
69823
41801
64753
59541
66765
96214
41487
4739
17584
75879
73213
32044
70280
1209
74557
47486
17720
65164
66421
9227
33128
40358
78222
11018
32227
24591
88501
82006
89465
56564
60541
62189
95742
12837
30939
53715
33865
48247
33832
90093
71414
73730
55747
64902
60901
75971
7661
63694
10233
39611
77259
11413
68570
16814
9287
91156
70867
39782
31759
72645
2901
89166
45717
51014
60881
21975
72429
80507
59618
26774
1010
58024
74497
41059
28418
93339
59887
14812
72349
47040
84815
85600
64490
2858
4553
31285
58801
48625
83336
32162
67778
7951
49884
22581
53293
57890
48729
99359
21960
85453
58295
54323
96973
80982
24528
23787
10552
62441
80933
70883
36781
49652
22233
97723
27056
26378
34516
36345
28812
2080
29953
94053
78509
46514
38000
38123
66693
99327
1045
20445
77387
57705
71368
93647
15831
71510
10115
77049
45095
95186
28775
39000
56574
99851
57943
45197
71232
37139
64251
40956
89142
77697
96542
92398
67952
21552
36305
27888
69822
82751
52198
33490
91254
98768
31221
50857
93554
52873
46938
14061
84079
34901
17173
41243
17999
49764
21769
37268
48471
58151
34622
30461
5617
76149
76192
68701
67243
91593
86845
24066
46103
24737
25770
61309
74378
94336
77567
90401
22493
37613
40022
22663
19630
22675
67152
37965
12896
45823
32880
62962
48630
79109
84254
48284
69564
7131
20261
9651
47551
73435
89750
51459
30320
14597
38083
35870
15461
95100
91972
36503
73080
32644
21462
99720
3782
18186
59767
34829
74897
74556
57259
47879
21470
91885
90170
12474
27064
38547
23535
87823
7307
42088
90459
60306
54954
34380
98064
30805
41673
6561
32262
84620
23011
16045
79866
83887
63126
60892
66922
41435
12258
29884
45082
77649
40494
97439
40114
15701
2147
47389
70078
37393
19375
48751
52940
91887
3971
42389
54801
28899
74549
94064
97989
57342
57375
27433
96514
3100
80766
28520
17033
79735
7796
65630
26173
64914
55463
74748
43879
28527
27935
83449
3920
35961
13195
50320
88170
61915
60797
53440
33575
20262
8490
28650
10879
69872
4747
48342
94415
30543
1343
42415
67349
79138
87814
59234
90325
95241
90695
41123
38391
25511
43179
72840
59943
99655
61696
14476
79923
95317
27383
60301
17937
84160
28806
10126
88598
93983
99335
33110
38496
77737
9719
65648
95469
25435
36824
15401
80321
63286
45136
26356
51492
42814
44775
34345
32994
20796
94317
98050
71881
56925
85458
43325
82351
46929
82475
11229
87273
26765
53364
10632
99253
50569
65192
19562
40593
97154
77739
93521
51489
3737
12033
96944
1997
22163
92980
10428
41601
99095
67570
54002
46188
40595
86156
60814
59489
73175
40153
95605
22873
58040
33808
38701
43246
62319
50866
32768
18113
65496
13182
16348
50006
80115
37754
64565
35923
1414
81297
34530
11684
95800
29007
21180
79226
9528
45671
61987
9159
53012
10894
37688
18820
3075
3709
62563
9964
68059
29555
10191
63838
59739
34993
43273
62206
92707
81084
46597
72020
87895
69982
50874
78124
92512
98917
85249
7413
57514
16834
52697
44226
67463
67116
1125
40204
48235
98971
38316
95342
81006
653
46041
58695
33037
25924
95353
67163
85225
57382
56416
56306
99654
6811
76484
52184
99726
28307
19519
20156
49451
30494
209
60657
57457
70386
93117
61264
77713
61192
45735
74964
20071
58047
12413
58300
29389
95991
31979
85612
30278
76248
9636
5837
99924
46889
71936
68744
67906
68537
42424
4687
61083
23129
95660
40309
38544
91424
28190
30736
77878
78790
40853
77598
51046
52073
88859
91069
38044
77131
25086
80210
86296
51282
68883
66627
87008
23335
70670
37309
54972
36087
94508
84879
91768
23893
86569
88652
84422
6518
95434
88397
29529
44244
19796
93485
61771
76492
62195
30603
86648
95647
86581
20875
24193
92148
67820
59190
22442
24021
31567
10934
95036
34958
59801
95386
13796
72657
47657
25464
41650
71605
25728
51910
7771
77042
22310
2207
47415
83398
79142
88965
29987
68820
52237
71961
87680
12447
36239
27781
91507
179
73410
33586
31363
63453
78785
61842
62750
64110
28202
23448
85620
13916
44384
59355
40826
38528
77226
62999
81097
48505
93747
72587
61245
54024
50376
85340
78742
72658
40636
40336
70458
39618
5895
72916
98064
27332
53539
2487
45382
52778
35630
84204
48237
69643
29707
75820
69336
81023
24289
20978
90753
22149
1914
93469
86084
70237
16709
90834
10018
86446
76340
26455
10111
8289
62463
56537
69411
23203
59071
42951
61117
51463
19220
31445
85148
2050
90592
28122
74100
31406
43209
17266
65919
67080
6875
41692
82970
42130
14084
58429
99908
79761
78774
55835
88418
28464
36457
17699
63165
23995
75958
34244
69218
32740
19228
81362
13537
80162
7103
12419
75951
41997
73732
80565
85412
64708
40631
78375
55806
34343
61797
50715
24892
33501
56226
72667
23427
98863
63013
69297
6173
59147
33479
34765
18293
91362
17639
10179
54524
16426
84744
86602
73735
57725
77457
2877
4239
76088
21133
91902
65072
93053
88233
22959
90346
57265
80281
79479
74979
59871
1011
60931
47203
17939
44978
62754
47798
49088
5588
16104
74542
97914
74140
50220
73694
96444
44945
14666
53728
53252
11453
15777
16
99314
12687
36118
38287
15533
93754
87696
10305
42910
2003
89146
45935
15155
3511
43844
44198
67837
65059
8065
63638
51795
62746
8586
40147
88428
72386
4474
69207
88328
34631
67697
88223
12264
47191
29042
72394
16274
99237
17828
7357
4782
57574
52660
70882
38380
9462
79921
96131
54716
38004
69615
88180
99539
32258
46597
10407
98957
15750
2703
53
49701
17580
46701
17308
49119
29090
44578
54491
60063
39546
14197
51352
42447
2923
97203
78330
36797
5072
94859
37488
86298
55592
26033
20168
86428
73524
35100
17720
91069
20412
68648
48825
13146
32459
57525
31271
34549
17838
56102
52098
85940
84569
11970
16912
81631
31330
90423
54905
79942
5444
74194
93130
51641
59773
8295
75091
65005
1073
91760
32168
33502
9637
96486
79555
48743
58756
28585
70240
71116
36189
58974
77856
29009
60643
57100
76295
84832
76300
25470
42111
49831
19922
27140
27954
96247
81718
59858
8595
31431
2232
38239
85366
87535
46783
11047
63732
97805
32471
49898
58408
65379
76302
23179
33748
26551
37719
52050
2365
92497
98344
73450
56074
19329
49019
70243
35753
27223
45264
13329
55978
87368
60521
25035
1539
87440
20716
75437
14570
61483
34789
51575
86782
16506
10050
93196
81598
31716
58549
8244
14864
4915
98198
91290
39932
17875
67614
98062
63374
53974
50508
10468
54776
79794
99492
59091
8909
10913
27563
14487
36327
50017
68941
38352
32130
70610
96887
91585
6975
32730
9374
60978
6402
42788
1910
15630
93396
2045
41691
76325
19265
83542
21355
83947
71355
44901
64682
89143
15414
79203
7005
40486
42218
66255
30767
5877
116
74346
25039
30058
2773
97401
240
74252
47602
71942
61032
57670
45010
68447
29842
48713
20899
43446
7020
26279
94069
60735
32281
5848
34557
17493
6048
43736
87316
51509
25260
62279
33045
21250
6538
95016
7138
82879
33741
30723
45792
16472
50861
50659
41847
6426
83268
80952
42323
73494
29648
19318
23749
97890
96948
39829
87170
96151
46262
71055
34019
90516
31842
50629
54628
28602
93382
85210
63782
71630
36340
94390
37069
73274
6468
56612
61633
61773
93391
18420
99249
68374
91093
21178
99692
85293
33176
99790
23046
25706
40190
81674
22681
77163
86515
10127
8929
37426
81253
50816
7455
20805
28742
33317
97687
66445
70381
10537
36786
58232
58837
43197
189
33559
97085
17043
70088
59072
57126
50883
30184
74828
94745
86185
30421
61722
52414
72581
98157
66635
22214
5306
50863
63748
84770
44208
29344
10992
43273
38227
44970
76123
39958
97329
11736
47256
64135
96095
74235
64571
39839
32821
40264
53983
6053
25773
79544
5314
52516
24616
36998
22852
95465
71177
30389
41196
26888
27896
77159
63715
85719
43616
18663
70263
2672
17106
57056
16633
16083
9056
63780
55967
46658
96099
57766
66371
97444
63605
34080
25442
13795
47223
93198
72413
87598
42092
38929
19324
96152
95804
23085
88806
81975
18098
50187
6251
54693
10111
70040
85498
34978
63221
92675
60491
1200
45965
16003
89686
79701
58913
47471
48762
57533
28722
65028
94263
26934
6147
80163
71572
80498
19324
46705
43066
58217
63849
8181
88087
14516
78168
91837
59260
61011
78238
10873
97919
50695
47571
66878
9018
94265
22289
16516
58314
97681
64761
20297
2225
81952
9519
14220
98580
39159
41017
97203
25150
15053
26531
32453
12379
39037
30558
21936
32606
27110
25180
90373
82459
67881
27669
78231
18478
37198
45798
47168
66034
19360
61773
6395
89899
15500
5838
61131
73853
5798
65041
36051
75506
95012
55746
58812
53816
95873
34639
34258
96224
75163
22062
32007
48608
1749
98900
70894
37618
13782
41727
85409
89491
3816
82637
58364
7269
14107
39586
97440
30734
28319
84774
65009
25494
33229
46341
79640
7309
92799
65229
29922
44866
69171
61460
91423
43277
57740
86255
25668
93254
3792
85724
1033
71628
5099
99257
58060
11776
71691
49674
44812
42727
38691
22424
27502
46635
39400
16844
78236
45786
81015
7800
66561
98533
67372
74286
98766
51842
50444
38535
32312
37771
95965
90077
25303
79197
2696
7345
6057
73210
27358
64231
12621
92360
99536
36965
39881
72048
63382
9528
79685
67615
1065
71566
59949
88136
2696
3997
31187
19520
86999
44634
20746
66912
71835
10627
80588
91303
83424
64150
82517
14485
73331
4119
37253
54833
28168
32559
80098
7717
65749
62727
1812
44029
36917
40369
33192
35435
97287
99615
84366
84261
81932
56682
97210
47717
85740
95885
60294
22121
43186
30855
40527
52945
46955
99100
80532
96259
87083
51701
666
86698
14407
33435
71402
38930
12764
72544
71057
18766
34887
19254
991
40403
91563
78294
26025
92347
33871
36155
6535
85283
