2444 1
14559
14597
84593
46292
9584
45451
39188
94696
86708
51410
1320
9338
10187
54624
74851
86361
98372
8975
41202
96490
74246
48558
50546
81317
73896
77630
61976
15221
71192
88021
31914
92028
22840
82463
87587
54765
39580
8952
33554
5585
21486
8787
29115
41027
11595
81174
72181
65332
43203
55836
55915
75496
7068
46961
34972
37270
90703
45690
54459
96811
29834
40074
80623
6344
8556
73710
81300
60576
3116
52610
48536
24795
84179
75129
89278
25558
32925
45562
45151
79072
60349
84861
82052
94015
18742
79378
87405
82281
98466
74970
36973
85003
5454
31564
5740
11589
48540
78258
13892
72940
48448
94345
18500
53383
23971
78117
3952
77202
25923
21578
3743
99294
86002
97844
48572
24015
85811
26416
73829
47389
59808
23201
79759
6003
14182
13692
12768
80083
77830
93356
75379
37841
13174
41294
21240
68659
82655
70998
71601
68567
51293
73992
78359
26477
70466
3904
22835
39705
59443
94123
96933
3666
61289
39020
6112
60581
45009
46680
47307
89651
73260
90810
33666
80975
60336
44080
74707
37281
42117
83212
96386
26950
46121
9428
64325
86541
35213
21186
68265
13115
80022
59652
24395
33032
63837
30973
2624
9408
95951
16258
45998
78148
68173
33470
58960
17190
60237
27951
22293
87376
60631
711
91362
93822
85769
92588
92044
92991
59860
7992
21214
21847
33181
78170
76953
75488
55644
47763
27055
17093
8576
35161
39719
23462
73866
27544
53693
3255
59501
43532
99999
54528
70964
67656
11569
12895
7260
62866
6025
7905
51286
516
25299
50829
93767
28589
37007
94841
48583
12590
98830
44370
97253
52958
14296
46969
41793
53990
24233
3201
64657
97957
18448
14354
64029
89741
22639
73129
89475
52261
2142
61205
72691
6181
2151
44955
62068
67773
10571
45811
79965
75854
24828
41129
69085
80687
64449
93854
47092
82858
67925
26308
69752
27196
46408
36837
5425
76664
77852
72444
65980
83685
43018
60698
80076
46588
95451
41731
12932
22059
29231
61135
92671
78868
40761
35274
20392
89358
48256
85491
77314
31267
27232
20256
30498
71152
43687
30425
55055
98025
57561
14457
50057
54738
26221
24977
3935
78279
57837
84292
82872
81077
97306
62764
27467
3039
89797
58707
78023
21146
40695
16186
73196
34801
66730
25334
42575
31330
29870
46990
9466
17726
83973
62687
42633
22797
60103
11032
67438
53864
223
8447
94159
40093
31660
65322
76419
55279
87841
37574
20248
47059
65445
40083
36944
76116
76436
5637
78111
47632
81116
82021
77807
3609
2976
6030
69884
69045
78457
1297
84729
98878
95056
28018
14313
36227
87493
7177
60422
69509
46924
5473
23037
40282
810
53180
10992
25261
89788
70445
83
56028
99025
34813
10832
68825
54891
6311
88707
67274
38754
21691
93630
47818
84320
42655
21638
50021
63558
86601
9460
36223
99430
57543
51702
24398
16199
9687
66539
48475
64036
67439
95210
47237
12205
17206
47068
66495
18309
54121
89117
47789
92834
3831
75583
11562
38768
80773
63847
18597
80654
92715
42734
38591
53935
91157
93473
7055
9787
87491
93377
15870
14571
2441
44580
88300
87793
30256
4499
8009
49966
60468
26314
796
80121
6340
19227
6496
69311
47172
50251
38914
71933
23854
72115
65348
80680
66989
15360
42909
67334
40736
44659
24695
65810
26525
85794
38927
70876
34924
90581
79321
77638
46952
93706
7417
36104
13409
22354
10731
97517
50525
82898
97212
59892
51090
67683
84943
21072
34989
73586
23257
18024
65423
62752
81285
31512
94763
14595
30000
46574
14217
5251
9934
25229
78853
59454
74276
32910
65617
22789
40716
16250
95567
51292
90452
90705
57976
10238
18942
25479
55832
67863
35458
67426
32111
17160
32008
86909
5649
86631
39214
23879
47143
54204
36616
5860
8908
4069
51419
40491
12625
52786
72801
96263
92666
24650
6569
57494
13950
17285
52147
20653
28587
36303
56152
92210
35104
66667
34016
80225
84817
30478
15562
5960
18406
55488
52648
58154
35036
10303
92896
81919
11427
84635
8716
13939
77694
77883
91707
71971
84518
35158
56942
24259
30344
78683
21883
48762
46658
46250
81165
53988
29130
69016
51523
87088
36391
49263
45677
60703
78965
56972
47058
7275
62502
98016
90412
9022
11836
45743
48458
91030
44144
1171
69069
28520
60173
346
9228
99098
44662
81988
65072
38247
29756
12710
79608
52447
38377
35530
45207
37476
2520
12173
22225
90446
41018
66975
54082
39848
32658
52198
26358
11793
87706
59964
91922
34748
45981
51884
3914
63440
32442
77785
81288
8297
85191
2487
26764
10901
50796
72496
4422
50712
45412
5600
30589
85032
80159
36666
25260
44402
83235
81185
9952
41971
89734
65199
75900
85983
86837
55058
66165
38206
91280
7145
36085
12362
19436
48875
74684
83795
91120
58465
67419
89851
20345
21704
98519
28698
20566
30320
54860
15482
83084
25663
61735
13084
12275
95982
64011
49074
9015
58762
99757
43683
71992
6741
26776
23978
80106
58339
83082
94775
87542
35230
87444
17197
30871
22946
54622
56930
79134
96481
53697
60066
60622
35040
73035
78701
47969
73272
68735
17940
45986
51926
30451
76287
55856
51772
25168
43882
91201
24926
86229
32355
90301
68389
43059
89358
93086
77359
5458
92738
80087
38573
54635
52842
51658
53156
35725
6436
91632
23597
67609
92197
25718
52437
78373
21779
28154
95326
94045
27625
69330
56924
7613
5463
93061
16088
54680
52287
59727
94896
68372
6073
73089
5205
1195
30096
68319
29420
57548
33507
17793
69550
73112
47653
29171
47528
85701
43870
2869
63419
39679
6951
71195
46621
14274
99281
82286
12854
82881
10079
77897
96164
97347
85480
84061
19544
95232
22550
95534
5975
81192
25833
4915
3258
13596
87317
84314
53326
23443
13600
32577
72980
42966
91621
26366
16962
16741
75251
49945
11744
98896
95662
3788
25516
91678
99213
77386
12086
13034
81147
94549
50277
65281
73143
29222
49009
50661
85364
73802
44167
84589
43865
96799
35368
59363
28161
27770
16265
13125
508
66020
17908
32228
95021
97465
51046
41512
37514
46152
4304
72809
85727
52054
37238
36088
56076
51067
49747
94612
26626
58307
99955
38453
38473
31694
69207
84421
8157
6672
45908
79490
3661
22610
84404
65373
23035
18511
18804
9918
19454
56440
59525
49150
36419
78416
34379
65195
46248
63089
75553
43272
21503
4197
95026
45258
24977
18478
98753
91644
30713
52543
37859
50108
19076
55168
80224
98460
16568
92526
46069
39682
17226
65240
51733
11144
98342
94723
34659
49564
76875
78216
89113
88769
53132
70385
94629
74317
76112
75263
44455
94697
2131
32871
46068
99348
24611
90256
12694
30400
92132
92054
77130
59347
66316
56682
11488
67847
71688
60592
71070
91851
70389
51168
9693
12576
81032
57702
22219
53084
53895
48802
14152
98155
72333
35432
17161
43369
89033
46976
31000
92393
68543
65960
99889
75537
22502
54989
92966
55515
36233
78998
69405
39830
91143
31033
34445
5123
39219
26820
92228
50873
11316
75253
79044
17378
98502
44066
21505
9115
21271
68178
91589
53975
44266
83330
73420
89180
39320
42594
12072
81573
44682
29301
62718
97855
94272
90644
98983
33228
5261
93227
11697
26211
28441
17786
12635
22478
96030
81014
5660
45514
24555
40326
28989
92075
25092
58502
34682
70677
38080
61767
22981
82276
91530
78381
43907
28421
13056
77392
82413
38138
77015
83068
29520
33691
92725
81425
84366
28815
22165
79299
25339
77815
9511
22618
34176
96036
38861
96852
60859
19259
5152
29470
57949
50328
45833
56415
96907
34120
35464
29645
71166
34094
84624
62710
69155
17247
84296
42424
36668
40966
92300
79209
76284
74689
77674
48880
38159
75554
42182
76490
87216
41486
45431
86278
5681
18593
71079
15562
29335
46441
93014
45612
60762
80519
25944
78169
77801
28017
72435
40209
89861
23410
30850
95656
28865
8872
5204
30951
35369
49349
15470
88074
43448
51311
79749
30976
78624
65120
34565
718
92357
69671
42604
81771
37634
40708
27727
59525
29731
9872
86452
18267
68265
80787
69623
87105
80522
98220
97030
20768
22414
99373
97285
9779
95955
6173
80234
24011
83530
24468
50657
29579
46167
66306
64938
1868
15349
92200
9270
18395
6608
66588
64622
65206
41385
59466
14987
15891
36085
2382
44031
43065
41086
42715
17163
79685
90785
70776
80679
46054
18191
89341
52189
97858
56524
6234
49678
95151
13107
14704
10284
53786
99120
7574
68958
77027
708
51062
67679
74878
91300
3117
31327
85940
56922
8814
13664
63009
12387
35392
38555
4980
20431
10651
69881
92241
81989
4463
93882
8946
91964
414
1009
93666
3587
69309
36037
89825
33850
311
34002
11747
182
60137
89350
74192
79009
18087
67141
96069
39640
30261
89350
86610
38859
13935
89139
90330
24480
63650
54509
50615
40049
65201
90021
86227
96041
77617
45924
99600
97899
29837
96644
17728
60171
24002
99829
25294
72883
81924
67033
42387
75040
45592
39720
13474
78594
19032
38989
95165
8095
11826
30247
33021
52880
32329
62281
75790
23619
19858
53370
9616
45944
36952
29206
89559
8804
69145
7851
52716
80337
69863
41180
58155
46587
29800
90626
18819
4596
49782
70374
33528
49409
91199
92712
45412
475
84902
91900
61426
26192
72673
20327
83170
20352
44281
97894
69352
25536
78957
16712
5004
83321
76943
97071
5131
5962
5797
15955
61397
38338
44073
30366
8461
26791
26346
91537
4108
94706
80649
31006
54687
52656
5309
34252
7172
57923
47439
25494
55601
33247
45918
812
93933
72813
7164
80593
23093
46699
38416
49499
56344
75850
58514
71670
13979
20655
41426
80225
94902
38483
19089
22703
3765
26404
94470
89928
92280
99265
52698
27398
54196
42337
53421
14264
55088
48812
4687
97602
22984
5824
34151
15962
78765
42062
29296
5133
89283
25723
13591
24760
68577
27200
39838
50192
85749
94698
25756
25627
77982
30299
40891
29780
65328
75750
75832
67691
80435
18647
89927
43106
60996
94921
41484
16369
80019
33006
65603
16227
24995
91402
83353
65687
63501
14584
9649
58272
50590
82628
77504
37829
58580
60623
67536
79042
11237
45647
49121
95397
89144
65964
8740
91889
18698
63972
66910
91775
66218
53736
34699
84792
60317
92541
44281
61
43483
97851
2600
12031
58960
37393
68208
79527
71868
43392
28123
50543
41363
42139
29543
57126
7710
80045
63430
71728
81592
44371
58846
90692
5138
52862
80169
79885
71152
47538
18773
15849
14058
27210
18213
21805
26283
84146
90863
14431
12149
2859
96220
43259
45115
92042
51435
90639
55301
95354
99854
70366
64016
18869
22155
6752
70188
19151
20220
46817
76956
47659
69327
29918
6266
50756
79751
39723
13296
35622
81946
79119
68031
8530
69073
79974
39164
34653
89099
21215
23886
2865
53146
4315
54930
48235
39717
22868
94551
50267
98372
3892
89794
11239
33063
81049
61867
71337
70319
23544
19070
82508
68978
68375
84635
2835
2140
61361
31030
49363
44041
83158
1624
884
19980
43272
99740
87539
18092
63743
87859
51395
80257
80006
45473
95079
39643
66364
8445
66297
63995
58164
55093
91751
21272
5813
16168
38865
74556
8507
83114
91820
74276
39668
78787
65666
53540
18404
5456
95855
3936
45121
63552
52965
94804
45976
88889
86505
60717
60806
20529
23829
43949
37567
2389
34228
48171
17227
56934
40873
92657
23844
39094
23368
81309
74170
90895
28347
30752
33871
32141
10206
21986
93403
49311
27331
74812
94600
72202
73327
25948
76151
94694
39388
66149
61306
39743
9717
18988
26296
28309
78428
53692
79212
61372
16008
4978
64518
33437
63487
90082
88073
35987
40416
36945
40619
76623
5053
13049
47448
74773
24825
70760
70992
21820
66702
13761
21604
31762
7209
79289
11388
42646
61131
62235
90068
59227
83594
46853
95899
72940
38319
59337
34290
98563
23574
71789
13235
87888
76465
96587
64616
96185
17477
10162
24335
31188
48651
62563
3357
73582
60880
62228
74616
3335
74837
880
48059
63924
45616
97653
28054
70428
9354
6357
54635
56251
35103
56823
59698
63779
54081
98387
502
68374
33589
64921
11126
30156
58771
10378
33317
97043
74378
47772
48619
57130
43867
5275
84993
99398
66810
42467
13400
61357
27472
96743
53139
56157
30075
83949
39177
82790
28236
89168
47844
41804
15175
97533
44836
98822
7175
13174
94621
12002
14712
52722
84693
72959
72187
25242
90823
29745
68358
22958
13378
5056
16353
47582
42986
70825
51146
32593
18230
74779
62258
59938
79153
94076
64286
61406
64314
59202
82054
39463
48484
19226
87225
55348
28438
97636
471
30895
64587
62485
29654
37173
29587
37044
8830
88314
46321
11197
84525
76610
72443
98497
44851
12489
87229
95524
21303
71676
70007
76734
9937
12446
59994
12155
9741
74148
87118
16379
32686
21177
81583
14290
37417
62875
3660
16521
28646
55707
27207
51515
74499
15169
66615
54361
8208
90406
8361
72870
20980
47288
15419
57020
64294
31642
23135
73509
69557
54625
53758
44995
60385
66264
89971
56521
89087
32701
56939
29951
42969
77570
7788
53602
90924
36845
43563
50305
55752
61016
4340
47266
5396
67153
82886
47451
20839
36667
89972
29497
82799
13579
99461
67004
69422
46989
30581
7481
40377
4541
65586
36535
75608
25134
83136
21010
78152
73574
37078
68699
52443
67839
13086
29078
58487
20903
45784
4507
33235
94273
51096
46422
72861
12931
71524
96455
51351
87734
759
71362
52565
47194
65600
88208
59329
75327
9859
53484
4216
48332
88215
51879
88682
11035
27463
37764
55101
36571
51986
8285
98698
45837
42219
3068
54239
87528
88473
53091
77371
66005
26616
48356
46837
84148
33142
45930
19510
14101
84790
3695
80762
42303
96369
31395
42452
68589
50992
34571
80871
52972
89459
82495
36429
39934
90093
80395
17555
82874
15718
83728
71803
38890
87384
77120
20697
47979
53394
10757
38166
72592
46424
18811
26705
47328
20641
16817
22265
73364
78168
71660
76180
14490
40603
74531
58299
83476
10623
39140
11707
83001
88138
40878
2389
36467
61815
25141
78911
50912
4150
27298
6210
51473
57129
87728
53626
92078
44009
57808
24153
85360
30623
77509
74084
77989
11435
39112
83508
77680
30560
96422
25686
82598
34981
53245
13259
14130
27382
16291
66409
56594
52545
94848
89176
31063
89866
72270
62390
50281
41992
94944
53172
73537
33925
6040
69239
4334
769
58095
43736
93232
67568
76753
8388
32864
12632
76734
90268
1958
77492
29387
38902
8321
61715
41663
30618
80899
41466
95798
33510
88466
30334
28769
92459
63432
58827
16740
76590
81395
96575
87959
40135
49398
97455
15429
83269
46599
81410
54768
57737
6223
60305
91755
75718
73133
15149
70495
27143
12371
50425
20135
33385
11495
84555
65396
94493
5956
67119
45481
72744
89782
13957
76032
51746
34977
70718
22243
15578
91419
95939
26836
52400
56942
82189
32965
81690
8983
7054
22497
20544
11433
46343
16129
73600
51370
54864
39832
24298
61045
62259
6024
8805
32151
9873
60746
83176
34834
99324
47146
28770
78429
69115
34664
65811
25921
11113
11481
68977
15678
73494
69411
28932
7524
2180
83397
58409
14651
49548
25421
39507
63323
4343
65248
57989
38164
97733
58357
44538
19592
81193
31002
86397
58764
55626
3086
1873
43242
35332
74917
27691
85698
72453
1512
74354
53892
29425
40274
46886
82520
33471
57171
85270
5431
13305
84401
89449
13935
85312
54722
40374
24994
75781
43571
97260
45288
99377
24709
68555
98761
53886
81739
35528
36899
41692
72429
91277
43754
84749
35560
8758
77891
265
24843
68469
56456
52507
35451
28976
54663
35202
67856
33438
74243
53265
43830
59373
21969
5871
4493
17247
38908
25656
61514
97320
41954
57370
6964
19794
66517
32088
40103
