7129 24
93981
15667
51766
37298
22403
81047
99599
90486
27498
72245
39834
11558
43406
12948
10419
84476
53162
37887
81626
78485
24930
61795
23186
57487
76762
48468
37698
60690
60796
85351
57495
36932
95990
87129
26209
74803
9849
5383
94673
83439
15804
74932
87458
16524
71831
71655
55405
81125
51720
23210
18
65812
61297
75340
55606
83963
82488
14464
9312
33311
45509
49115
93371
77895
65128
82458
76439
92897
49489
13402
57480
96190
97301
76829
42853
90385
15344
92812
68619
39091
14366
30096
49943
962
74624
73784
45007
44478
28893
33526
58874
1674
49983
67233
84739
14481
63602
43892
77210
91006
86824
56078
65939
4131
13879
85073
47494
33747
84409
72611
22317
59176
71020
94480
52424
47742
71408
87141
46652
41014
73131
8310
25008
76500
67176
82169
17359
48097
15220
19241
46762
61162
94560
90021
69075
39167
72354
96142
97602
18260
47699
50668
81299
23587
72082
46730
21286
24777
88736
83957
55902
18981
81314
66913
66627
90492
57890
61828
736
36599
174
68857
77957
68323
34552
15390
90534
7760
16244
68054
52698
41139
15741
41288
19518
3749
9616
6494
93967
77761
82288
8903
93619
47594
77760
10294
20657
56130
49548
81505
20629
97748
56993
9474
20109
39051
94160
54265
81038
23704
81807
97224
92591
41329
8087
66038
82093
62060
2951
54893
35045
10664
87392
99452
5981
21445
12295
15669
98588
24167
71878
92688
37422
91159
34860
65222
2241
87361
20584
23159
15114
29687
48722
8965
93216
34028
86018
37398
11840
86362
93334
11574
63911
34717
61488
274
46620
9750
7478
85695
71811
21737
47217
88721
20523
83712
19663
70948
55617
21765
68417
96791
27066
55851
36765
16043
36078
23718
220
95112
21111
73518
18077
54329
14134
88353
5441
63563
27246
5342
14829
30354
48359
32426
92268
3044
12140
33327
26186
67196
23918
59736
66746
24441
73375
94006
73168
74844
93719
74846
48135
2541
82099
78601
34909
91478
88689
66451
45554
84807
85077
46428
91437
19600
83271
66890
94967
29002
47282
24996
45406
21583
23686
91673
86579
28189
55576
7127
46636
50711
67389
44405
78691
48484
43314
80361
63029
48238
17687
56562
15523
1476
49936
58608
18133
12537
53571
28583
22834
85378
53500
51040
55882
23772
49483
33288
40652
93540
13669
86959
51568
16316
11583
95081
20462
96365
62295
35568
27333
47648
56747
2689
56309
56612
42687
30907
6277
13515
14235
73891
80158
14636
16554
29282
46958
77539
34269
43973
50726
91756
47622
81820
75036
19020
9501
284
93002
34984
34975
88574
65197
85548
1450
76029
1607
89318
58626
54459
51357
29192
56943
75133
58
32105
95133
33930
82474
21732
52794
37745
96832
88471
66363
48992
60560
422
86200
57165
57654
11350
779
27153
67053
65170
90998
5928
94073
91754
2266
83826
46686
65551
53088
23285
72102
34584
9459
33625
35423
7552
8644
75626
48218
27333
53381
2330
14957
73354
5135
21085
15858
30614
57404
84395
19398
49651
55565
12705
83819
35856
50854
13599
73030
65408
63341
3564
9602
37401
52686
86286
51531
42773
42106
4530
19316
37812
15907
49994
47346
12248
7714
23658
27262
89032
62321
28266
14295
27502
50642
40360
79038
48249
43302
78467
7352
29723
91798
75872
38351
99436
26926
58793
3793
78597
55068
16425
64719
61862
53910
89361
10271
29873
42737
3830
80347
9804
78763
41041
69376
43747
22754
27325
80592
17156
74970
74781
63185
86529
31899
41843
6124
90289
74513
28810
6926
71984
56747
43565
13514
97882
25436
95886
52405
724
35261
93216
67528
56355
13384
92381
45698
3315
42175
19361
47619
36561
50307
2765
66610
4081
53277
63077
51609
68841
66489
77937
48516
57716
81797
45216
69477
71408
64855
32545
24594
22849
97861
61832
8293
1132
13002
13680
93531
67644
89831
85843
30167
58464
30208
24243
47580
28523
18299
5044
89878
35763
27077
33023
94161
92755
70508
20801
30624
30025
95814
40202
23000
85400
39241
77455
64051
22151
85968
91016
41229
57952
70461
38131
70890
96594
53585
10127
68334
75472
94965
31042
63076
84399
25685
60947
80632
11948
26464
27888
99036
64804
18217
85290
50982
37370
58953
42868
36240
93620
93755
72136
53784
2974
32286
81825
50910
86662
48566
53314
73481
23902
61932
6542
49985
48190
57097
88558
55414
57471
24415
65902
39960
59489
8225
56160
19357
16966
78726
38871
2558
95252
61193
12109
26714
92919
29164
11806
98290
73404
52368
22955
23563
58359
39774
9496
91119
22175
21794
81038
9549
9965
31787
92474
22644
85344
64044
53644
16827
5948
16222
7800
48093
32262
84156
22457
10357
54697
7557
64745
95782
43349
78398
48170
32182
41403
56333
41536
70414
5330
30975
16117
37947
31413
90563
74196
96048
93346
92909
15278
36162
11516
27571
10648
52299
842
71059
27179
82120
9654
6668
19170
51643
92111
13056
80063
10697
6760
12377
13447
24860
40119
35936
9794
64419
69687
86279
19580
76845
7334
98177
41895
33298
46503
45157
37174
32970
91488
1423
37859
57939
20861
38558
79050
66799
71820
68119
64043
38180
15296
4672
74284
87643
30670
80710
70805
1986
66963
44504
9875
99274
60236
85321
38261
69865
70620
59570
53522
33401
33097
98382
42273
33271
91551
42365
73663
83908
94380
66017
69325
89896
51554
19332
20111
48266
50520
67408
16975
7225
23625
32660
20823
14535
74132
37894
21562
80361
78587
85084
78828
91192
98116
75922
86470
74866
52090
82727
39747
85786
30029
84128
90501
50004
45326
548
34513
54570
51156
5534
7854
58633
81914
41917
19018
55108
34527
14007
63862
28113
10372
30402
46405
98759
82737
75226
76337
76550
56528
46207
72181
47919
72625
94067
80372
73960
95876
67200
79025
30585
9570
46448
26740
63665
73285
41331
62092
4962
96267
15260
15111
83777
49432
60676
78844
75655
26576
24934
92386
5011
68001
97442
58518
36709
77687
7611
48248
80452
65765
81592
35535
74969
91971
86630
15137
69810
58026
23828
16699
31104
41402
63542
63663
90937
50389
81155
22417
1271
60290
49879
87929
39415
56907
90290
60868
62107
88255
80022
48627
90409
90416
80653
83691
93641
60630
41217
41683
13834
36522
38658
22297
84670
46348
11332
26765
3834
62237
60382
83364
75415
38214
78764
27127
44756
68336
22093
66785
6929
90857
5030
92453
89749
94469
57758
7077
50857
47291
72288
47820
12155
49316
64028
47301
98205
75039
82278
92770
2211
74064
20021
58774
10248
40124
54405
46939
31273
7150
30358
36685
63016
13878
70602
47244
50282
33221
66251
32830
70586
61650
14787
18603
1540
13144
14786
98399
22907
18549
25404
11692
38612
34860
41640
5702
39976
22052
54690
27813
85398
36488
97706
92582
47647
61957
6627
92938
5352
49359
50324
46165
35131
40603
61803
61072
13126
70246
85493
24200
7674
58925
16871
55533
40205
32019
51928
37716
76825
81887
20740
8469
15740
92347
92715
80238
87126
27254
15855
31454
13805
61954
30554
39754
34060
57623
854
78268
3423
88239
9108
85663
88985
5287
89413
8708
46639
48996
47172
44576
74811
41196
32138
428
90617
72265
47191
85444
47917
14473
46160
41032
90939
13761
51132
82462
98797
98789
88870
26413
85521
7601
12895
13284
64921
5284
51896
25169
50553
74880
85132
21739
57356
28939
64532
60457
18575
30353
33105
86728
38212
70047
65830
23592
42961
91081
14586
99727
18911
22917
78843
24965
32283
61550
62582
81047
19384
82691
35360
54869
55371
89733
14608
26260
63822
1084
79330
16492
36990
46099
95222
22522
91708
27927
21103
6559
21391
38364
15925
62111
9409
30744
16499
66244
40382
75910
85497
8121
35800
54020
50427
37039
58950
35221
60657
55291
19392
39168
34133
58069
36228
39087
7208
20411
34708
51025
32781
93548
99670
74681
92139
27822
76275
66365
16912
15496
99160
34647
14601
15976
17880
8647
46123
56159
61256
42223
35853
33056
94434
81174
75692
96709
2851
6918
48358
35242
66381
25806
96223
10223
76741
8256
3838
98490
19861
79700
76689
83155
21643
78307
77157
56550
43897
81197
80559
66117
27379
67060
83366
55076
32180
72350
28775
5595
96154
52759
41456
27367
45861
47948
66757
96425
60572
59922
69838
52069
95272
96797
63478
85284
64342
41737
24237
52947
19257
93749
37287
66050
91750
7906
84700
11110
86711
19608
22086
63479
82889
21698
98502
53330
23134
18637
56095
43352
33627
39597
19673
55726
1163
20024
19551
17659
23930
81833
96130
21005
22298
13695
89012
14997
66882
2971
61517
65542
83146
53605
96810
92665
24112
3943
24233
88204
59031
720
68686
71038
3939
17235
21409
20245
94334
57446
97901
92889
38869
66212
12771
38102
60059
95947
88277
8638
74310
84894
98779
73732
59149
63140
48882
55554
88208
26471
66872
55700
83792
97142
30961
92187
21202
1123
20933
63611
88097
11430
42559
23165
41993
19001
98096
67437
9181
60409
40554
89661
6673
26347
52549
16417
74305
26293
86654
39985
34600
94145
13043
32650
9066
52638
99944
39789
40875
62846
37061
12958
24597
8088
39285
8135
19189
9576
88457
17522
9534
93002
32787
53747
1926
41859
22508
50652
97348
792
22478
26406
29912
53685
78138
41006
50435
55496
3699
44598
81643
76227
15809
51872
68024
29981
46704
22071
1594
76657
91374
89414
55808
44765
19697
10814
39746
22277
64718
6357
58552
82830
79427
53537
35265
41155
48846
6785
83325
97876
79507
74133
33363
12850
8698
58241
7948
39380
66991
845
31062
38804
92320
6280
71459
24819
86466
23776
38279
47601
93517
89708
90429
77558
24059
65667
2690
54092
22510
70050
25016
84418
55431
72170
45796
31883
92815
50175
59377
18909
11345
69546
811
36498
98878
34712
357
46282
23976
51673
44436
6919
68424
30626
88785
81168
43289
86795
7899
79311
38266
25681
178
76275
3215
27605
41565
54094
41184
87516
13637
11032
31129
62349
85528
55466
12872
50454
47848
34692
97667
23015
27177
83752
87359
35285
87830
16924
87322
61209
33996
96300
40946
8719
44141
94438
1803
15351
72191
71356
94670
71959
394
1765
35780
53526
32702
50845
10815
18403
75914
21216
83697
14892
64550
32659
22803
84488
34251
48251
8544
45741
76501
91939
36983
66554
97928
65595
37532
38959
43880
68276
75543
46928
92863
49989
78356
95302
97147
41193
60066
28957
75246
82270
81972
90279
61676
86280
76067
35224
78672
63948
75273
1032
69399
47413
72840
34164
77059
92690
41985
76733
39162
25462
42653
14119
91397
56311
2824
12764
8305
52272
68209
66823
22417
47327
83371
73689
29306
66471
52463
33831
47909
92911
90775
83849
55633
15073
87717
60764
9599
56620
16154
30594
67700
74947
1919
82557
83866
97787
93248
72856
6335
66417
4300
5982
90133
92802
4150
13440
21744
89457
66263
86483
79627
74820
72490
91056
1891
39943
60910
79571
11131
24168
39048
29596
93974
95641
12254
22801
19744
56914
11709
84314
71494
43916
26739
94979
89369
33447
86070
66814
622
42629
11452
57566
33473
40332
21984
57981
38222
63112
29860
54455
57079
92646
51273
6797
75009
55802
61401
93059
5014
63259
24157
15778
42244
30946
53831
76791
78173
75054
47082
47666
51253
58563
84252
51560
45351
94598
91163
17585
44273
60674
42790
38506
48371
30471
12031
76532
77044
50694
42799
94964
71100
48566
25442
41457
603
40305
61959
99897
16705
19480
59954
31388
53380
60875
58842
67311
92958
33810
34170
72427
17324
4791
86324
28236
9615
16905
76585
73554
9679
97691
27779
88419
42035
71651
68619
46406
66858
52635
16915
40041
43142
39620
8238
31773
26843
13214
34899
94645
95908
14000
66686
70187
7647
25830
59502
9563
8972
20430
91176
41638
86514
57595
42546
60336
49242
87522
77785
21249
73906
10112
45964
29352
35755
1234
2559
89748
67675
90010
84904
79833
46555
98593
75685
82353
23786
25264
65365
95417
3753
3829
25786
752
49981
15013
7614
85339
65873
67956
7755
36323
9329
47646
82065
58229
36176
77218
37731
86401
44898
71266
59290
11004
98915
27204
78545
71262
1358
67923
68488
88069
44070
86463
8545
45552
80913
66969
16358
65060
72536
49848
17089
80555
86153
89303
87010
76912
20981
53076
60540
46244
20082
78899
46952
72284
79866
10681
62177
92049
16138
40625
57191
2143
7044
29419
94716
94374
23437
61847
23818
61036
27728
42894
42491
71705
77305
1066
91999
93849
95579
32841
18378
33950
98410
30766
31155
66523
8962
74048
93142
90698
54622
73737
43538
5447
91906
4632
96076
76275
40274
45856
7018
73266
95640
46071
77049
71085
64801
75991
8008
24881
38241
33024
2059
23214
23403
30740
793
41688
29434
62554
92814
89450
58059
70492
68362
78142
74080
20617
66192
25942
41086
70771
51943
79702
82192
21650
37596
60296
18114
63583
67998
60278
56071
79162
46017
11476
16596
44100
6300
38420
44482
15942
9707
34415
78480
59496
74798
73315
38142
16539
85767
72495
73939
12112
53792
81977
20568
85023
86211
17000
37307
6081
48352
84875
92941
2421
90187
90544
5092
94463
87387
52173
64570
63044
32428
47835
91660
12911
38206
3958
74173
51792
73908
1502
81264
90648
31317
72761
98577
13118
25070
71919
59148
2173
18254
88941
70612
10291
70697
92259
8798
29123
43734
7237
58371
10836
9425
41229
67682
24945
70586
39511
84795
49127
93204
89444
78357
67241
79655
53688
82106
8303
45566
88061
82005
12147
50761
22781
85467
1171
93084
55915
41791
22450
15054
49883
38108
55447
12955
69734
96975
69388
9443
92967
43802
704
97289
7232
87843
59205
84852
68246
60787
94995
51569
63440
77111
34691
82160
25916
42914
51477
24483
13354
55049
20043
66498
86352
21573
85676
91465
64612
49685
89634
52120
66533
84826
9467
15986
82226
28409
43756
76510
34481
34908
91977
3465
73962
75537
46510
70915
48585
37641
74266
57406
38336
28187
14447
72242
80962
2943
30483
33627
95657
17875
41426
86937
7665
1401
39961
86447
49179
22743
90844
88100
30347
25174
25297
36134
71914
66627
79059
67970
50117
42289
62369
22893
97163
15573
316
81086
56307
18120
47596
37009
94196
35529
37020
44070
2220
25529
26201
54976
53497
22237
26807
32807
72195
80991
95692
42726
13456
97869
74515
66253
44590
67897
63306
47920
45485
9847
19380
16391
93186
44802
65912
59212
13542
47352
79648
11776
12244
99865
47387
75078
31630
64300
5180
13094
5209
75641
47321
41771
50813
91376
35020
33125
25734
37985
84565
81576
47973
50658
53334
61356
46896
69773
74294
46987
17853
3614
50495
3814
74539
76217
73696
7712
94522
51138
34251
7681
96558
56900
79160
93652
92719
9291
15712
43337
40460
12713
59011
65556
29140
97877
74914
55757
16283
50983
19750
88942
27675
81789
69144
92152
52848
10202
82630
91726
60571
89089
51140
920
55264
97918
17321
49665
40584
42654
36846
82425
80800
32018
61362
65301
37304
73040
65881
13866
22245
76914
40200
17173
56287
81333
97035
5206
98564
71674
44367
22544
42419
95145
65832
89643
70065
48233
65868
55475
68680
20841
4374
59606
15107
74171
90021
89737
13395
86899
80858
62436
78285
7213
765
71169
93226
97828
24376
67457
42789
1659
20058
20967
74817
42744
64630
25371
30112
97412
14754
44328
78349
49613
85977
58655
64788
95460
1593
89650
71204
42943
85189
30457
59571
94136
23012
64913
15546
14316
12608
38392
87669
99325
30696
98770
34245
65296
39470
86887
6030
58768
66346
27426
45561
27273
89430
5204
65491
6861
47055
72271
68075
53619
69722
10219
45144
66323
35901
37893
81713
57388
32194
60603
11795
25438
2968
60337
93311
85424
11057
93007
23258
41675
46756
6944
53675
41469
49517
33909
56672
30263
14088
70272
86729
71535
14458
17754
8411
8799
62696
87741
17966
95492
29790
95274
2656
12000
25097
84676
94096
71000
89374
89683
68708
74167
56657
8739
11363
23273
6782
53986
21339
94753
71715
59814
17277
59956
77476
91012
79292
13979
66758
21114
46610
87989
8692
63494
89595
68898
91006
41772
56567
46345
77140
44852
17004
16435
56624
69450
70914
60334
45257
81980
69701
72971
92961
6336
6279
87904
87960
15019
29499
86759
36950
35707
49787
70493
99205
46254
60227
62596
3636
79560
59028
59522
33462
71761
86130
81791
12865
47765
4839
34603
5423
79682
97725
43254
92640
33486
29127
597
2230
11374
8761
37604
69400
20064
95595
2366
39024
82690
7675
35815
7725
99032
68872
18499
95457
71114
88503
59868
51492
78564
83474
51776
56655
78357
31972
60128
61762
44560
17726
52338
70975
28877
21557
720
52908
39113
66177
66712
56821
34050
86720
4074
7912
13661
33329
89388
22295
88864
24122
65609
9337
58391
31971
75757
4905
88915
39032
85515
82438
77862
27723
86648
81586
43401
99503
55565
36243
15863
33022
26281
22996
90287
94004
10093
48933
95125
19857
63806
65815
94705
36475
72294
43585
86031
31866
28595
50686
44318
92955
93750
80140
34993
76302
75878
99471
2049
47079
36347
39212
15241
58464
13363
2382
97992
82550
22032
64804
71554
88584
24280
88513
83711
78011
12979
5723
23499
28120
6961
70573
22709
93100
77826
2517
39600
68231
96380
64534
46229
97598
4408
76119
58623
79529
70901
12866
12653
12774
79155
20070
80163
12116
77018
7766
40298
57817
42833
23623
89387
69564
16551
96086
22584
64331
26733
7808
9635
37111
18810
91304
73861
19379
28422
52116
94457
27544
68975
68464
79102
73988
67671
83210
67129
81655
22660
68020
44816
77525
76799
61734
42320
33798
4853
3865
3976
56889
53273
78061
1515
20476
73728
85283
42770
31078
20612
65092
78584
73934
32546
57625
38236
61009
46715
82544
53314
68048
69174
3005
14451
47855
22621
438
20632
86135
43100
43479
67139
10293
79205
86300
487
20856
44751
11818
50875
86295
98834
53030
26746
46633
13580
41851
18470
10572
64575
88249
83264
65951
15441
76976
45970
86855
9963
4249
64901
36942
31355
40750
73803
42015
66450
99854
30135
8555
78854
94458
72352
98599
22672
95642
42210
20523
53391
58776
57244
84789
98436
12355
77714
59172
51380
21966
23725
54366
97386
99279
93655
2283
55506
59904
55232
9687
4062
42561
39547
49939
46693
29684
39649
24981
80607
49024
58829
89011
7402
55119
20894
3980
96649
6928
33785
94944
93920
16886
95428
84851
65369
5942
19852
58190
81153
95693
20640
29085
3083
80119
21236
67826
8204
8281
76063
95425
97886
43769
65148
90818
80702
66881
28813
13842
52750
287
54228
91538
18323
79112
76440
72614
21656
81488
93030
22359
28713
79571
73613
92306
86968
1840
58752
95879
68508
13704
97624
34155
12045
1508
58864
57271
77898
91660
61928
1990
16787
97137
36098
59962
72591
38372
81640
52120
95911
60988
24452
87175
47305
71892
54438
15061
50470
25930
42977
6035
22004
80770
11278
36628
99149
34721
28520
58097
91118
16274
24975
28776
97017
89636
47622
20249
13875
61226
13556
50439
97511
37786
99878
3165
75457
36815
48651
89511
64467
89255
90167
13844
39348
94629
33057
92667
13212
66736
6277
90163
70634
87442
64482
32633
27070
51354
36797
81709
26399
75707
31037
2037
88950
45387
10701
44601
93425
18276
30941
47782
59809
78950
25664
74892
33053
77203
2671
17472
95772
44562
31557
75770
61214
91981
68770
75671
49668
74515
6313
15192
83604
68118
89121
50338
76150
11533
95319
63708
90490
82196
70490
31092
89391
49864
49374
8122
37549
42955
18042
81059
51725
73350
85642
44552
96715
9441
18766
61796
49323
96525
2409
64473
17201
46747
13954
97036
77575
18850
61478
52869
96091
87166
7588
55216
414
16875
19344
32958
16230
15502
71457
16805
40653
65708
6259
49883
71024
42992
2854
51487
32529
44010
95005
31473
54966
48715
11391
18389
46631
9802
95001
95316
34036
82754
11291
95898
14701
89105
19190
33881
5287
74842
44485
96357
65758
61252
92737
72214
83597
6649
65802
66697
51096
72489
64869
12543
25091
67652
23993
1372
83672
72099
7025
32617
933
78368
23645
34387
61339
30489
5201
15658
67985
62641
93188
84163
86687
6991
84562
17494
46371
21629
15739
69600
13215
93930
98274
42371
55417
89800
5039
36897
27385
28463
65325
16997
783
56344
46540
46426
93227
84675
62688
46289
89762
91730
68064
2751
90160
59020
79368
13597
9617
82203
13848
13222
36166
75117
23411
99197
8598
23511
98784
61125
92843
64845
30221
73542
33649
76971
87431
82255
41210
64784
31587
47022
15772
20125
41592
47578
3121
95355
14882
84586
83575
44050
13985
8858
77326
64179
28312
1357
96060
40367
76623
66662
36844
91005
71121
69198
36299
37240
48270
32210
10698
45471
13562
66050
383
93427
11756
26514
77827
55676
57729
7517
2229
3141
16950
62173
39318
95131
59217
28724
31339
32242
81049
38790
74398
89504
63065
63517
56221
48319
38274
46595
47194
43248
64966
46060
70697
20531
21597
53130
42853
37872
80099
55510
92107
11761
7608
750
95870
30821
53279
65233
6049
85439
16288
39108
45952
73492
26278
88977
17224
59713
8449
48515
87178
31139
20165
82732
82716
81437
34634
84479
32471
30742
95978
40150
88890
85624
66950
95788
15142
25009
71457
70948
84608
93590
75715
33089
48466
7483
37495
56012
81451
28317
17197
88209
45146
58361
53689
53218
29143
99761
75923
32307
75194
12366
61269
67324
68289
75385
50528
7706
88974
38848
36247
85774
94791
8471
97890
49500
89557
1173
98892
29805
21830
90739
15526
74190
8395
99632
14562
67919
29754
73616
26968
4612
72524
73240
8068
33896
31520
63924
54054
74933
32951
24401
8545
845
66550
41827
25437
55573
84296
24160
3622
89780
2265
2115
30762
38584
40540
4234
11710
38385
82405
24857
78362
14837
53039
60373
57688
27706
39640
87241
249
26751
24256
77284
92800
87075
91438
61785
95221
62028
22251
84510
19331
33890
79333
13710
77755
57073
94413
10663
45039
93130
21529
86124
28023
51107
34531
11748
9520
94739
41288
6713
52056
65431
45641
34906
86067
55471
52046
11161
84265
86913
2078
33710
40869
70869
64297
67762
52760
94616
68158
55237
39892
74778
10517
30089
50130
28687
80102
7141
84940
90130
15568
61795
48611
3965
21779
40305
23866
89842
56278
27076
98425
57301
62466
48752
3180
18479
64613
64657
87041
92429
98192
7526
94477
79071
18265
36817
11592
53754
73082
69816
65164
43447
80048
81095
18394
29841
20765
32587
1558
88235
21126
3160
29382
40423
20182
12197
99350
87152
27769
61227
40631
18865
48130
52969
84955
15867
6469
15203
50426
7043
58462
79550
24145
9762
76040
51429
85822
36308
18087
54792
25285
67289
51167
7543
97710
30583
63098
2731
31557
42134
74118
76030
30136
78915
5332
82638
27645
31725
96602
78079
17065
93099
88498
8790
92282
84244
73625
19518
77678
79781
63793
60742
72361
21599
99551
33921
82067
29414
7918
2916
94648
42979
3722
49548
934
40995
82534
26006
80595
83990
83063
98117
2100
77936
24598
2848
58183
58124
30466
90353
33098
53508
33307
77063
30753
38426
70857
86580
34100
13235
60627
88048
89039
91094
37000
82164
84289
95441
85145
75904
60125
71796
52924
75190
70748
15220
19019
84988
86712
24874
51171
92478
51186
30321
76742
75626
79534
61548
16538
72178
16114
16446
36232
62125
42346
44335
86909
66934
72999
58029
9548
47084
75164
68841
18634
80272
97119
20214
31408
69451
35406
23150
58877
29189
84039
68941
85873
2927
39502
60116
26451
45882
97804
16999
91597
49629
38634
36879
28139
84499
70714
71672
24991
32314
56686
21684
98335
46006
44735
66327
32197
10572
200
66233
7374
48903
79944
93079
45277
23990
55139
12370
17589
68556
39778
82062
23618
18463
56398
28276
39248
13194
83193
84977
29554
44715
66197
89365
71709
28709
89467
16181
15435
88191
4166
92778
87032
53091
94389
97615
28680
54176
81772
85766
28991
90344
11732
38772
7208
94675
46870
69120
60399
33659
63204
37401
43302
26238
18257
85677
74947
42911
96467
59666
15392
58276
28584
32417
86107
88537
4974
17590
73172
62028
14762
43889
44882
39279
25154
39640
22909
79002
35971
33619
71845
6182
19964
48174
80730
76979
3744
2427
38674
94050
21864
61101
95110
18716
80111
23806
94965
27337
52596
49514
83552
43098
40444
21426
5996
67200
33325
10042
45635
66482
43988
57643
79284
47563
88127
73170
27438
68202
57028
2527
97320
31184
99737
92263
5149
40262
38330
29410
49288
47348
83718
46541
60748
330
90401
63849
78447
53019
31380
2491
54234
21565
47593
82698
28506
65515
7983
29924
30690
34532
1756
45081
30631
10569
68102
84702
41379
69922
62473
69772
75667
20665
35844
56062
16345
78461
81980
56727
68506
96001
87255
58777
8960
72123
98146
42959
10553
25957
15884
76004
28599
99807
23112
27466
58383
95915
59407
77428
87130
12848
63132
8988
40790
75960
55502
80350
64293
96850
63178
76538
11277
25937
79670
98646
5015
36874
23199
12634
71217
5594
53812
94419
84844
78781
77513
90609
75038
94424
33109
18408
5441
50577
99604
85778
89362
16466
16293
81451
48946
51049
53037
10612
45737
76554
45554
50
82846
40236
6881
78476
16192
70344
89193
24688
1377
46238
32094
64718
85654
87791
52663
28539
97816
88260
66063
28015
55301
23365
12168
12519
85888
11235
65092
2661
72525
26767
29162
77643
91926
84576
76743
63876
27432
62385
64010
18811
59926
2208
95783
57953
17462
32401
92309
57483
23839
87625
72624
43346
16081
83475
65975
20946
99725
87742
20079
38251
47033
93949
190
45539
71005
12422
34961
68546
41704
47700
96567
67124
80556
18021
15972
69451
6590
75484
51663
9786
55639
88288
47988
92475
54806
9051
58642
9002
60315
52380
97070
46504
71597
22550
35599
1977
2325
57151
23808
88198
90145
52113
96017
18172
10530
11884
19637
22090
83662
73426
86790
48071
67519
39018
31645
64938
65234
88670
27674
38737
6921
31836
65986
12923
85193
15225
23195
8557
9981
13865
63506
53616
80145
92361
97078
64049
53560
7637
90331
13248
33991
91570
62904
98322
80727
43270
4809
72256
99463
67354
70414
63302
73239
96287
89418
32164
4878
47494
90820
34144
56405
97894
47209
58817
6618
27034
90856
54997
38735
69217
68053
51149
86440
2653
37767
72412
5792
13588
25018
53084
33204
15505
24302
80969
87270
74116
37350
73379
36859
72894
6474
87760
83742
2582
77093
36280
9787
54887
12007
15880
38757
22159
52708
67631
95313
86673
43827
92868
11320
24116
4624
38814
84025
12674
3162
75834
97365
971
90486
29465
81777
68639
16107
71103
39767
64759
79012
30901
53493
68909
4209
11592
15484
97695
36870
20040
53250
19824
37146
42186
57025
21863
17513
66406
29399
98190
95251
28186
95364
25044
2395
38565
63950
53803
89353
44012
64928
7147
73192
73401
43430
69549
16840
99767
56275
72177
69565
71351
16316
96761
33758
6734
96923
61164
43271
49077
54060
82675
81560
72936
33011
11423
66740
9991
49556
20257
37763
42584
5305
66577
1968
8739
25456
97288
77163
14228
24747
25958
76136
64189
62430
75564
91486
36241
25060
38211
8361
40202
33786
54643
15945
75652
450
59053
73313
98176
77570
56002
96505
59490
3043
1929
32988
36563
56018
37853
69018
63487
59074
66461
5671
95992
11496
3530
42714
2418
26526
43500
39792
21989
18913
9933
12166
4078
306
34717
66594
96078
15864
3789
95179
45546
89565
46644
95564
47497
33549
13676
50742
61625
71994
77494
85147
24042
92315
20562
76275
36881
11848
73160
78682
31398
72191
35426
93008
38439
6306
52143
152
7315
5175
82690
67258
78704
54439
95760
90177
61061
11167
75958
89758
53249
99986
48369
78307
29426
6613
92068
8264
76878
16930
16054
22729
98062
9494
77841
86886
13710
84914
14211
38338
75662
77150
2689
44037
93364
79905
48255
93498
2344
88938
32474
47858
17975
57547
28366
43263
69424
85016
90720
12793
39370
37580
1078
78588
93404
39301
74873
14888
28163
96899
82074
33024
53920
92333
99210
77100
98551
70252
63009
42231
72753
19981
68952
72658
31483
48323
8558
16079
26821
29187
14695
22310
43492
6311
18728
76660
14352
33452
22365
59702
16838
57844
91443
63219
87560
29796
83934
43472
32120
9414
11316
95001
95681
68201
24176
58718
44014
35996
21872
85939
57200
20567
85848
58416
73436
71506
48845
72783
65034
15147
90778
7953
92664
26821
5166
35001
27622
15620
8700
63663
17751
68914
99482
88447
56118
8220
83875
55351
29614
56981
57621
3564
76113
59186
53171
24182
50034
98445
12932
81007
42379
20003
76018
89752
25144
53878
9772
58452
85178
97867
16260
14699
75189
32685
29938
48425
13682
18600
54063
22652
54877
58543
99611
8953
40840
75606
40216
72280
3271
66521
58061
9683
34162
7379
99364
44299
78086
30856
48299
72483
14660
69787
9271
35203
97041
55896
12380
26295
86132
72268
87702
96973
93787
46088
4388
5467
99702
73251
76168
36854
73722
10004
73032
3931
71775
47419
40304
83595
53699
60377
10733
5223
25381
95860
83059
34968
3114
69908
96601
51305
96860
33129
58104
66027
12998
97890
88463
64112
75514
12055
69922
75665
91371
57472
88438
88520
6835
14140
2070
30486
81325
14475
72881
44702
37372
16756
87706
40
35139
98752
61287
56704
48971
6877
65587
18741
20960
50428
92092
86554
1876
98836
85190
19399
13210
28413
9494
8505
56012
26805
15031
31438
64934
61310
21272
19114
28873
82301
67724
23797
27577
23037
21832
86459
82271
22890
34345
44523
66216
69015
13676
30840
83556
42713
76532
9530
1928
17001
65160
73998
87340
10310
16818
58418
48525
61648
17057
16490
67341
67630
43815
62975
76430
66793
53404
9978
16218
4975
66457
79789
39166
41010
44286
46058
54155
63462
78285
11210
47348
91846
29516
79239
50258
2031
36103
90659
70531
29379
64875
48543
32710
37223
22637
25604
14465
45030
11009
69534
59548
49805
20515
31995
42563
62732
65970
41137
18439
58875
28719
31381
81086
96307
47875
81765
98079
59568
43350
18239
93063
41622
9465
68904
43318
49865
42941
15910
68754
30963
68185
36229
61091
44962
77096
70262
97878
19848
55144
15979
95354
96217
42300
36893
40390
33456
10796
28391
44081
35018
86976
85928
20024
15721
37416
41860
60988
86387
98359
10852
91810
88785
9187
83345
31281
23280
47367
34941
6231
44899
41217
95931
20676
89695
42644
82177
40461
81053
12711
43821
76106
22140
17636
98461
28249
58173
26170
19286
87705
56453
39035
98174
59887
60574
78239
47586
2597
23222
46432
45968
25190
23487
82555
28318
29763
8269
27861
68546
54770
75003
44116
7703
7369
36870
32930
54879
74215
73297
78734
65531
67180
77055
27530
22196
23803
90780
25134
90966
3519
39701
83699
94448
37828
37338
62905
7413
60089
29923
36225
50430
96821
91369
1204
26630
60175
74665
88602
25452
34692
65893
74308
65173
70324
1890
97507
85319
94278
23178
77742
46735
15648
81867
43200
65916
52527
72055
20760
98657
96133
8962
83895
29143
89206
67751
40006
96601
78874
18628
11629
23878
64463
36889
99420
98979
57268
525
95174
64566
72942
38376
2209
26092
14950
10170
49064
660
67017
91251
39865
94625
42664
57833
60024
44396
78198
63798
73066
60432
21868
29879
90522
54892
91240
30637
15223
87685
29993
95584
87028
82145
86933
91479
57415
47565
52019
82881
83562
67800
7858
83984
44061
93461
49632
45560
11906
95869
53620
48180
56416
96011
15460
58690
4769
81375
69743
62786
24660
77595
50261
36827
51979
97033
19834
31958
47486
37074
53575
45793
7046
76552
56360
12109
98979
20574
89103
68176
13911
88747
79856
67587
20713
28107
81891
64421
57602
26109
62085
57879
56051
38630
38167
32222
56525
13324
65949
98565
95080
14844
52160
20952
69021
27109
20973
95754
28524
75803
94612
11055
13334
6357
30314
70883
3876
52655
52487
17217
46622
35624
88649
67724
79637
31685
4719
47882
64922
26156
10558
75236
37028
23146
90912
6728
28078
14030
2816
82119
98262
66444
38159
53879
17376
55579
84035
88402
85745
61655
97042
41973
74996
98239
9787
514
56504
46552
68189
6494
76432
3528
62686
49908
15858
96924
4006
58000
66553
68515
57761
60261
50211
28497
69761
65671
73331
1629
98137
19826
73168
83811
96003
88961
89508
93251
98395
39064
91294
60479
39586
8635
35505
24097
25724
4756
97779
81843
65714
38608
77502
85125
86929
8451
15474
83979
61417
60576
86641
51452
53295
79138
78690
76660
88027
20998
26095
94258
31242
26094
59814
12379
38941
29503
93980
41206
74168
63876
45061
27502
61029
3433
94078
13235
97071
46817
52419
67192
30311
56737
89945
4662
54050
33250
74758
19785
19160
35842
16819
78862
97639
62468
17585
12331
93678
17164
98001
49926
11411
56996
89386
28749
98686
34426
74871
30925
87611
57023
8567
36250
13979
82953
39563
86318
99251
25458
73916
3426
10012
47127
12338
2614
90706
21978
23998
82831
23766
28705
46832
18260
79244
42613
7810
87760
80093
70051
2219
3987
17813
42782
42285
56593
96902
9947
31912
90945
95075
27827
83076
94207
24678
3429
10251
97323
81644
56369
50988
2887
72979
97534
35802
8509
80995
17621
2635
79511
12226
90564
1882
25221
85406
16829
35557
88027
199
64820
75887
46992
87793
49188
81951
77345
50935
14986
49951
33259
16147
24712
8766
7956
94119
15204
83918
74019
42104
56999
98279
75171
14605
68894
57954
94820
49716
82940
30335
46810
57470
3638
84320
99804
83646
25445
75819
70214
18477
50248
58348
7768
81833
9824
34737
96853
98194
47890
83116
58981
29739
23176
13525
16947
77855
34480
94501
7343
10105
71899
57788
7469
93291
35392
13531
25316
65064
34295
44395
77841
49546
1278
40372
41937
39053
54423
40935
54218
54354
1800
21397
49507
90781
92761
58069
90663
70615
60250
62786
46566
91437
71067
41754
35380
68879
81682
79745
88681
2065
78936
76540
99551
55725
5452
91926
82295
26240
57679
44959
42644
91721
43110
8744
73437
90765
44603
81768
73056
50741
93692
70585
52778
9486
60411
65979
6768
28616
87660
37585
78729
75448
19018
86432
71377
59319
2323
67059
67976
5504
78663
60473
68273
94102
14253
29700
34932
40347
84685
63244
15420
86874
6039
83755
13210
38238
76411
85375
5120
51832
73231
36043
80486
76670
6797
46581
94408
40774
12913
12489
29158
97167
85535
6837
90307
39737
30459
61548
27367
24872
31408
17891
94493
86053
79242
11831
84502
11580
17147
69028
21316
81151
67194
82319
31903
1249
87263
2238
6371
53468
94824
98682
70512
28876
84792
12372
82121
66770
98066
23293
4086
54994
5474
88173
14147
82390
949
22365
35774
87080
84636
88140
20796
77851
89389
89182
14548
89763
79970
76728
6595
28729
1784
5125
71335
55416
95472
12789
55492
49986
84882
43033
9282
63483
21829
10920
14956
37197
69464
5021
92658
13347
95069
77398
14185
2606
50568
96599
38822
88547
93685
82533
14758
87163
40639
69515
72457
22482
42121
3704
96690
43944
31641
88959
79881
28291
71800
94198
68026
32074
88852
94711
6163
84108
83166
75235
30761
18455
55916
37210
884
20194
82424
10211
64654
41988
32351
36875
67896
50457
9315
55294
68437
43172
37225
87471
11021
85512
52348
22262
66444
10222
73768
31916
34688
97091
14239
65457
66494
33495
67000
16455
42206
49022
56651
37845
61306
97458
18167
95716
62323
32464
5244
77829
75052
47959
58785
24810
70637
76940
36623
55688
61570
71352
97204
69595
29241
75400
6721
88258
52360
12460
87308
81631
27940
32153
17871
21464
71275
17672
15655
74713
5659
8628
45494
59535
95608
39935
29665
12718
21098
4270
41395
77100
48188
93064
55768
95653
49919
5500
60387
27381
79173
45336
78409
41632
83143
32210
96355
42542
96127
90403
85872
27911
50062
23015
7248
77979
16440
34046
90602
84861
99267
10926
88999
48707
43195
40607
6037
28648
31377
43261
42725
72202
81367
80506
9325
58413
20390
88138
8199
4597
87768
78117
13616
18448
60110
63112
24138
52458
85419
11859
24123
34934
82232
49485
9099
85964
90494
40828
42922
61574
30255
4461
53576
4770
66173
58834
43322
71939
31969
66079
65628
7152
16693
70284
41897
51251
7770
40215
2725
27706
54484
24543
89012
34458
55977
45321
11136
98503
43141
27839
73879
25950
99321
32076
76842
66972
18775
28641
83887
82019
33912
86867
86496
19260
15063
45723
37403
71280
5043
76340
29216
24781
53456
15809
82517
6440
33750
68996
92005
72341
92529
92328
95516
82000
15023
23768
28653
39160
61126
79974
74541
43278
98700
96773
15733
89627
38652
41391
77540
49063
42007
13856
60987
4771
52321
5689
30655
73344
81792
44254
59386
48309
26177
2872
46298
77661
59442
22451
61904
64982
94825
61153
4051
88355
58715
21846
72891
89003
19622
55850
14406
49369
97896
76410
82550
54266
97254
21543
81488
43458
47750
25301
93823
79591
20821
51853
59056
56739
94369
60316
7444
41143
45216
62226
83168
6339
22663
39364
68432
49679
77588
93355
40064
40965
44677
40834
85745
52468
76351
49003
44683
88366
17736
35819
1301
57835
44109
6153
19678
50756
85532
44115
34519
93177
26859
82330
49783
11756
21168
57265
5558
91588
97286
16242
55730
68875
77999
12792
37037
49744
17740
710
33837
81893
34246
48127
31291
129
7305
74572
10180
36416
92964
25785
73915
19486
48682
78808
80245
11744
28468
72700
76684
96140
49149
14111
55228
74187
55108
50941
11849
43406
25806
11351
74967
77574
68673
18673
89777
1450
10826
7572
1731
46805
49688
61261
96639
43974
45118
65452
81372
2782
42485
57381
68530
17733
32568
98419
56127
230
20838
62640
27461
69166
45156
26462
48906
87089
30808
34433
26231
28069
65935
64771
76346
56933
33784
17135
49892
64975
39750
66838
62219
42887
4626
42925
91624
88658
85271
24301
35834
51931
79860
91953
75778
89873
14638
80668
16197
44167
59275
69968
12174
71570
23864
63928
56073
49135
27396
36383
2920
58971
32483
47575
42626
61241
63691
68275
49103
45200
55770
55853
10221
92362
31279
8321
74015
23126
62380
52271
23145
76902
80219
79485
29844
36082
95878
12083
21232
32819
6973
83902
52109
89833
81427
48653
69505
83158
75809
65047
17030
52417
67138
13619
25689
41171
10837
8318
30428
48125
43711
77657
79476
53488
30566
22824
70572
62372
33271
28693
93808
75666
39937
66442
4562
81465
20952
218
79113
88637
25875
86905
65773
81123
84238
27296
96413
61431
33992
77802
29529
2278
85062
84185
82312
69189
3694
81938
80371
85576
63661
53564
37768
1739
20850
85125
69624
83084
58289
77726
33017
68526
33857
50746
5797
63545
77566
69939
68729
41717
70951
47812
63159
95922
25281
73840
59492
8675
21875
87226
50570
31806
54696
57034
75160
60606
80912
97583
87165
53057
26110
29431
69169
37290
50251
75769
5836
36032
13746
85964
25741
77869
51891
69741
97780
49984
94256
92029
73672
81868
27603
71520
12594
34502
99526
29727
37120
10859
12985
19526
2755
73368
84224
61799
80210
49616
50
29750
10820
47226
48555
97611
94041
5887
15946
23811
8818
25680
76628
7967
49237
7839
74224
45476
39594
88705
52841
87705
11233
3763
20655
75884
5385
35089
47190
55853
54906
54432
46773
49937
5837
51525
12456
67281
58430
90604
76878
28584
97201
9539
22028
16249
4874
98268
89577
27142
95763
60622
71632
25050
97562
14260
76977
16832
89744
2221
56768
36170
38539
42586
15412
33483
84997
30340
44873
84509
94683
67955
88542
82396
20303
95415
64216
67976
79623
70531
45054
27239
74123
58253
41659
25057
65643
90224
34719
2
61238
16651
14494
18300
83652
10495
54767
53795
49742
54484
10670
11695
89232
83028
99163
52989
80686
20782
16729
77550
74060
36309
99567
29350
51764
52959
92234
47278
95732
26407
68570
24819
81789
44075
93200
8645
53574
99822
55431
73561
13991
70903
49336
20263
67038
93264
11715
20589
52141
81192
51117
10730
92762
63793
73693
11427
70893
85507
89310
91426
46102
54263
47712
81618
91269
75501
10839
4644
15567
88871
48090
35181
93840
68459
58502
90726
12836
58341
74424
3755
50252
12355
95638
12988
72527
46615
11623
91519
80919
56569
27734
699
11664
16034
61555
87935
33484
9394
23826
30873
51073
35722
41386
48704
99817
12211
10360
92811
69634
34069
73913
68055
21132
77121
3795
55236
85101
3784
84749
29464
2544
10305
9682
23932
65346
62919
13683
17690
97492
4056
51874
86469
45403
56600
16887
72945
87635
22028
86190
90614
91160
32703
76455
14001
11371
93089
89061
63075
96660
79810
52048
59728
3354
80219
93779
73250
54700
51814
29726
70372
45147
57889
33221
77895
92958
55248
30655
21408
80717
63032
92649
90087
16966
57476
1504
38170
98220
23107
72298
23832
65986
42823
17614
93031
38452
26824
51128
79374
69007
66752
9814
70715
67268
43917
2301
2527
98921
80658
484
14925
34839
38741
94663
51871
84429
38690
46342
77297
15244
37351
79876
64867
92025
86519
76585
31003
71966
99975
40416
20033
54058
31860
79642
85442
73132
29466
84393
85005
41212
72798
31557
19641
93234
32262
62731
99965
85676
97691
33816
11542
36300
96910
68818
88101
13752
97136
96896
82670
11641
58552
62062
62106
50013
98
90154
39350
86261
38378
45001
73522
74199
97013
74371
7267
73692
96296
79762
29601
87395
30318
41463
59529
14765
4791
83669
57116
49919
51892
91796
35007
39652
6620
63487
63513
53544
93834
85095
64632
34110
3580
92990
41837
90522
24341
17820
9355
37623
79549
1662
12139
1523
39804
42945
34251
22734
72898
27116
72138
73967
18978
12804
29806
62047
50482
43413
25599
3116
80748
81007
18857
40135
79920
28326
89086
13414
3777
94290
81329
88163
1891
9645
10044
61979
5635
68376
5147
28367
71471
81558
93295
52071
75674
5935
35996
26538
27034
13039
57099
47911
84969
3524
68680
15440
85607
59940
54437
35578
42454
61604
85814
52190
62844
75969
45555
95354
16389
38843
36025
25137
27135
97174
93193
6855
57340
55544
11655
73638
44212
25421
59421
57468
92160
3654
38965
32666
93664
67925
69859
60438
20502
52146
14329
32842
33224
14618
99184
84755
66210
51755
29157
61459
62641
5545
97498
22543
8489
7516
27473
51058
86400
55600
90421
30152
8401
41491
61841
2852
20603
46554
25398
2138
95871
71165
95098
6182
92741
99542
58771
9347
78072
93670
30240
79989
37381
42129
59009
7104
31776
98845
94106
33774
32223
7382
84275
22477
17725
66349
96635
33102
39384
95732
54656
62471
81395
19972
54105
91698
13845
44727
3069
68588
97065
12814
43241
65239
87068
4045
39550
75832
35489
39258
77088
84218
29776
72225
536
80233
96771
72787
75539
83640
33752
39106
95169
86652
33458
3879
52279
34382
10775
55196
87149
39885
93587
46690
81088
7417
92660
44797
90225
69465
56749
49331
5189
28119
88819
19536
57027
43647
76995
93765
38009
27107
93082
27396
47767
12569
19098
4390
81202
35675
37868
30278
7875
6406
81657
27107
95174
59900
55343
10689
7387
54115
23651
73256
61992
78851
62537
44100
93492
9324
67869
54852
3278
41774
83006
84251
17220
32927
74829
31906
19853
75032
93010
74931
20319
80024
46328
57039
185
94783
70732
38874
9307
37748
69922
64378
9097
42337
91761
62812
31148
82962
86130
7118
94513
34809
29124
76806
71591
3724
51402
48121
58117
68549
30539
21317
21346
27425
86962
84776
81979
96579
9004
73895
74225
70126
40013
17768
30024
2574
78859
70456
75274
61231
57664
77829
27426
66372
78956
79525
81185
2946
87026
28974
76732
95683
99158
74395
97099
42499
37798
47693
35371
58822
98542
3784
38590
57520
3809
34194
19142
63787
49943
69208
43694
66181
30281
49129
77761
9104
90807
77656
46832
66784
96227
90494
98224
74288
51508
99030
11610
75518
80020
92383
31626
80746
7762
7549
11648
33274
36896
61305
10914
42745
87573
17756
81240
47060
97037
97464
10414
74108
30372
9504
56886
74983
37023
87050
54275
16526
3523
34708
87247
87536
2204
57980
32791
37774
15928
73223
80665
56237
7401
83451
97884
45367
21254
1797
2344
6106
41962
91956
51946
19304
54196
27483
95826
78389
55013
38067
65717
23837
42373
29879
35531
12539
64031
7366
26417
47186
93216
78117
73064
40008
95996
62938
83509
52262
66377
16242
84671
61497
40002
89244
84
54036
11621
71659
68420
91212
8214
79864
98628
24859
49465
5918
45997
75422
4892
63389
89339
17239
67947
44727
74350
61419
34714
84181
43980
71044
81822
28739
9756
81008
6260
92976
12397
51009
44537
25520
73805
65996
60336
97402
6674
20970
46432
11337
66325
47961
4275
21631
27154
99675
25016
33949
13642
17718
18817
27597
62881
371
88006
83257
73440
97536
1024
10609
24467
22958
51343
63528
67564
64435
18517
95927
21470
39113
96632
18329
30148
69773
98180
19598
51160
17408
94439
33880
9276
51338
16563
28353
50932
29874
58528
31154
6377
83943
41095
60445
57704
58875
37831
87349
17761
89891
80932
25937
50889
82424
38051
26285
88536
10936
51440
5512
16140
22182
11992
90695
6660
26694
74095
97937
77061
7266
79340
16336
2713
86087
50536
17238
64107
18984
38562
69686
45580
38459
53021
27143
55921
95831
2976
89285
44051
29116
99990
33232
98862
40299
22348
90794
22434
53450
7030
55229
50229
56641
60202
90163
45679
9599
95331
82876
17660
10454
10143
94091
33742
13627
51009
31929
60792
80839
78576
55841
26260
45273
74198
34563
4990
20113
30210
45890
5527
96086
61575
13349
57475
74961
83674
96601
27659
36496
3000
66573
50492
77028
85502
85909
5126
58915
78703
63656
29949
47911
95441
49026
8348
717
93648
79779
78525
87927
62202
45709
54402
46154
87810
22250
73295
37073
44797
5060
99182
38008
72231
35755
3882
9458
70367
12275
75220
30260
35911
87475
67873
16599
24325
33703
1833
63834
23173
82574
25130
11901
54037
397
98179
35303
