483189
157779
540085
86992
483189
928321
157779
141401
157779
157779
483189
157779
86992
483189
1192447
157779
540085
157779
540085
852871
157779
1645884
483189
157779
157779
157779
157779
157779
86992
157779
157779
483189
157779
483189
86992
483189
483189
86992
157779
157779
540085
86992
86992
157779
157779
157779
540085
852228
86992
157779
157779
1406886
157779
157779
1592263
483189
547424
540085
540085
86992
86992
2428197
157779
616382
86992
1592263
540085
540085
2188754
2897385
86992
86992
157779
86992
86992
483189
852871
540085
852871
157779
540085
157779
359549
157779
157779
86992
157779
86992
540085
86992
157779
86992
1324716
2188754
157779
483189
86992
86992
3436171
157779
157779
157779
2428197
1324716
540085
157779
483189
540085
86992
86992
4016016
483189
483189
540085
157779
157779
157779
483189
157779
157779
3293392
157779
157779
483189
157779
547424
483189
157779
2188754
157779
86992
86992
1324716
556511
540085
483189
483189
157779
86992
157779
157779
483189
540085
157779
157779
1199876
540085
540085
540085
86992
157779
483189
157779
483189
86992
86992
2428197
157779
86992
86992
157779
86992
157779
86992
3555138
540085
483189
540085
157779
540085
157779
86992
157779
157779
540085
547424
157779
2305892
86992
86992
816450
540085
540085
540085
157779
86992
157779
359549
86992
157779
86992
86992
852871
157779
86992
4596920
1842195
157779
86992
141401
157779
86992
26478189
157779
483189
86992
86992
1592263
157779
157779
1592263
20986673
2427297
483189
86992
4596920
540085
540085
157779
157779
157779
852228
2428197
2427297
86992
157779
852228
1592263
1192447
86992
157779
86992
86992
2188754
2188754
483189
2188754
852871
483189
483189
483189
5142856
157779
157779
540085
86992
1192447
86992
141401
1199876
157779
157779
86992
483189
1406886
157779
483189
157779
86992
483189
157779
157779
540085
852228
86992
483189
26034206
86992
483189
1778700
547424
157779
157779
157779
157779
157779
157779
483189
157779
157779
852871
157779
157779
852228
616382
86992
86992
157779
86992
157779
852228
2188754
483189
540085
157779
86992
157779
157779
157779
616382
540085
1590699
1590699
86992
540085
157779
483189
86992
86992
1645884
1592263
157779
483189
157779
157779
1919429
547424
483189
157779
157779
86992
157779
157779
680943
540085
86992
7355817
86992
540085
157779
157779
852228
852228
141401
2428197
157779
157779
86992
2188754
483189
86992
1592263
86992
1406886
157779
540085
852228
157779
157779
157779
483189
157779
86992
17129466
86992
157779
157779
483189
157779
157779
483189
483189
2188754
157779
157779
157779
86992
483189
483189
157779
86992
157779
157779
157779
86992
86992
86992
86992
86992
157779
816450
86992
86992
86992
86992
1199876
157779
157779
1590699
157779
680943
86992
157779
2188754
86992
1592263
157779
157779
86992
157779
483189
852228
157779
852871
483189
816450
547424
157779
852871
157779
157779
86992
483189
86992
86992
86992
86992
540085
157779
852871
86992
157779
483189
540085
86992
483189
483189
86992
852871
157779
157779
540085
2188754
483189
852228
852871
359549
1645884
86992
86992
157779
157779
852871
86992
86992
1590699
852228
852228
2188754
157779
8875489
86992
1324716
86992
157779
540085
86992
2188754
157779
157779
852228
86992
86992
157779
157779
86992
157779
157779
616382
3293392
86992
540085
816450
547424
157779
8594369
547424
157779
816450
928321
157779
86992
2188754
157779
540085
86992
86992
86992
483189
157779
547424
540085
2911000
616382
2642856
4016016
157779
86992
1199876
483189
5449403
86992
86992
86992
157779
157779
540085
157779
86992
483189
2188754
157779
86992
157779
141401
86992
157779
540085
3149696
86992
2188754
1922580
483189
2188754
852228
86992
157779
157779
157779
86992
540085
2188754
547424
157779
2897385
540085
540085
483189
157779
157779
3348943
1919429
86992
86992
86992
483189
157779
157779
2188754
86992
157779
1590699
141401
1199876
3813088
2188754
540085
157779
540085
157779
483189
86992
483189
86992
157779
1192447
157779
86992
86992
359549
852228
483189
157779
86992
4596920
540085
852228
86992
852228
157779
86992
157779
86992
86992
86992
157779
86992
1645884
540085
540085
86992
86992
86992
86992
86992
86992
86992
157779
157779
1382945
483189
86992
86992
2188754
86992
483189
86992
157779
540085
852228
141401
86992
157779
157779
86992
157779
157779
3555138
157779
86992
540085
483189
157779
483189
86992
547424
483189
86992
157779
483189
157779
483189
157779
483189
540085
547424
1590699
157779
157779
16664780
157779
157779
86992
157779
157779
540085
483189
2710890
86992
359549
359549
86992
157779
157779
540085
1199876
157779
540085
540085
157779
483189
540085
1199876
141401
157779
157779
157779
1645884
1590699
86992
2188754
86992
157779
86992
86992
547424
86992
86992
157779
1590699
540085
86992
157779
483189
157779
540085
483189
86992
157779
540085
157779
86992
540085
157779
1199876
157779
86992
86992
157779
852871
86992
483189
483189
157779
157779
86992
157779
157779
157779
157779
1590699
86992
86992
86992
680943
483189
86992
3555138
157779
157779
86992
86992
157779
157779
86992
86992
540085
816450
157779
157779
852228
359549
483189
157779
157779
547424
359549
1645884
86992
483189
157779
86992
157779
141401
86992
157779
86992
86992
157779
86992
86992
157779
483189
86992
157779
1590699
86992
86992
157779
157779
86992
616382
86992
86992
1592263
852871
86992
816450
157779
2313168
483189
5126712
852228
86992
1192447
483189
157779
157779
86992
540085
483189
483189
157779
86992
852871
483189
86992
483189
157779
157779
157779
86992
86992
928321
86992
157779
23148531
86992
852871
157779
157779
540085
157779
157779
86992
157779
157779
86992
540085
157779
852228
547424
157779
1324716
483189
483189
157779
86992
1778700
157779
547424
157779
157779
157779
157779
852871
540085
157779
86992
86992
86992
86992
157779
86992
547424
540085
1925327
483189
86992
157779
547424
157779
86992
852228
483189
2427297
86992
1590699
157779
86992
1192447
86992
157779
852871
816450
157779
540085
86992
852871
157779
157779
86992
157779
157779
1199876
2188754
816450
852871
157779
157779
157779
157779
483189
483189
86992
852228
483189
157779
157779
157779
86992
157779
86992
151997394
86992
157779
86992
540085
157779
157779
1577743
359549
157779
852871
157779
157779
157779
86992
86992
86992
86992
540085
540085
3297948
540085
86992
2188754
157779
86992
852871
86992
852228
483189
157779
86992
540085
540085
86992
86992
86992
86992
157779
157779
540085
157779
483189
1590699
2897385
483189
1645884
852228
86992
5449403
157779
157779
86992
86992
86992
157779
157779
157779
157779
157779
86992
540085
540085
86992
86992
540085
86992
86992
157779
5449403
1324716
157779
483189
1527675
483189
86992
483189
483189
157779
1199876
157779
157779
157779
852228
157779
547424
157779
1118799
157779
157779
359549
852871
483189
86992
86992
540085
852228
157779
483189
86992
86992
86992
157779
540085
483189
86992
86992
483189
483189
157779
540085
1192447
157779
86992
540085
157779
157779
483189
157779
556511
86992
157779
852228
86992
86992
1192447
86992
157779
86992
483189
86992
2428197
86992
157779
157779
616382
540085
1192447
483189
157779
157779
540085
2188754
157779
86992
616382
157779
157779
616382
86992
157779
157779
852228
157779
1592263
852228
359549
2188754
157779
157779
86992
1592263
86992
86992
540085
86992
157779
616382
157779
359549
540085
1590699
359549
157779
86992
157779
86992
540085
1592263
157779
157779
359549
540085
157779
157779
2188754
86992
1592263
157779
157779
2188754
157779
1324716
157779
157779
86992
852871
157779
157779
157779
157779
157779
157779
852228
86992
157779
86992
86992
157779
141401
540085
483189
86992
1406886
483189
157779
86992
86992
547424
1590699
86992
157779
157779
1925327
157779
483189
86992
86992
157779
86992
2188754
616382
1645884
2691400
483189
852871
86992
86992
157779
86992
157779
540085
86992
86992
86992
86992
852871
157779
86992
86992
483189
86992
483189
1406886
157779
86992
86992
157779
157779
86992
2188754
86992
1192447
157779
86992
816450
483189
540085
157779
2315978
5000474
86992
7044040
86992
86992
852871
616382
157779
157779
483189
483189
86992
483189
483189
157779
157779
86992
141401
547424
547424
86992
157779
86992
157779
86992
3149696
483189
1592263
157779
1645884
86992
1199876
616382
157779
157779
2305892
157779
86992
157779
157779
483189
157779
157779
86992
483189
86992
540085
157779
2188754
483189
157779
540085
483189
141401
157779
157779
616382
157779
157779
852871
86992
157779
86992
86992
86992
141401
157779
157779
157779
483189
547424
852228
540085
157779
483189
547424
157779
86992
2188754
157779
157779
157779
86992
483189
483189
616382
928321
616382
483189
483189
86992
540085
5590899
86992
2188754
86992
1590699
359549
483189
141401
852228
86992
86992
157779
483189
157779
86992
157779
157779
540085
1118799
852228
86992
1324716
86992
547424
540085
86992
86992
86992
86992
540085
157779
157779
483189
540085
86992
157779
86992
157779
86992
86992
86992
141401
86992
852871
157779
157779
1406886
86992
157779
157779
1192447
86992
86992
86992
86992
157779
157779
540085
483189
1199876
852871
540085
157779
157779
540085
86992
86992
852228
157779
86992
86992
157779
86992
86992
86992
157779
86992
86992
1590699
86992
483189
86992
157779
157779
86992
483189
86992
157779
852228
86992
852228
483189
86992
86992
157779
1406886
86992
540085
540085
157779
547424
483189
483189
540085
540085
2710890
540085
157779
483189
540085
157779
157779
86992
1590699
86992
157779
483189
359549
157779
157779
547424
157779
483189
157779
86992
157779
157779
86992
540085
157779
483189
86992
86992
157779
157779
157779
483189
157779
483189
483189
157779
2188754
157779
852228
45557820
547424
540085
86992
157779
86992
86992
86992
483189
1592263
157779
86992
483189
540085
540085
483189
86992
547424
157779
157779
483189
852871
3696758
86992
1590699
157779
359549
86992
157779
540085
86992
86992
483189
157779
157779
157779
1592263
1645884
157779
141401
1199876
540085
1645884
9709310
141401
157779
2188754
86992
483189
86992
86992
547424
483189
1406886
157779
547424
157779
547424
157779
86992
86992
7355817
86992
852228
86992
483189
157779
816450
86992
86992
86992
86992
141401
157779
1592263
86992
547424
86992
157779
540085
141401
540085
157779
86992
483189
86992
157779
540085
2428197
852228
157779
157779
86992
86992
540085
2427297
540085
2897385
483189
157779
928321
157779
157779
359549
5977701
157779
157779
1192447
1067954
1577743
157779
86992
547424
483189
483189
86992
86992
540085
852228
86992
4596920
86992
86992
483189
483189
141401
86992
852871
4403985
540085
86992
540085
157779
2909049
157779
86992
157779
141401
86992
547424
86992
157779
157779
157779
157779
157779
157779
157779
483189
540085
86992
483189
86992
86992
157779
547424
540085
86992
86992
157779
86992
1590699
86992
540085
86992
483189
547424
86992
483189
157779
483189
483189
483189
359549
86992
157779
157779
86992
852228
86992
1592263
1192447
483189
157779
86992
86992
11670151
2188754
157779
157779
86992
483189
86992
86992
483189
157779
157779
556511
86992
483189
157779
2188754
157779
540085
157779
157779
852871
157779
86992
157779
852228
157779
157779
86992
157779
540085
157779
157779
14434023
157779
359549
816450
86992
3678701
157779
540085
483189
86992
86992
540085
1592263
86992
157779
540085
86992
157779
483189
86992
540085
2909049
157779
157779
1199876
157779
1590699
157779
2427297
86992
359549
157779
852871
141401
616382
483189
86992
157779
157779
852871
157779
157779
483189
483189
483189
86992
540085
157779
86992
680943
157779
1592263
483189
157779
483189
1645884
86992
483189
852871
157779
1324716
547424
852871
86992
86992
852228
157779
86992
157779
616382
157779
86992
86992
540085
540085
5118131
1592263
540085
1592263
483189
1406886
86992
540085
483189
540085
5396209
157779
86992
86992
157779
1645884
157779
483189
540085
157779
86992
157779
157779
86992
540085
616382
157779
86992
157779
483189
86992
157779
86992
157779
157779
547424
157779
157779
157779
483189
86992
86992
157779
157779
157779
86992
157779
157779
540085
540085
157779
157779
483189
157779
852228
4596920
86992
540085
86992
157779
86992
157779
540085
157779
540085
86992
86992
540085
157779
157779
141401
547424
86992
86992
1192447
3293392
157779
86992
483189
1192447
157779
483189
157779
157779
1590699
86992
4617211
86992
86992
86992
157779
852228
1590699
616382
540085
616382
86992
157779
86992
852871
483189
157779
483189
540085
1590699
157779
540085
86992
5449403
157779
483189
547424
483189
141401
483189
540085
86992
157779
483189
483189
157779
540085
1925327
157779
86992
483189
86992
2368534
1925327
86992
1592263
86992
157779
86992
1192447
547424
19884368
86992
141401
86992
359549
540085
157779
157779
157779
21981955
483189
540085
816450
157779
157779
540085
157779
157779
464844
157779
157779
1592263
540085
483189
86992
157779
157779
939300
141401
157779
483189
483189
483189
540085
540085
157779
86992
157779
1592263
86992
86992
157779
1919429
157779
547424
157779
547424
157779
1590699
157779
86992
1592263
483189
157779
86992
852228
1406886
540085
48765031
359549
86992
1590699
157779
359549
2305892
86992
157779
86992
852871
483189
86992
540085
852228
540085
86992
157779
483189
86992
157779
616382
483189
483189
540085
483189
157779
86992
86992
157779
157779
86992
86992
540085
157779
86992
157779
141401
157779
157779
483189
540085
157779
1931843
157779
86992
1592263
86992
540085
157779
483189
483189
616382
483189
86992
483189
141401
86992
86992
483189
483189
86992
540085
86992
483189
157779
86992
157779
157779
86992
141401
9709310
157779
86992
157779
1067954
157779
1592263
86992
157779
157779
359549
157779
2427297
483189
483189
86992
157779
157779
86992
547424
483189
86992
540085
86992
86992
86992
1324716
2188754
86992
86992
157779
86992
1592263
157779
86992
86992
540085
86992
157779
157779
483189
86992
3149696
483189
86992
157779
157779
157779
540085
86992
540085
483189
157779
483189
928321
359549
547424
86992
86992
483189
86992
6181807
483189
540085
157779
359549
86992
157779
157779
157779
1592263
540085
157779
86992
157779
359549
157779
86992
2428197
86992
86992
157779
157779
2034925
157779
86992
359549
157779
16664780
86992
547424
540085
86992
616382
86992
540085
86992
86992
157779
157779
86992
540085
86992
483189
359549
483189
157779
157779
157779
86992
157779
157779
616382
86992
616382
157779
86992
540085
86992
157779
157779
86992
86992
86992
483189
86992
157779
86992
86992
157779
86992
852228
483189
86992
157779
157779
852228
86992
157779
540085
540085
157779
483189
86992
483189
157779
157779
483189
483189
852228
852228
86992
616382
86992
483189
1645884
1199876
816450
852228
157779
483189
483189
852228
157779
157779
852871
157779
157779
86992
359549
1590699
86992
2188754
86992
86992
157779
86992
157779
2188754
540085
157779
157779
86992
157779
547424
86992
86992
2188754
540085
157779
157779
2428197
1324716
86992
157779
157779
157779
359549
1592263
86992
157779
86992
540085
540085
157779
852228
359549
86992
86992
86992
157779
86992
157779
86992
540085
483189
157779
157779
157779
157779
157779
157779
86992
540085
152707055
483189
86992
86992
483189
483189
157779
86992
86992
157779
86992
540085
86992
157779
540085
189729333
86992
86992
157779
852871
540085
86992
86992
86992
1661667
540085
540085
540085
852871
157779
86992
483189
483189
157779
157779
157779
86992
157779
157779
157779
483189
157779
2188754
157779
852228
483189
540085
157779
157779
1592263
483189
86992
157779
157779
157779
86992
157779
86992
157779
852871
86992
157779
86992
157779
852871
157779
86992
483189
2305892
157779
483189
540085
359549
86992
1925327
157779
483189
86992
483189
359549
540085
483189
157779
86992
540085
2188754
483189
157779
86992
157779
157779
483189
157779
928321
157779
852871
483189
483189
157779
141401
157779
86992
157779
852871
157779
483189
616382
2188754
86992
157779
157779
540085
86992
4596920
540085
86992
1406886
2188754
540085
540085
483189
483189
852228
483189
86992
86992
86992
157779
616382
852871
540085
86992
483189
86992
86992
86992
86992
540085
86992
86992
157779
157779
483189
483189
852228
157779
540085
540085
86992
2188754
157779
852871
157779
359549
86992
547424
7274861
483189
359549
6181807
2305892
157779
157779
540085
157779
1199876
86992
157779
2428197
157779
86992
157779
1406886
483189
86992
157779
1592263
680943
157779
359549
157779
157779
86992
540085
157779
86992
86992
86992
157779
157779
483189
483189
157779
483189
157779
86992
86992
157779
86992
86992
359549
540085
852228
157779
157779
86992
483189
86992
816450
157779
86992
2188754
157779
157779
3293392
540085
157779
157779
483189
157779
2188754
86992
141401
86992
86992
157779
86992
1192447
2315978
86992
86992
540085
547424
157779
852871
19338216
1118799
157779
157779
483189
483189
86992
157779
157779
157779
1406886
157779
540085
852871
1592263
86992
483189
483189
86992
86992
483189
86992
157779
1592263
483189
157779
86992
483189
141401
2313168
157779
852228
157779
157779
157779
157779
157779
86992
483189
86992
2188754
540085
1592263
157779
86992
1778700
157779
157779
157779
157779
157779
928321
483189
157779
86992
547424
616382
86992
157779
540085
157779
483189
483189
157779
1590699
86992
2427297
157779
547424
359549
540085
483189
86992
86992
12258405
86992
483189
86992
86992
547424
483189
157779
483189
157779
547424
157779
86992
157779
157779
86992
86992
540085
852871
556511
86992
540085
547424
157779
483189
157779
86992
483189
86992
157779
5773000
157779
157779
157779
1192447
86992
616382
157779
359549
157779
86992
86992
86992
86992
86992
86992
540085
547424
540085
86992
540085
157779
157779
540085
547424
86992
157779
483189
157779
86992
86992
157779
86992
157779
86992
483189
540085
86992
86992
157779
928321
86992
86992
540085
4596920
540085
157779
2188754
483189
1645884
540085
540085
483189
86992
157779
157779
157779
86992
852228
483189
86992
86992
157779
86992
1313118
540085
157779
540085
483189
157779
483189
540085
86992
540085
359549
157779
141401
7040651
141401
1406886
86992
86992
157779
86992
86992
86992
86992
483189
157779
157779
483189
157779
1406886
86992
157779
86992
483189
483189
86992
540085
157779
157779
86992
157779
86992
157779
157779
540085
86992
157779
86992
86992
4596920
816450
157779
616382
483189
483189
157779
483189
86992
483189
157779
540085
157779
86992
86992
540085
86992
86992
540085
1199876
157779
483189
1199876
157779
86992
157779
540085
157779
86992
157779
157779
86992
86992
141401
1592263
86992
86992
616382
86992
540085
157779
86992
540085
86992
483189
86992
1592263
86992
157779
157779
157779
359549
5396209
157779
157779
483189
547424
157779
852228
852228
86992
540085
4676514
86992
157779
86992
86992
157779
1592263
483189
157779
540085
483189
47123766
483189
157779
86992
157779
86992
86992
1592263
157779
86992
2305892
1590699
547424
483189
816450
547424
141401
616382
540085
680943
157779
483189
157779
86992
86992
157779
359549
157779
540085
483189
2763424
852871
300834524
86992
86992
157779
86992
483189
2427297
86992
547424
157779
86992
86992
547424
86992
86992
616382
540085
86992
86992
157779
157779
157779
86992
86992
86992
1118799
86992
86992
157779
157779
86992
2427297
852871
1925327
540085
17442653
483189
157779
483189
157779
157779
816450
157779
86992
86992
157779
157779
157779
157779
1192447
86992
540085
157779
852871
157779
483189
540085
86992
86992
157779
157779
852228
157779
86992
86992
157779
483189
540085
86992
86992
1592263
157779
86992
483189
157779
1919429
680943
1645884
157779
483189
547424
86992
540085
616382
157779
540085
86992
76284657
2188754
852871
2427297
483189
86992
540085
1778700
483189
616382
540085
86992
86992
86992
86992
540085
483189
157779
86992
86992
157779
157779
12151171
157779
157779
86992
4016016
483189
540085
540085
157779
483189
157779
157779
157779
86992
157779
86992
540085
86992
157779
157779
2188754
1645884
540085
157779
483189
86992
464844
852871
86992
483189
483189
540085
157779
157779
816450
483189
86992
852228
2427297
86992
157779
86992
852871
540085
157779
483189
86992
2427297
157779
1592263
852228
86992
86992
157779
157779
816450
1406886
540085
852228
157779
616382
852871
157779
483189
157779
483189
157779
86992
483189
359549
157779
1382945
157779
157779
86992
1645884
157779
157779
359549
40312619
59582843
157779
157779
157779
483189
157779
86992
483189
1272030
483189
86992
86992
928321
157779
483189
157779
157779
86992
157779
157779
86992
157779
483189
816450
556511
157779
359549
157779
157779
86992
157779
86992
157779
86992
157779
483189
540085
157779
86992
540085
939300
157779
616382
616382
1577743
1324716
157779
157779
157779
928321
540085
86992
483189
1645884
157779
1406886
483189
2427297
483189
483189
157779
540085
157779
540085
157779
86992
157779
157779
141401
86992
540085
4403985
86992
483189
86992
157779
547424
540085
157779
86992
157779
483189
157779
483189
1925327
157779
483189
86992
852228
157779
540085
157779
483189
157779
540085
157779
86992
157779
86992
547424
86992
540085
86992
540085
1199876
157779
157779
157779
86992
157779
852871
86992
86992
86992
359549
157779
2897385
1592263
157779
86992
10097986
2188754
157779
86992
540085
540085
939300
86992
540085
157779
540085
1406886
157779
157779
13663220
86992
1592263
157779
483189
157779
483189
157779
157779
157779
540085
157779
86992
540085
86992
540085
86992
157779
483189
540085
157779
483189
483189
359549
1199876
547424
1527675
616382
86992
540085
540085
547424
86992
1577743
852228
540085
157779
483189
157779
852871
852871
616382
86992
86992
86992
7038123
86992
157779
86992
483189
157779
157779
86992
157779
157779
157779
483189
540085
1590699
86992
483189
86992
483189
157779
157779
540085
852228
157779
540085
816450
157779
483189
540085
483189
1645884
157779
540085
86992
852871
483189
86992
616382
86992
157779
483189
540085
359549
483189
2691400
483189
547424
86992
157779
1406886
483189
540085
157779
86992
157779
157779
540085
483189
86992
141401
2188754
86992
157779
86992
157779
86992
157779
1590699
483189
359549
483189
86992
939300
157779
1192447
86992
86992
86992
157779
157779
157779
1645884
483189
157779
540085
157779
86992
86992
1590699
157779
157779
359549
86992
86992
359549
1406886
15536337
483189
157779
86992
1324716
157779
540085
157779
86992
483189
157779
483189
680943
86992
483189
1645884
483189
35021379
483189
852871
157779
86992
2188754
157779
852871
86992
483189
86992
540085
540085
157779
483189
86992
9379314
157779
157779
157779
547424
540085
483189
86992
86992
2188754
483189
86992
86992
928321
86992
483189
1645884
1645884
540085
157779
157779
157779
483189
86992
86992
157779
86992
157779
547424
86992
86992
2188754
483189
852228
157779
1406886
86992
86992
540085
928321
14434023
157779
86992
157779
540085
157779
157779
483189
86992
483189
547424
540085
540085
547424
157779
157779
483189
86992
1592263
359549
2188754
86992
86992
157779
86992
540085
86992
2188754
157779
1199876
540085
483189
2642856
86992
2188754
1406886
547424
86992
86992
483189
86992
2691400
483189
86992
86992
86992
86992
86992
540085
86992
483189
1199876
86992
1592263
86992
86992
483189
86992
157779
157779
939300
157779
2188754
852228
86992
483189
157779
816450
86992
157779
616382
86992
86992
483189
556511
157779
157779
157779
157779
1842195
157779
157779
483189
157779
2897385
86992
852228
157779
157779
157779
157779
540085
540085
86992
157779
157779
86992
157779
483189
616382
540085
86992
547424
852871
157779
483189
157779
86992
86992
86992
86992
157779
157779
157779
540085
540085
86992
157779
157779
157779
483189
8342127
157779
86992
157779
540085
86992
157779
157779
852228
483189
157779
483189
157779
1199876
540085
157779
852228
816450
157779
1770497
86992
86992
86992
928321
157779
157779
86992
141401
157779
86992
86992
86992
540085
86992
540085
483189
2427297
86992
86992
86992
483189
483189
540085
86992
157779
540085
1406886
157779
157779
86992
3297948
540085
1199876
483189
1577743
157779
1067954
157779
157779
547424
157779
157779
157779
86992
7274861
359549
483189
359549
86992
483189
86992
157779
483189
483189
86992
483189
86992
2427297
157779
157779
29056546
540085
121509325
157779
359549
157779
86992
540085
547424
86992
157779
852871
157779
157779
483189
483189
157779
157779
540085
157779
157779
1590699
540085
86992
483189
157779
483189
483189
2034925
157779
359549
483189
483189
11236637
157779
86992
2642856
86992
157779
157779
86992
86992
86992
141401
2188754
157779
540085
86992
157779
157779
157779
483189
483189
157779
540085
141401
540085
483189
86992
157779
157779
86992
86992
1590699
86992
157779
86992
483189
157779
86992
157779
157779
157779
86992
1192447
2188754
86992
157779
359549
86992
928321
157779
157779
540085
540085
86992
483189
86992
1324716
86992
157779
86992
1590699
157779
1925327
540085
86992
483189
86992
86992
86992
157779
157779
483189
86992
483189
157779
157779
86992
483189
483189
540085
483189
86992
157779
852871
852228
157779
157779
157779
86992
3293392
157779
86992
540085
157779
540085
157779
1605491
157779
359549
157779
547424
86992
157779
157779
816450
157779
157779
86992
359549
1592263
157779
157779
3297948
157779
157779
816450
547424
540085
556511
157779
157779
157779
483189
852228
6312441
86992
157779
157779
157779
540085
157779
547424
86992
852228
86992
483189
483189
86992
483189
86992
157779
157779
157779
157779
1645884
86992
86992
157779
540085
86992
157779
680943
86992
86992
86992
157779
5590899
540085
852871
157779
540085
86992
816450
86992
483189
86992
157779
1324716
483189
928321
86992
157779
157779
86992
157779
157779
157779
540085
86992
86992
483189
852228
157779
86992
157779
157779
157779
157779
2903312
86992
483189
157779
157779
852228
86992
359549
359549
483189
483189
86992
852228
483189
25714278
852871
540085
157779
86992
540085
86992
86992
86992
4596920
157779
157779
86992
86992
157779
483189
86992
157779
86992
483189
141401
86992
852871
157779
540085
157779
157779
540085
86992
157779
359549
540085
86992
157779
483189
157779
86992
157779
86992
86992
86992
86992
157779
157779
547424
1199876
157779
157779
2188754
86992
483189
86992
157779
1590699
483189
2188754
1382945
86992
540085
141401
852228
540085
86992
157779
86992
157779
483189
483189
157779
157779
157779
157779
483189
157779
157779
540085
483189
69405780
540085
157779
86992
86992
1406886
852871
540085
86992
157779
157779
852228
483189
86992
86992
86992
86992
86992
157779
157779
157779
852228
86992
483189
7355817
540085
483189
157779
157779
157779
616382
1592263
157779
157779
157779
852228
157779
157779
2188754
157779
1592263
86992
359549
157779
86992
616382
86992
540085
157779
157779
464844
157779
5181169
483189
86992
1592263
86992
157779
141401
157779
157779
157779
5142856
157779
1324716
86992
157779
540085
141401
141401
157779
86992
852228
928321
157779
157779
680943
483189
157779
86992
1199876
359549
157779
852228
483189
483189
86992
2305892
86992
86992
852871
483189
157779
157779
157779
157779
540085
86992
616382
157779
547424
86992
86992
157779
1324716
547424
86992
1199876
157779
86992
816450
540085
1645884
157779
852228
86992
483189
86992
86992
86992
157779
157779
86992
2188754
86992
816450
157779
157779
86992
86992
547424
3297948
1406886
483189
157779
483189
483189
86992
157779
157779
483189
1592263
157779
141401
2427297
157779
157779
86992
852228
3293392
86992
852871
157779
540085
86992
157779
157779
86992
852228
157779
86992
483189
157779
540085
547424
86992
157779
483189
540085
86992
359549
157779
616382
547424
852871
483189
157779
3555138
86992
86992
86992
157779
157779
852228
540085
86992
483189
3293392
483189
464844
157779
86992
157779
157779
483189
86992
3615447
1645884
157779
86992
483189
157779
540085
86992
483189
86992
483189
157779
483189
483189
86992
86992
157779
86992
86992
483189
157779
2188754
157779
86992
86992
157779
547424
86992
157779
86992
1590699
86992
1590699
852871
86992
157779
86992
157779
157779
157779
483189
86992
86992
540085
540085
157779
86992
852228
1118799
2188754
5000474
157779
359549
157779
852228
157779
86992
852228
1192447
852871
157779
86992
157779
86992
540085
157779
157779
86992
852228
483189
616382
86992
540085
852228
86992
86992
547424
157779
86992
86992
483189
86992
2691400
483189
359549
1590699
86992
157779
483189
483189
483189
86992
1590699
540085
86992
157779
540085
483189
141401
15609445
359549
540085
157779
86992
86992
547424
86992
157779
483189
86992
157779
157779
1590699
86992
157779
852228
1318726704
86992
547424
540085
157779
86992
157779
1406886
157779
157779
547424
86992
157779
157779
1590699
540085
547424
157779
86992
19877530
540085
540085
540085
86992
86992
1192447
157779
86992
86992
43844283
86992
359549
157779
1192447
86992
86992
157779
86992
157779
157779
157779
86992
157779
40312619
86992
928321
2427297
852871
86992
1590699
86992
157779
483189
483189
483189
157779
483189
852228
3348943
852228
483189
157779
157779
157779
86992
483189
483189
86992
540085
2428197
157779
816450
86992
157779
540085
157779
86992
157779
86992
483189
157779
157779
86992
86992
1118799
1406886
157779
483189
86992
86992
852871
5069129
483189
157779
2188754
86992
86992
157779
547424
157779
540085
157779
157779
157779
540085
157779
157779
86992
1645884
8731171
483189
86992
359549
540085
540085
157779
86992
86992
1778700
483189
540085
86992
483189
483189
483189
556511
86992
157779
1592263
157779
1592263
141401
157779
540085
6312441
157779
483189
86992
86992
816450
86992
1592263
1590699
816450
86992
157779
483189
157779
86992
157779
540085
2427297
141401
157779
86992
483189
86992
852871
157779
86992
1661667
157779
157779
15609445
852871
10577115
3555138
540085
540085
157779
86992
483189
157779
86992
483189
1590699
157779
86992
157779
157779
157779
852871
157779
86992
157779
547424
157779
483189
157779
86992
141401
5449403
359549
6954834
86992
547424
86992
483189
547424
7355817
483189
483189
852228
939300
86992
86992
86992
157779
86992
86992
86992
852228
540085
540085
483189
157779
157779
86992
483189
5590899
11417510
483189
157779
157779
1199876
483189
540085
852871
86992
540085
86992
157779
2427297
2188754
157779
86992
86992
1590699
547424
157779
1922580
157779
86992
359549
86992
157779
157779
86992
86992
157779
547424
86992
157779
86992
483189
483189
157779
852871
359549
157779
86992
157779
3348943
157779
1592263
86992
86992
86992
86992
86992
157779
86992
157779
1192447
157779
157779
157779
157779
852871
540085
86992
540085
2427297
483189
852871
5449403
86992
540085
157779
157779
540085
86992
157779
6312441
86992
86992
547424
157779
1192447
86992
3293392
483189
157779
141401
483189
157779
157779
540085
2188754
86992
2188754
547424
547424
86992
157779
483189
86992
616382
2427297
157779
157779
86992
86992
483189
483189
157779
157779
928321
540085
157779
852228
157779
86992
157779
157779
193095114
3293392
483189
157779
157779
483189
86992
852871
157779
86992
1406886
483189
157779
483189
359549
157779
540085
11423429
483189
1590699
547424
359549
86992
86992
86992
86992
157779
1192447
86992
483189
157779
540085
86992
4596920
852228
928321
4794974
483189
157779
483189
1590699
86992
540085
157779
157779
483189
86992
483189
556511
157779
852228
157779
157779
157779
2427297
157779
547424
157779
86992
547424
157779
157779
86992
2642856
540085
157779
86992
547424
157779
86992
483189
157779
86992
4676514
483189
852228
157779
86992
157779
540085
86992
86992
86992
1592263
483189
540085
86992
86992
157779
86992
3348943
157779
157779
86992
540085
86992
483189
157779
157779
157779
157779
157779
1778700
157779
852228
86992
157779
86992
1592263
86992
157779
483189
86992
157779
86992
86992
157779
483189
540085
483189
86992
483189
2427297
157779
483189
86992
1406886
157779
540085
86992
157779
816450
483189
483189
157779
616382
157779
86992
157779
157779
157779
483189
157779
483189
157779
852228
852228
852228
483189
157779
157779
483189
483189
483189
141401
86992
157779
540085
86992
86992
547424
157779
86992
483189
157779
86992
86992
86992
483189
540085
86992
29056546
483189
1645884
86992
157779
157779
157779
157779
483189
483189
1590699
157779
540085
616382
86992
157779
852871
2188754
86992
86992
483189
86992
86992
86992
86992
852228
86992
86992
11670151
483189
25714278
86992
86992
157779
86992
616382
540085
86992
1324716
157779
86992
86992
359549
540085
5449403
86992
540085
2428197
359549
157779
157779
86992
540085
483189
157779
86992
1192447
86992
86992
616382
157779
157779
157779
86992
157779
483189
86992
157779
157779
13267959
157779
157779
86992
157779
157779
483189
540085
540085
157779
852871
86992
483189
540085
1324716
540085
1592263
86992
540085
157779
86992
86992
86992
157779
616382
483189
157779
483189
483189
86992
86992
86992
547424
483189
540085
86992
540085
483189
483189
86992
547424
359549
616382
483189
483189
86992
157779
157779
43849044
540085
1592263
852228
86992
86992
157779
86992
86992
1592263
359549
86992
483189
547424
86992
157779
852871
86992
157779
1592263
86992
86992
1590699
2428197
157779
86992
157779
1645884
157779
816450
483189
157779
157779
540085
540085
157779
157779
157779
157779
157779
483189
157779
157779
1590699
1661667
483189
157779
86992
157779
540085
816450
86992
157779
157779
86992
86992
852228
1590699
86992
540085
86992
157779
157779
157779
359549
157779
86992
483189
86992
86992
6782307
852871
616382
939300
157779
852871
483189
157779
86992
157779
540085
86992
48041505
17500489
3359670
157779
540085
547424
157779
157779
157779
3149696
157779
157779
157779
157779
540085
86992
157779
86992
157779
17500489
141401
86992
157779
540085
483189
483189
483189
547424
157779
483189
540085
157779
86992
2428197
540085
540085
540085
1645884
1592263
86992
928321
3297948
157779
2427297
816450
86992
616382
483189
157779
483189
86992
86992
483189
157779
157779
157779
86992
616382
86992
483189
157779
157779
928321
540085
17500489
540085
86992
540085
547424
86992
540085
86992
86992
86992
157779
852871
86992
1199876
157779
483189
157779
1577743
483189
141401
86992
540085
540085
852228
852228
157779
157779
2188754
19884368
10097986
816450
1592263
1406886
86992
852228
86992
157779
86992
17500489
86992
483189
547424
86992
1661667
1192447
86992
86992
483189
16997340
86992
540085
157779
157779
852228
157779
1382945
852228
86992
157779
483189
86992
157779
483189
483189
616382
157779
483189
86992
86992
540085
86992
852228
852228
86992
157779
1645884
483189
86992
483189
547424
86992
86992
86992
157779
86992
852228
483189
157779
483189
157779
616382
86992
157779
157779
86992
157779
86992
86992
80883434
86992
86992
157779
483189
86992
540085
5590899
157779
86992
157779
1406886
86992
86992
1925327
4596920
483189
483189
157779
129782184
157779
359549
86992
86992
86992
157779
852228
157779
483189
141401
157779
5069129
157779
483189
359549
7044040
540085
157779
547424
157779
157779
86992
157779
483189
157779
540085
157779
157779
2188754
1382945
86992
540085
1118799
852871
157779
157779
483189
483189
483189
86992
157779
540085
86992
1592263
2909049
157779
483189
157779
86992
157779
161759221
157779
157779
86992
852228
816450
547424
157779
483189
483189
86992
1382945
540085
157779
852228
86992
1778700
540085
157779
86992
86992
86992
141401
157779
157779
157779
86992
1192447
157779
852228
157779
141401
1192447
157779
157779
547424
157779
540085
852228
483189
157779
25714278
157779
540085
157779
616382
2188754
86992
1199876
157779
483189
157779
483189
157779
86992
483189
540085
157779
86992
157779
852871
157779
547424
157779
2427297
483189
157779
157779
157779
1592263
483189
86992
540085
157779
86992
86992
540085
2188754
86992
86992
852871
540085
86992
86992
157779
157779
483189
157779
359549
483189
540085
157779
540085
852871
86992
540085
86992
157779
86992
86992
157779
540085
157779
483189
157779
483189
157779
483189
86992
2427297
540085
483189
86992
86992
157779
86992
86992
86992
86992
852228
852228
540085
157779
86992
86992
540085
483189
86992
483189
157779
483189
86992
928321
157779
1590699
86992
86992
157779
928321
483189
483189
16664780
157779
157779
852228
86992
86992
157779
852871
157779
359549
680943
540085
483189
157779
86992
852228
86992
157779
157779
540085
540085
86992
157779
157779
141401
86992
540085
86992
157779
86992
86992
157779
483189
157779
1925327
547424
540085
1592263
2428197
483189
157779
483189
157779
157779
483189
157779
852228
852871
86992
86992
1590699
86992
852228
928321
157779
157779
86992
483189
157779
1592263
483189
86992
86992
483189
86992
157779
852228
157779
86992
939300
86992
1645884
1645884
1590699
86992
86992
157779
157779
852228
852228
483189
86992
483189
157779
359549
157779
86992
86992
483189
157779
483189
2427297
16198908
483189
540085
157779
157779
483189
86992
86992
86992
157779
86992
141401
86992
157779
1590699
157779
157779
1590699
1192447
359549
6499146
157779
483189
157779
359549
157779
157779
157779
1590699
1590699
141401
141401
157779
157779
6954834
157779
1192447
1592263
483189
86992
1592263
1199876
86992
141401
157779
483189
483189
86992
157779
86992
86992
547424
852871
540085
547424
540085
483189
157779
157779
157779
483189
157779
157779
483189
157779
1590699
483189
86992
483189
86992
359549
359549
483189
157779
86992
86992
86992
540085
157779
157779
1324716
483189
157779
540085
157779
540085
852228
157779
1645884
157779
540085
86992
157779
86992
157779
157779
157779
547424
86992
157779
157779
141401
86992
483189
540085
86992
2305892
86992
86992
86992
86992
157779
86992
483189
157779
540085
540085
157779
359549
540085
157779
852228
540085
483189
2427297
86992
86992
540085
157779
86992
1406886
157779
359549
540085
540085
157779
540085
157779
540085
483189
157779
86992
157779
157779
1118799
157779
2427297
547424
483189
928321
483189
1199876
616382
157779
86992
157779
2428197
157779
157779
157779
852228
86992
1199876
540085
157779
157779
86992
1199876
157779
157779
86992
86992
359549
547424
483189
86992
157779
86992
2034925
1324716
540085
1199876
86992
29060946
86992
540085
157779
141401
86992
2188754
483189
939300
157779
483189
157779
483189
157779
86992
1406886
157779
86992
483189
157779
359549
616382
157779
852228
547424
540085
540085
483189
157779
86992
157779
86992
86992
86992
86992
852228
86992
157779
1592263
86992
157779
157779
547424
157779
852871
1000764002
86992
157779
86992
86992
86992
86992
42217913
2188754
157779
157779
939300
157779
359549
157779
1406886
86992
157779
157779
1406886
86992
86992
157779
86992
157779
1645884
86992
157779
540085
1842195
86992
86992
483189
157779
852871
86992
483189
157779
86992
483189
86992
157779
157779
483189
852228
3555138
157779
86992
157779
86992
483189
86992
86992
157779
86992
540085
540085
86992
2188754
157779
157779
157779
86992
540085
483189
157779
157779
86992
86992
86992
1592263
1118799
540085
86992
540085
540085
540085
157779
540085
249249329
157779
157779
547424
157779
157779
157779
157779
1527675
157779
42404548
86992
1406886
1590699
157779
540085
483189
157779
157779
86992
86992
86992
157779
157779
1592263
483189
86992
86992
86992
157779
483189
86992
86992
4794974
157779
86992
483189
86992
86992
157779
157779
540085
86992
157779
157779
852228
852871
141401
86992
852871
540085
86992
86992
852871
540085
157779
928321
483189
86992
86992
540085
86992
86992
86992
157779
1192447
86992
852228
540085
86992
157779
86992
157779
540085
157779
157779
86992
540085
157779
86992
483189
1645884
86992
157779
86992
540085
86992
359549
86992
483189
157779
547424
1592263
852871
157779
483189
86992
852871
483189
86992
1192447
157779
540085
483189
157779
547424
359549
157779
483189
86992
1592263
86992
157779
157779
157779
157779
157779
157779
540085
86992
547424
86992
86992
157779
540085
86992
157779
157779
13663220
928321
157779
157779
852228
157779
86992
86992
852871
483189
157779
540085
4596920
540085
157779
86992
483189
483189
86992
3293392
86992
157779
86992
540085
540085
2188754
86992
816450
157779
157779
483189
86992
1590699
157779
86992
157779
157779
852871
86992
540085
483189
86992
852871
86992
157779
483189
86992
86992
540085
157779
157779
547424
86992
157779
540085
540085
157779
1645884
1590699
157779
540085
157779
86992
2305892
86992
157779
86992
86992
4794974
86992
616382
1406886
1192447
157779
540085
483189
540085
157779
14441704
2585683
928321
86992
540085
157779
157779
616382
540085
616382
157779
1778700
86992
86992
86992
86992
157779
86992
2911000
86992
157779
483189
540085
359549
86992
852228
157779
483189
483189
616382
483189
157779
852228
483189
483189
157779
86992
157779
540085
157779
157779
86992
157779
86992
86992
852228
157779
86992
157779
157779
1592263
1592263
540085
86992
540085
86992
157779
540085
86992
359549
483189
547424
157779
157779
157779
616382
540085
86992
86992
1406886
547424
157779
1770497
540085
157779
86992
1199876
86992
2909049
86992
86992
157779
157779
86992
2188754
483189
86992
359549
157779
157779
157779
86992
540085
157779
483189
86992
1592263
86992
157779
157779
1592263
157779
86992
157779
157779
86992
483189
86992
157779
157779
86992
1919429
157779
483189
86992
86992
852228
45241615
86992
2428197
157779
8594369
86992
157779
86992
86992
157779
483189
2305892
483189
1590699
86992
86992
86992
157779
540085
157779
86992
86992
1592263
157779
2313168
483189
2428197
157779
157779
157779
483189
540085
157779
157779
483189
483189
157779
1192447
86992
483189
157779
86992
86992
816450
547424
1592263
86992
3149696
157779
483189
540085
16664780
157779
540085
483189
86992
157779
540085
86992
540085
157779
483189
86992
2427297
157779
540085
157779
86992
86992
86992
157779
852228
1199876
540085
86992
157779
852228
157779
86992
1118799
852228
141401
1577743
157779
483189
483189
483189
547424
157779
157779
1592263
157779
157779
483189
2642856
852871
157779
141401
157779
141401
483189
157779
547424
13663220
86992
540085
157779
86992
157779
157779
540085
2188754
540085
616382
1592263
1118799
852871
157779
540085
483189
86992
157779
2188754
547424
540085
157779
157779
157779
1192447
86992
86992
86992
86992
483189
86992
86992
157779
86992
1919429
1645884
157779
1592263
1590699
483189
483189
157779
540085
547424
5449403
157779
157779
157779
86992
86992
157779
483189
2305892
157779
540085
157779
86992
157779
157779
483189
86992
2188754
157779
141401
86992
540085
86992
1406886
157779
157779
816450
852871
157779
157779
928321
157779
2188754
86992
556511
157779
86992
483189
86992
1406886
547424
852871
157779
157779
483189
483189
86992
852871
157779
540085
2188754
3678701
616382
86992
86992
540085
157779
483189
464844
157779
483189
86992
86992
2188754
86992
157779
1192447
157779
2909049
1592263
86992
3348943
1592263
86992
86992
157779
5188211
86992
2897385
483189
86992
852871
1406886
86992
157779
86992
86992
86992
86992
86992
157779
1592263
86992
86992
483189
2188754
157779
1590699
157779
816450
141401
86992
2305892
1324716
157779
939300
157779
680943
86992
5449403
86992
86992
86992
86992
86992
86992
86992
540085
157779
540085
157779
157779
483189
157779
157779
540085
1645884
483189
157779
86992
540085
86992
86992
359549
157779
157779
2428197
1590699
1592263
86992
157779
86992
157779
540085
86992
157779
483189
1592263
2305892
86992
540085
852871
157779
540085
852871
86992
2585683
157779
157779
483189
157779
157779
359549
1645884
616382
483189
540085
852228
1199876
8335195
540085
157779
852228
1592263
141401
86992
852871
157779
540085
86992
1406886
483189
540085
86992
86992
157779
86992
86992
157779
157779
157779
540085
86992
7040651
852228
86992
157779
86992
2427297
4403985
86992
157779
157779
157779
1592263
86992
4794974
483189
86992
35348901
3555138
86992
483189
483189
1922580
157779
86992
157779
852228
157779
86992
816450
86992
157779
157779
157779
157779
852871
157779
86992
86992
5188211
157779
157779
86992
86992
157779
464844
852228
86992
1645884
157779
157779
86992
157779
157779
540085
1592263
616382
2188754
86992
157779
86992
6312441
483189
157779
157779
157779
483189
547424
157779
86992
157779
852228
540085
852228
86992
483189
157779
86992
157779
86992
157779
540085
86992
2188754
157779
1590699
86992
86992
86992
1590699
86992
540085
86992
86992
852228
86992
86992
540085
86992
157779
86992
86992
157779
483189
86992
616382
547424
5599322
86992
4788624
86992
86992
86992
157779
157779
1592263
157779
141401
86992
547424
157779
157779
483189
86992
2188754
157779
852871
86992
483189
483189
1778700
157779
2188754
86992
86992
540085
141401
157779
157779
157779
1592263
359549
86992
616382
157779
483189
852228
483189
359549
86992
86992
1192447
540085
483189
1199876
540085
157779
86992
359549
86992
852228
86992
852228
157779
483189
359549
86992
540085
86992
852871
1590699
157779
157779
86992
2368534
852871
157779
5977701
157779
86992
86992
86992
483189
86992
86992
483189
157779
540085
86992
483189
2188754
483189
556511
547424
1645884
86992
86992
540085
157779
157779
157779
483189
157779
86992
86992
86992
157779
157779
86992
86992
157779
547424
157779
157779
1192447
157779
540085
483189
2427297
157779
86992
157779
540085
157779
1592263
157779
157779
359549
157779
157779
141401
2428197
483189
157779
1590699
86992
86992
86992
157779
483189
1199876
483189
157779
6954834
157779
547424
86992
1778700
157779
157779
157779
86992
157779
852228
86992
540085
1199876
86992
86992
35670670
157779
852871
483189
157779
157779
540085
86992
359549
157779
483189
483189
86992
616382
483189
12614299
157779
157779
540085
86992
141401
852228
157779
157779
86992
3359670
464844
3348943
157779
157779
86992
86992
86992
483189
483189
852871
540085
157779
86992
483189
483189
157779
483189
540085
86992
157779
86992
17500489
483189
1645884
1067954
157779
86992
852871
157779
540085
359549
483189
157779
86992
852228
852228
540085
86992
816450
483189
157779
852871
157779
852871
86992
540085
680943
157779
86992
86992
86992
86992
540085
157779
157779
359549
86992
1592263
616382
141401
141401
86992
157779
483189
483189
4596920
2897385
1592263
1605491
1592263
141401
547424
157779
157779
157779
816450
157779
483189
157779
4596920
157779
86992
547424
928321
483189
540085
1577743
157779
483189
483189
86992
157779
157779
157779
157779
483189
852871
157779
141401
1590699
2188754
483189
540085
483189
2909049
1324716
86992
157779
540085
157779
86992
483189
86992
852871
483189
86992
1192447
852228
86992
86992
157779
547424
86992
540085
86992
157779
86992
86992
86992
852871
86992
157779
483189
157779
157779
1592263
547424
852228
157779
540085
157779
157779
2642856
2188754
483189
483189
86992
483189
157779
616382
1406886
540085
157779
157779
157779
1645884
157779
540085
86992
852871
86992
157779
157779
157779
157779
157779
540085
86992
157779
816450
141401
86992
157779
86992
157779
157779
852228
86992
86992
157779
816450
540085
157779
1192447
547424
852228
157779
852871
86992
157779
483189
86992
86992
483189
483189
540085
157779
540085
86992
359549
157779
86992
1592263
157779
540085
157779
483189
157779
86992
2642856
157779
157779
2909049
157779
86992
86992
86992
1118799
483189
540085
86992
1645884
1925327
86992
2903312
86992
157779
157779
157779
852228
86992
816450
540085
852871
157779
1382945
540085
86992
86992
547424
816450
483189
157779
157779
547424
157779
1577743
547424
1592263
483189
852871
2188754
86992
540085
157779
86992
86992
483189
157779
86992
157779
157779
1406886
5142856
86992
86992
86992
86992
852228
1577743
1925327
540085
483189
157779
15416214
157779
540085
141401
86992
157779
1592263
1406886
1645884
86992
616382
483189
359549
157779
157779
157779
86992
483189
86992
86992
157779
157779
157779
540085
157779
483189
157779
483189
86992
157779
483189
157779
157779
1406886
86992
1645884
547424
157779
86992
141401
483189
8270198
483189
157779
157779
928321
1590699
483189
2188754
2188754
540085
157779
547424
540085
157779
852228
157779
157779
483189
1931843
157779
852871
157779
157779
86992
86992
540085
540085
157779
157779
157779
141401
157779
157779
157779
5126712
359549
86992
2188754
157779
816450
157779
157779
157779
86992
483189
540085
483189
157779
1592263
483189
359549
2368534
86992
86992
157779
157779
86992
852228
157779
1592263
86992
86992
359549
157779
540085
540085
157779
86992
483189
157779
3348943
86992
157779
852228
157779
1192447
86992
157779
483189
86992
483189
483189
540085
1592263
1590699
2188754
483189
547424
852228
86992
483189
157779
157779
157779
540085
86992
157779
86992
157779
157779
157779
86992
483189
157779
86992
86992
86992
86992
157779
483189
157779
86992
86992
483189
359549
852871
157779
86992
157779
157779
483189
157779
86992
359549
157779
19990654
86992
157779
86992
86992
157779
86992
157779
483189
157779
86992
157779
852228
1592263
157779
157779
86992
2897385
157779
86992
5449403
547424
547424
157779
86992
86992
540085
157779
157779
540085
157779
157779
157779
540085
86992
157779
2642856
483189
157779
816450
157779
141401
86992
157779
86992
483189
1406886
547424
157779
540085
157779
86992
1406886
5142856
1592263
86992
86992
86992
157779
86992
483189
86992
547424
852228
540085
86992
157779
157779
157779
483189
1925327
157779
86992
157779
86992
86992
86992
86992
157779
157779
157779
141401
157779
852871
1406886
86992
86992
547424
86992
2188754
547424
540085
86992
86992
157779
157779
483189
86992
483189
157779
1592263
556511
86992
483189
86992
86992
483189
540085
540085
157779
86992
86992
86992
540085
86992
157779
483189
157779
483189
540085
483189
86992
86992
86992
157779
86992
852871
157779
86992
86992
86992
6890022
157779
86992
157779
1590699
157779
483189
86992
157779
157779
86992
86992
157779
540085
540085
1590699
5118131
483189
1406886
86992
157779
616382
483189
2188754
483189
157779
2427297
157779
540085
540085
5010846
483189
157779
157779
157779
141401
852228
547424
157779
547424
157779
86992
157779
483189
540085
483189
2642856
157779
157779
86992
3348943
483189
157779
2188754
5140042
483189
157779
157779
852871
547424
157779
86992
540085
483189
483189
157779
86992
157779
86992
483189
540085
157779
540085
86992
157779
540085
157779
86992
157779
86992
1406886
157779
157779
483189
157779
852228
86992
359549
1577743
1590699
540085
540085
157779
157779
86992
157779
157779
157779
157779
86992
483189
157779
157779
157779
547424
540085
483189
616382
86992
86992
359549
86992
540085
157779
1592263
157779
157779
157779
157779
483189
86992
157779
86992
483189
1592263
86992
157779
86992
157779
86992
483189
157779
86992
86992
1406886
86992
86992
1590699
1592263
157779
540085
483189
1592263
157779
19884368
2188754
157779
86992
157779
86992
17722221
1842195
86992
86992
483189
157779
86992
86992
86992
540085
483189
1192447
86992
540085
540085
157779
86992
616382
483189
483189
86992
157779
157779
1842195
86992
86992
547424
483189
540085
2188754
540085
1590699
483189
157779
157779
483189
157779
157779
5590899
852871
2188754
616382
483189
359549
540085
86992
483189
86992
157779
2188754
483189
157779
86992
86992
157779
86992
483189
157779
157779
86992
86992
852871
157779
483189
852228
1590699
483189
157779
86992
616382
157779
483189
157779
540085
483189
157779
483189
86992
1590699
86992
816450
86992
2642856
816450
157779
86992
157779
2188754
86992
86992
157779
157779
86992
86992
1118799
86992
483189
483189
852228
1592263
157779
483189
540085
483189
483189
483189
86992
157779
540085
157779
157779
157779
157779
86992
483189
483189
157779
157779
157779
616382
540085
1406886
86992
157779
1592263
540085
157779
157779
157779
157779
86992
540085
3149696
86992
157779
157779
157779
4224331
157779
157779
157779
540085
157779
86992
483189
483189
86992
86992
86992
86992
157779
852871
157779
157779
157779
157779
483189
483189
157779
852871
157779
86992
616382
540085
157779
157779
483189
1592263
86992
1406886
540085
852871
35021379
483189
359549
86992
540085
852871
483189
157779
483189
616382
852228
1590699
483189
928321
86992
86992
157779
157779
540085
157779
157779
852871
157779
157779
483189
483189
157779
157779
483189
157779
86992
157779
3348943
157779
157779
86992
2188754
1592263
2368534
483189
86992
86992
816450
157779
1406886
157779
1592263
157779
61953942
852871
86992
86992
483189
616382
86992
483189
359549
157779
2428197
86992
157779
1592263
157779
157779
157779
157779
1778700
33164584
852228
86992
483189
157779
928321
86992
157779
86992
157779
2427297
483189
157779
86992
1592263
13663220
86992
86992
2188754
86992
547424
483189
1592263
483189
157779
540085
157779
86992
86992
540085
86992
540085
86992
547424
86992
2428197
852871
86992
86992
547424
852228
157779
483189
483189
483189
86992
483189
86992
86992
359549
86992
157779
157779
86992
359549
157779
483189
157779
157779
359549
540085
157779
540085
483189
86992
157779
86992
483189
359549
86992
547424
483189
359549
928321
157779
157779
157779
86992
483189
86992
86992
547424
540085
86992
1645884
2188754
483189
540085
1592263
157779
157779
540085
852871
540085
86992
483189
483189
157779
157779
157779
157779
86992
540085
483189
483189
86992
86992
157779
86992
86992
157779
157779
86992
157779
86992
86992
483189
86992
852228
157779
157779
86992
483189
12058737
86992
157779
157779
1645884
86992
7040651
1590699
157779
157779
540085
86992
852228
1919429
157779
157779
483189
157779
157779
157779
157779
86992
1199876
540085
2188754
2710890
540085
157779
157779
540085
540085
1592263
157779
1661667
86992
483189
359549
157779
1590699
540085
157779
86992
157779
540085
86992
86992
157779
141401
540085
547424
483189
1199876
86992
157779
157779
157779
157779
157779
483189
483189
483189
483189
86992
852228
483189
483189
86992
5010846
86992
1645884
540085
157779
852871
157779
1192447
86992
157779
483189
1592263
157779
540085
5142856
540085
157779
86992
86992
157779
157779
483189
483189
816450
852228
852871
157779
86992
547424
483189
86992
157779
86992
157779
157779
540085
86992
157779
592059352
359549
86992
540085
540085
157779
852228
483189
1527675
86992
547424
157779
86992
86992
157779
483189
86992
141401
5590899
359549
483189
540085
2427297
483189
157779
157779
540085
86992
157779
483189
852871
157779
547424
157779
86992
86992
1577743
86992
157779
547424
157779
86992
1592263
852228
157779
157779
8594369
483189
540085
157779
483189
483189
86992
157779
1590699
616382
852228
86992
157779
157779
86992
483189
4596920
483189
1592263
86992
141401
157779
86992
86992
7044583
86992
157779
157779
2188754
359549
483189
483189
157779
540085
483189
157779
157779
1406886
157779
540085
1592263
540085
86992
359549
483189
157779
483189
3348943
359549
86992
483189
86992
86992
157779
157779
816450
852871
852871
816450
483189
157779
540085
157779
157779
86992
86992
852228
483189
86992
86992
483189
86992
1192447
86992
540085
86992
157779
86992
157779
157779
547424
3149696
483189
1590699
86992
157779
157779
483189
852228
86992
86992
157779
86992
86992
157779
157779
359549
852228
157779
86992
483189
157779
157779
540085
616382
157779
157779
86992
1199876
86992
86992
86992
157779
540085
86992
4596920
157779
852871
540085
157779
483189
157779
157779
540085
157779
157779
540085
483189
86992
359549
157779
157779
86992
1192447
86992
157779
157779
157779
157779
540085
157779
816450
86992
157779
540085
86992
157779
86992
86992
2368534
483189
141401
616382
86992
483189
1192447
540085
483189
157779
3348943
86992
157779
86992
86992
483189
483189
157779
157779
816450
852228
157779
157779
157779
157779
547424
86992
157779
483189
483189
540085
359549
157779
157779
547424
1406886
157779
86992
816450
157779
86992
540085
86992
852871
359549
1592263
157779
157779
157779
86992
97352278
547424
157779
157779
157779
483189
540085
1645884
540085
852871
86992
86992
157779
157779
86992
86992
483189
157779
157779
157779
483189
852871
483189
483189
483189
86992
157779
852228
540085
2427297
157779
157779
2188754
157779
540085
157779
540085
157779
141401
540085
2188754
157779
2188754
157779
86992
540085
86992
86992
852871
157779
86992
157779
852228
483189
483189
1324716
157779
2642856
483189
86992
86992
157779
86992
157779
157779
157779
86992
1192447
157779
86992
483189
157779
86992
1590699
540085
15609445
2427297
1577743
9379314
157779
157779
1406886
157779
86992
86992
3348943
86992
14757868
483189
540085
157779
86992
483189
157779
157779
86992
157779
852228
86992
547424
157779
483189
1199876
158944363
86992
157779
359549
1118799
86992
852228
157779
157779
86992
157779
157779
157779
540085
157779
141401
157779
1925327
2897385
852228
157779
547424
141401
86992
157779
157779
157779
86992
157779
1199876
157779
483189
540085
86992
86992
483189
157779
157779
928321
157779
86992
141401
157779
2188754
86992
157779
483189
157779
86992
1324716
86992
86992
157779
540085
852228
483189
86992
157779
157779
86992
2188754
86992
2188754
86992
157779
157779
86992
157779
86992
86992
157779
483189
483189
2428197
157779
86992
359549
157779
157779
2188754
86992
157779
86992
86992
483189
86992
157779
483189
547424
540085
86992
86992
483189
141401
157779
86992
157779
1590699
1406886
86992
1199876
86992
86992
86992
2034925
86992
540085
157779
86992
157779
1590699
540085
540085
86992
540085
86992
86992
157779
157779
2034925
86992
157779
157779
852228
483189
157779
616382
141401
86992
157779
86992
86992
1406886
86992
1645884
86992
86992
157779
540085
86992
540085
852871
547424
483189
86992
540085
86992
157779
547424
616382
157779
157779
540085
157779
157779
1118799
483189
86992
157779
540085
86992
483189
483189
157779
483189
157779
157779
157779
86992
5773000
540085
157779
157779
540085
157779
483189
157779
157779
157779
86992
86992
157779
157779
483189
86992
157779
86992
86992
2188754
483189
157779
540085
2427297
157779
157779
4659385
1192447
157779
141401
157779
1406886
157779
2428197
1590699
2427297
86992
540085
157779
540085
2188754
483189
157779
5449403
157779
157779
157779
157779
141401
157779
157779
86992
157779
157779
1592263
157779
157779
157779
86992
540085
540085
540085
86992
1590699
157779
86992
1590699
86992
1118799
86992
483189
157779
157779
86992
2911000
157779
616382
540085
540085
157779
1590699
86992
483189
556511
86992
483189
86992
86992
157779
86992
540085
483189
1382945
157779
547424
483189
86992
483189
2428197
540085
86992
157779
86992
86992
157779
1192447
157779
53569655
1592263
157779
86992
86992
157779
540085
547424
86992
86992
540085
157779
157779
157779
483189
547424
540085
540085
86992
157779
1778700
852871
157779
483189
157779
483189
1192447
1590699
157779
540085
141401
157779
86992
86992
1199876
86992
157779
157779
157779
5449403
483189
157779
5142856
1527675
157779
540085
86992
157779
157779
86992
1592263
157779
157779
483189
86992
483189
540085
86992
157779
86992
1406886
157779
852871
2428197
86992
1192447
157779
359549
157779
86992
86992
86992
483189
157779
157779
86992
2188754
157779
86992
540085
157779
547424
157779
540085
157779
86992
359549
86992
86992
157779
86992
540085
157779
483189
157779
86992
359549
157779
483189
157779
483189
157779
157779
852228
852871
540085
157779
86992
939300
86992
11041740
2188754
86992
86992
86992
86992
157779
157779
157779
852871
86992
157779
157779
86992
483189
157779
86992
86992
86992
86992
157779
483189
157779
540085
547424
3348943
157779
86992
547424
540085
157779
540085
157779
7611865
2428197
157779
547424
157779
86992
1925327
483189
86992
157779
86992
86992
157779
141401
86992
2188754
86992
86992
5449403
157779
547424
483189
86992
86992
547424
86992
540085
86992
547424
157779
86992
928321
359549
483189
86992
86992
2305892
483189
86992
86992
2428197
86992
86992
540085
157779
483189
157779
1590699
12151171
86992
483189
86992
86992
483189
1192447
816450
2188754
157779
157779
86992
483189
483189
1925327
852871
86992
157779
86992
157779
86992
86992
86992
86992
86992
680943
483189
2642856
86992
22033630
157779
86992
1590699
86992
1590699
4596920
157779
86992
86992
547424
86992
157779
86992
4659385
86992
86992
