219251
400944
24268
144247
24268
937346
24268
269746
281119
24268
24268
24268
1129342
219251
24268
24268
24268
10230620
144247
480715
24268
24268
552868
24268
24268
72581
24268
2359488
1129342
400944
24268
219251
24268
24268
24268
24268
24268
24268
79590
219251
24268
219251
2359488
219251
400944
24268
400944
24268
24268
1329964
24268
24268
3624048
72581
281119
269746
219251
24268
24268
144247
552868
24268
24268
24268
72581
24268
24268
24268
683612
24268
24268
24268
219251
24268
24268
269746
552868
24268
144247
144247
400944
552868
24268
400944
24268
144247
144247
72581
1581353
219251
79590
219251
24268
24268
527686
24268
436078242
144247
281119
24268
24268
144247
144247
24268
219251
24268
79590
144247
24268
24268
24268
400944
24268
144247
219251
269746
24268
24268
24268
219251
24268
219251
219251
7503182
281119
24268
24268
219251
144247
24268
24268
24268
79590
1921040
24268
144247
24268
24268
8462636
24268
144247
24268
24268
144247
219251
24268
24268
552868
219251
24268
24268
219251
24268
144247
1329964
400944
24268
24268
3495077
24268
72581
269746
400944
14315924
281119
219251
2832989
24268
24268
269746
269746
269746
24268
144247
400944
24268
2761543
219251
1069710
24268
24268
24268
24268
24268
144247
1796894
219251
1129342
24268
24268
144247
144247
24268
219251
24268
1129342
24268
24268
400944
1932128
219251
219251
24268
24268
24268
72581
1129342
1069710
400944
24268
144247
269746
144247
24268
948485
24268
219251
219251
24268
24268
1921040
269746
1906903
24268
400944
24268
24268
269746
24268
527686
400944
219251
17640701
79590
291625
24268
144247
269746
281119
24268
24268
1921040
74133481
400944
144247
937346
400944
72581
219251
24268
400944
219251
24268
219251
2761543
144247
281119
269746
24268
219251
5530191
24268
400944
144247
281119
219251
144247
24268
24268
24268
527686
219251
24268
219251
24268
24268
219251
24268
219251
24268
24268
24268
144247
400944
24268
24268
683612
24268
24268
24268
269746
24268
527686
24268
24268
24268
24268
24268
24268
24268
144247
2974961
24268
281119
24268
24268
24268
400944
219251
552868
24268
24268
24268
24268
24268
24268
948485
24268
24268
24268
400944
219251
400944
24268
281119
683612
24268
24268
219251
24268
219251
683612
400944
24268
219251
400944
24268
400944
24268
24268
5195922
24268
24268
144247
24268
24268
144247
144247
219251
269746
144247
552868
24268
24268
552868
144247
144247
400944
24268
24268
24268
291625
24268
281119
1329964
24268
552868
24268
24268
24268
527686
527686
281119
144247
1129342
269746
219251
219251
24268
281119
3955614
219251
269746
219251
219251
680095
400944
24268
24268
24268
24268
24268
1921040
24268
400944
24268
24268
24268
219251
24268
144247
24268
24268
24268
281119
269746
24268
24268
219251
527686
219251
24268
24268
24268
24268
24268
144247
2832989
219251
24268
79590
948485
2832989
269746
24268
269746
219251
24268
281119
400944
24268
24268
72581
72581
144247
24268
552868
219251
24268
144247
24268
144247
24268
527686
144247
24268
400944
86991692
24268
144247
269746
24268
219251
144247
144247
24268
400944
219251
219251
4089031
24268
24268
269746
24268
24268
24268
24268
219251
24268
72581
79590
937346
1129342
400944
552868
24268
24268
24268
24268
72581
924705
24268
400944
24268
24268
79590
269746
24268
219251
1129342
219251
400944
948485
281119
24268
527686
24268
144247
24268
24268
400389
72581
24268
24268
1784568
72581
24268
281119
291625
24268
683612
219251
527686
281119
144247
2100394
24268
1784568
24268
527686
72581
281119
24268
219251
144247
1069710
24268
24268
24268
24268
144247
144247
24268
400944
24268
5977916
24268
400944
24268
400944
24268
24268
1069710
72581
144247
937346
1796894
24268
24268
24268
24268
24268
1129342
269746
219251
72581
24268
24268
144247
24268
79590
24268
1921040
1921040
24268
24268
24268
144247
24268
3624048
24268
24268
24268
24268
1129342
24268
24268
24268
219251
72581
24268
1129342
1129342
144247
1329964
281119
24268
24268
24268
24268
24268
72581
144247
1129342
269746
24268
24268
144247
79590
24268
24268
219251
24268
24268
24268
24268
24268
24268
400944
219251
24268
24268
400944
24268
269746
1129342
1581353
400944
144247
24268
400944
24268
1069710
527686
10880032
24268
24268
400944
144247
24268
24268
24268
552868
281119
219251
24268
269746
24268
219251
24268
24268
24268
24268
948485
400944
1329964
24268
24268
24268
219251
24268
219251
24268
24268
281119
400944
24268
144247
219251
24268
24268
24268
219251
219251
144247
24268
144247
24268
24268
24268
937346
24268
924705
24268
24268
72581
24268
219251
24268
24268
24268
1581353
24268
2832989
400389
219251
24268
400944
24268
291625
552868
24268
24268
144247
948485
24268
219251
24268
219251
219251
24268
24268
24268
552868
219251
144247
24268
144247
24268
948485
219251
24268
24268
486690146
24268
683612
18226022
24268
24268
72581
24268
144247
281119
219251
24268
400944
400944
269746
144247
219251
219251
24268
24268
400944
400944
400944
937346
24268
24268
281119
24268
1796894
144247
400944
1129342
281119
24268
24268
219251
24268
24268
269746
24268
24268
72581
24268
219251
219251
219251
948485
552868
24268
3955614
1796894
24268
219251
24268
144247
24268
24268
144247
24268
400944
1129342
24268
24268
24268
24268
144247
937346
24268
24268
24268
24268
24268
24268
24268
400944
24268
24268
24268
72581
72581
219251
24268
1129342
24268
683612
24268
480715
144247
400944
24268
24268
219251
219251
24268
144247
527686
219251
1129342
1581353
24268
24268
24268
24268
24268
1796894
1129342
144247
1129342
144247
24268
24268
24268
24268
1796894
24268
219251
24268
17002700
144247
24268
24268
281119
1129342
219251
24268
24268
24268
24268
24268
24268
24268
24268
144247
683612
24268
281119
24268
937346
24268
144247
281119
269746
1408178
24268
72581
144247
24268
24268
24268
269746
24268
219251
219251
527686
24268
269746
10906898
144247
219251
24268
24268
24268
24268
219251
24268
527686
24268
24268
24268
937346
72581
24268
24268
683612
24268
24268
527686
400944
291625
24268
24268
219251
1069710
24268
219251
24268
219251
219251
8925815
24268
24268
24268
144247
24268
24268
24268
1069710
683612
1329964
24268
219251
24268
24268
683612
400944
144247
400944
24268
24268
24268
1069710
24268
219251
219251
144247
24268
219251
24268
1581353
219251
24268
24268
24268
24268
24268
24268
24268
24268
4355312
1796894
1129342
24268
79590
144247
24268
24268
219251
683612
683612
219251
219251
24268
79590
219251
24268
24268
24268
400944
552868
24268
24268
24268
24268
24268
2436900
24268
1129342
24268
24268
219251
72581
24268
24268
1129342
144247
72581
219251
144247
24268
144247
3955614
24268
219251
269746
219251
24268
24268
400944
24268
24268
24268
24268
219251
24268
144247
144247
72581
72581
530634
281119
24268
24268
281119
24268
400944
400944
269746
219251
281119
24268
24268
219251
219251
79590
219251
10230620
144247
1921040
24268
10052219
683612
219251
219251
144247
24268
24268
24268
144247
24268
24268
24268
24268
24268
219251
219251
144247
527686
24268
527686
219251
219251
1581353
144247
24268
24268
683612
24268
24268
24268
144247
24268
24268
26413388
400944
24268
400944
24268
24268
219251
24268
144247
24268
24268
144247
219251
24268
144247
144247
79590
24268
937346
24268
24268
144247
281119
24268
24268
24268
24268
24268
24268
2974961
219251
144247
219251
24268
72581
144247
530634
144247
948485
552868
24268
219251
24268
219251
24268
24268
24268
219251
24268
144247
219251
24268
400944
24268
24268
24268
400944
400944
24268
948485
24268
219251
24268
24268
24268
281119
72581
24268
24268
1796894
144247
144247
24268
24268
24268
24268
219251
24268
219251
5188982
281119
72581
144247
24268
3414403
24268
144247
24268
24268
400944
219251
269746
219251
24268
24268
24268
219251
24268
72581
2424927
24268
24268
924705
24268
269746
79590
24268
144247
24268
24268
219251
24268
24268
24268
219251
72581
24268
269746
219251
219251
400944
530634
219251
89552744
1129342
2974961
72581
24268
269746
24268
24268
219251
219251
24268
144247
144247
24268
219251
24268
24268
219251
144247
24268
24268
24268
24268
144247
24268
144247
24268
400944
144247
24268
400944
24268
24268
24268
269746
24268
6127400
24268
24268
24268
24268
683612
24268
24268
24268
24268
144247
24268
3955614
937346
48957759
24268
24268
281119
1921040
24268
144247
24268
8352141
24268
269746
24268
72581
400944
3933110
291625
24268
24268
24268
24268
24268
24268
144247
24268
24268
24268
144247
24268
144247
2166761
24268
537157
269746
24268
24268
24268
24268
1581353
219251
79590
219251
144247
5530191
24268
24268
72581
144247
24268
24268
552868
2832989
24268
269746
24268
219251
43410493
24268
24268
24268
144247
24268
527686
24268
1581353
24268
24268
24268
144247
281119
24268
24268
24268
24268
24268
24268
24268
144247
24268
24268
219251
24268
400944
3356103
79590
219251
219251
24268
144247
281119
400944
269746
24268
24268
24268
219251
24268
1329964
24268
24268
24268
24268
12524692
219251
144247
219251
219251
400944
24268
683612
1129342
24268
6109202
24268
79590
24268
552868
6108972
24268
24268
10692653
2974961
1069710
1329964
219251
144247
144247
24268
72581
219251
219251
683612
948485
24268
24268
24268
24268
24268
79590
400944
24268
400944
24268
144247
219251
24268
219251
400944
24268
552868
24268
400944
527686
400944
219251
552868
269746
24268
12524692
24268
281119
24268
24268
24268
24268
144247
683612
219251
10692653
24268
219251
24268
72581
144247
144247
24268
400944
24268
937346
24268
24268
219251
7096571
219251
24268
219251
527686
144247
400944
281119
24268
219251
24268
219251
24268
219251
24268
24268
24268
291625
24268
24268
24268
281119
24268
28733917
24268
219251
281119
144247
219251
1329964
24268
24268
24268
937346
1581353
219251
281119
400944
1129342
24268
219251
24268
144247
683612
24268
281119
400944
219251
683612
281119
2436900
219251
24268
24268
1932128
24268
219251
24268
24268
144247
128851928
24268
144247
24268
24268
219251
24268
2974961
24268
24268
24268
144247
24268
219251
24268
10230620
219251
219251
219251
24268
219251
1129342
1129342
400944
24268
219251
72581
219251
24268
24268
1129342
1581353
552868
72581
24268
24268
24268
219251
24268
269746
219251
24268
24268
144247
24268
144247
24268
24268
15619891
1932128
24268
219251
24268
2974961
1129342
79590
24268
400944
24268
24268
219251
219251
948485
24268
219251
24268
24268
219251
552868
219251
400944
24268
144247
144247
24268
219251
1408178
527686
269746
24268
24268
269746
24268
24268
24268
24268
1069710
24268
1069710
24268
683612
24268
24268
24268
24268
24268
24268
1581353
24268
24268
24268
24268
72581
24268
24268
24268
24268
24268
24268
219251
527686
552868
24268
24268
24268
24268
24268
948485
219251
24268
24268
269746
24268
400944
400944
527686
144247
144247
24268
219251
24268
10692653
4355312
24268
24268
948485
219251
72581
24268
24268
400944
219251
219251
24268
219251
24268
24268
24268
219251
1129342
948485
24268
400944
400944
144247
24268
24268
24268
144247
24268
144247
1408178
24268
400944
683612
24268
72581
24268
24268
24268
24268
24268
24268
24268
24268
281119
24268
24268
948485
24268
24268
269746
527686
8998941
24268
24268
24268
24268
1129342
24268
72581
219251
24268
24268
219251
24268
219251
24268
281119
1129342
24268
72581
144247
2166761
269746
144247
3624048
219251
219251
24268
24268
15619891
12000045
24268
219251
72581
24268
948485
24268
144247
24268
24268
24268
281119
24268
281119
24268
219251
219251
1129342
24268
269746
24268
72581
269746
24268
527686
24268
144247
24268
24268
1329964
24268
144247
24268
24268
1129342
24268
527686
24268
1329964
24268
219251
2436900
24268
24268
24268
400944
400944
24268
281119
24268
24268
24268
24268
1581353
24268
400944
1329964
24268
24268
354915
1129342
24268
219251
683612
144247
24268
24268
281119
24268
281119
144247
144247
24268
24268
79590
24268
24268
948485
552868
24268
683612
144247
219251
24268
1129342
219251
24268
24268
24268
219251
281119
24268
24268
269746
219251
219251
400944
400944
219251
1129342
144247
72581
72581
24268
219251
527686
219251
24268
24268
24268
219251
24268
79590
281119
72581
24268
400944
281119
24268
24268
269746
144247
24268
400944
219251
527686
24268
24268
219251
24268
24268
219251
19941023
144247
24268
24268
948485
144247
3495077
24268
12524692
24268
24268
219251
24268
24268
552868
24268
144247
24268
680095
24268
219251
219251
281119
144247
24268
144247
144247
400944
219251
400944
24268
219251
24268
24268
219251
24268
269746
269746
24268
480715
24268
24268
24268
24268
219251
24268
219251
24268
4355312
24268
24268
24268
291625
5206531
72581
269746
24268
24268
24268
683612
24268
3356103
24268
219251
527686
24268
144247
24268
219251
24268
144247
219251
24268
24268
683612
2166761
400944
24268
269746
144247
552868
24268
219251
219251
683612
144247
1129342
24268
24268
269746
269746
219251
24268
24268
24268
1796894
219251
24268
219251
24268
144247
24268
144247
144247
269746
269746
24268
24268
24268
219251
281119
937346
1069710
219251
219251
24268
24268
24268
24268
400944
72581
219251
530634
530634
24268
400944
24268
144247
144247
1932128
24268
269746
24268
24268
24268
1932128
144247
24268
24268
219251
12524692
24268
24268
24268
1129342
24268
948485
400944
2832989
24268
219251
400944
144247
24268
527686
2974961
281119
24268
400944
144247
269746
24268
24268
281119
24268
24268
144247
527686
937346
24268
1796894
24268
552868
219251
24268
24268
24268
24268
24268
1796894
527686
281119
12353267
24268
24268
24268
24268
24268
219251
219251
72581
24268
24268
144247
24268
144247
24268
144247
24268
400944
400944
24268
219251
552868
24268
683612
269746
527686
24268
24268
24268
24268
24268
24268
1129342
219251
24268
24268
24268
144247
24268
24268
24268
24268
79590
400944
24268
24268
683612
24268
281119
2974961
144247
24268
144247
24268
24268
24268
24268
1129342
24268
219251
24268
1408178
683703
24268
24268
10230620
24268
144247
269746
269746
24268
354915
527686
144247
24268
24268
24268
400944
24268
72581
24268
24268
24268
24268
281119
24268
24268
24268
1581353
527686
219251
24268
24268
1581353
24268
144247
219251
400944
1581353
24268
219251
219251
281119
24268
24268
24268
24268
24268
227558849
1581353
527686
144247
24268
281119
144247
24268
79590
3955614
24268
3955614
72581
219251
400944
24268
24268
144247
24268
269746
24268
17695860
24268
281119
24268
24268
527686
24268
2761543
527686
24268
281119
219251
24268
49495140
24268
219251
8286594
24268
144247
24268
72581
72581
24268
527686
24268
24268
219251
72581
281119
24268
24268
24268
24268
24268
24268
24268
72581
219251
24268
219251
72581
24268
24268
144247
24268
219251
24268
72581
937346
24268
72581
144247
339637536
24268
72581
24268
24268
63509486
24268
24268
24268
219251
400944
24268
24268
400944
24268
219251
2653333
24268
219251
219251
219251
24268
144247
552868
937346
1129342
24268
24268
24268
219251
269746
2822969
8925815
24268
24268
24268
144247
24268
24268
219251
24268
144247
72581
219251
2653333
24268
144247
79590
72581
24268
24268
24268
24268
144247
281119
24268
144247
24268
144247
1932128
1129342
24268
937346
219251
937346
219251
24268
937346
24268
269746
400944
79590
24268
24268
24268
24268
24268
24268
219251
24268
24268
269746
24268
219251
24268
281119
24268
219251
24268
269746
72581
400944
400944
144247
24268
269746
24268
24268
1581353
24268
24268
144247
219251
144247
24268
24268
144247
24268
1129342
24268
24268
24268
219251
400944
144247
552868
24268
1129342
527686
219251
72581
219251
24268
1262186
79590
400944
219251
683612
219251
79590
24268
24268
24268
219251
24268
24268
144247
219251
24268
269746
219251
269746
948485
2974961
24268
219251
24268
24268
24268
219251
24268
219251
24268
24268
281119
5131562
219251
24268
219251
79590
24268
219251
219251
219251
144247
24268
24268
144247
24268
24268
219251
24268
24268
219251
24268
144247
24268
144247
79590
400944
219251
937346
24268
144247
35154292
219251
72581
144247
269746
144247
24268
24268
144247
24268
24268
24268
400944
24268
4355312
24268
24268
219251
948485
24268
24268
219251
72581
1329964
144247
219251
219251
72581
24268
219251
24268
144247
948485
8286594
948485
24268
1129342
400944
281119
24268
24268
219251
24268
24268
219251
219251
24268
7155016
1129342
72581
24268
2428442
219251
527686
269746
24268
24268
527686
219251
33379619
2832989
24268
24268
269746
24268
1129342
400944
7096571
24268
24268
948485
400944
24268
400944
281119
24268
219251
24268
527686
24268
1796894
24268
219251
24268
24268
400944
219251
144247
144247
937346
219251
807538140
24268
24268
24268
400944
5340655
527686
291625
24268
219251
948485
24268
144247
1262186
144247
72581
24268
72581
24268
219251
24268
400944
24268
219251
144247
2428442
24268
527686
144247
219251
24268
219251
24268
219251
219251
24268
8925815
20733644
24268
144247
1129342
24268
24268
400944
24268
219251
683612
24268
219251
24268
219251
144247
948485
24268
24268
42015644
24268
24268
72581
24268
24268
144247
144247
219251
1129342
24268
24268
24268
72581
219251
24268
400944
24268
24268
219251
72581
144247
24268
24268
281119
219251
79590
281119
24268
144247
24268
24268
24268
269746
1129342
24268
2166761
24268
24268
281119
1581353
24268
219251
24268
219251
24268
24268
24268
24268
72581
24268
24268
144247
144247
144247
24268
72581
24268
24268
948485
219251
1796894
24268
13247467
219251
144247
24268
24268
219251
24268
72581
24268
144247
79590
34227383
4355312
1129342
24268
24268
1581353
24268
683703
24268
219251
24268
24268
24268
144247
72581
459821542
3624048
24268
24268
24268
24268
24268
24268
2428442
24268
10052219
219251
144247
24268
400944
24268
24268
24268
144247
219251
1129342
24268
144247
4355312
400944
219251
219251
24268
24268
24268
24268
400944
24268
12783658
24268
24268
2436900
219251
24268
24268
6432212
269746
24268
10230620
24268
219251
24268
24268
219251
144247
72581
24268
24268
552868
1129342
3624048
1069710
24268
24268
144247
1408178
24268
24268
219251
400944
24268
552868
144247
24268
400944
144247
72581
144247
291625
24268
24268
24268
2761543
552868
24268
144247
2424927
219251
24268
683612
24268
281119
219251
24268
281119
24268
24268
219251
24268
2166761
144247
24268
219251
24268
24268
1725774
281119
400944
219251
24268
24268
269746
1408178
400944
144247
24268
24268
24268
219251
144247
72581
24268
24268
72581
24268
24268
24268
24268
24268
2428442
24268
24268
24268
24268
24268
24268
269746
2436900
144247
72581
144247
24268
144247
24268
144247
24268
1980456
24268
144247
400944
527686
144247
24268
400944
24268
24268
24268
24268
219251
269746
24268
948485
24268
24268
219251
24268
1129342
72581
24268
4355312
144247
1784568
72581
269746
24268
948485
24268
24268
24268
24268
24268
269746
400944
24268
527686
144247
24268
24268
24268
24268
144247
219251
24268
144247
1129342
24268
281119
400944
24268
144247
24268
24268
219251
24268
219251
281119
400944
219251
79590
281119
219251
24268
219251
219251
219251
24268
219251
144247
24268
24268
144247
1784568
24268
24268
1129342
1581353
24268
24268
683612
24268
400944
24268
219251
24268
24268
683612
24268
24268
24268
219251
219251
24268
291625
72581
24268
219251
24268
72581
1129342
24268
24268
219251
269746
24268
454119141
24268
24268
527686
269746
24268
24268
281119
219251
219251
219251
2428442
24268
219251
24268
24268
72581
24268
24268
24268
219251
24268
291625
219251
24268
219251
24268
24268
24268
2166761
24268
144247
144247
1262186
24268
24268
937346
219251
24268
144247
24268
219251
24268
24268
281119
24268
219251
24268
24268
2359488
400944
24268
24268
24268
1129342
24268
400944
24268
219251
24268
24268
219251
281119
219251
1129342
24268
937346
219251
17640701
219251
24268
219251
24268
948485
24268
1408178
24268
527686
24268
219251
24268
24268
24268
219251
144247
144247
144247
219251
24268
72581
24268
24268
24268
24268
1796894
219251
24268
5319473
1129342
24268
24268
24268
281119
1129342
24268
400944
12481248
219251
24268
400944
269746
24268
219251
683612
24268
24268
24268
2166761
269746
24268
24268
72581
144247
144247
24268
354915
24268
219251
2585758
400944
24268
2974961
24268
24268
24268
24268
527686
72581
983165
24268
24268
219251
24268
400944
530634
6567479
24268
24268
79590
1932128
219251
2974961
24268
24268
2359488
269746
527686
24268
24268
24268
72581
552868
24268
24268
24268
72581
937346
948485
219251
219251
400944
24268
24268
281119
269746
24268
219251
24268
552868
281119
144247
144247
400944
24268
24268
144247
144247
24268
24268
24268
144247
1581353
24268
219251
24268
24268
24268
219251
24268
24268
24268
219251
24268
269746
5340655
24268
683612
948485
24268
24268
24268
24268
72581
219251
24268
1581353
24268
1129342
144247
24268
400944
24268
24268
1921040
24268
24268
281119
24268
24268
1129342
269746
24268
23663199
144247
24268
219251
24268
144247
24268
948485
24268
24268
400944
24268
72581
5131562
219251
24268
144247
24268
32582180
144247
5188982
281119
1408178
24268
10692653
144247
24268
400944
400944
24268
72581
24268
480715
24268
24268
24268
72581
400944
219251
24268
144247
24268
24268
24268
219251
948485
24268
24268
400944
219251
24268
23666408
24268
24268
219251
400944
24268
683612
400944
24268
24268
144247
24268
72581
400944
24268
24268
269746
219251
24268
281119
24268
24268
24268
24268
948485
24268
400944
24268
24268
144247
281119
2974961
8352141
79590
144247
24268
683612
527686
219251
24268
24268
24268
219251
24268
1796894
24268
527686
24268
24268
219251
3492804
1129342
400944
281119
144247
552868
144247
400944
24268
269746
24268
219251
24268
269746
144247
144247
400944
269746
219251
24268
24268
24268
219251
219251
527686
680095
24268
24268
552868
8352141
219251
219251
400944
281119
1069710
24268
219251
219251
219251
24268
1129342
24268
24268
219251
219251
24268
24268
219251
937346
24268
1129342
24268
144247
24268
219251
24268
24268
219251
24268
552868
24268
24268
281119
1129342
937346
24268
24268
1796894
79590
937346
24268
24268
144247
24268
2436900
400944
79590
144247
219251
219251
24268
24268
24268
24268
24268
1581353
219251
2832989
24268
24268
24268
18881579
24268
24268
24268
144247
400944
31413110
24268
144247
281119
219251
24268
24268
24268
24268
400944
24268
527686
291625
24268
400944
24268
24268
24268
24268
144247
24268
400944
400944
24268
219251
144247
144247
937346
1921040
219251
24268
24268
24268
1129342
269746
144247
24268
269746
269746
219251
24268
24268
24268
269746
24268
948485
