475127
3700791
66338
42873794
66338
1208044
2112661
66338
66338
66338
474170
66338
66338
3885639
201612
66338
66338
66338
209280
8410824
474170
66338
66338
66338
66338
474170
209280
66338
1057196
423124
66338
222573
222573
66338
209280
209280
66338
66338
66338
66338
209280
66338
474170
474170
66338
209280
66338
1208044
66338
1057196
209280
66338
3091357
66338
66338
66338
66338
82257
3040596
66338
474170
474170
474170
222573
209280
66338
201612
1599790
4461431
66338
209280
66338
66338
66338
66338
66338
423124
209280
66338
209280
4407616
66338
66338
423124
1389074
66338
66338
222573
66338
66338
66338
66338
66338
66338
66338
209280
209280
66338
1389074
66338
66338
201612
66338
66338
66338
474170
66338
66338
1130954
66338
475127
66338
209280
201612
66338
2112661
66338
4400398
201612
66338
1057196
66338
222573
209280
66338
474170
66338
66338
201612
66338
66338
66338
4208983
209280
66338
66338
201612
66338
209280
66338
66338
66338
2061618
66338
1130954
82257
1130954
2061618
66338
201612
66338
209280
474170
66338
66338
1057196
66338
474170
209280
474170
66338
66338
4400398
201612
66338
66338
66338
222573
66338
66338
66338
66338
209280
66338
209280
209280
209280
222573
1057196
66338
66338
66338
1057196
201612
209280
1130954
209280
66338
474170
209280
1208044
66338
66338
222573
1208044
66338
475127
14171043
1208044
66338
222573
423124
222573
66338
209280
66338
209280
66338
1130954
1208044
1057196
201612
66338
423124
209280
201612
66338
66338
66338
209280
222573
423124
1130954
66338
423124
2195415
66338
222573
66338
66338
66338
1057196
66338
66338
66338
1057196
1130954
66338
1130954
66338
66338
66338
66338
222573
209280
66338
66338
209280
66338
66338
209280
66338
209280
66338
1057196
209280
222573
66338
6293764
66338
474170
66338
66338
66338
66338
66338
3040596
209280
66338
66338
66338
209280
66338
209280
66338
66338
66338
66338
66338
209280
209280
201612
201612
209280
66338
209280
66338
201612
66338
66338
66338
66338
209280
2112661
1130954
474170
66338
209280
209280
66338
209280
66338
66338
1390469
66338
66338
82257
66338
1057196
66338
66338
66338
423124
209280
66338
201612
475127
66338
201612
209280
66338
66338
66338
1389074
201612
222573
423124
474170
474170
66338
66338
5926102
66338
7961319
209280
66338
201612
66338
201612
66338
201612
66338
1599790
209280
66338
201612
209280
82257
66338
209280
66338
209280
66338
1389074
66338
66338
201612
66338
66338
475127
66338
209280
5910965
66338
66338
66338
66338
475127
201612
201612
66338
1208044
475127
474170
201612
66338
66338
1389074
66338
82257
66338
201612
66338
3805763
66338
66338
475127
209280
209280
66338
66338
423124
66338
66338
21372974
209280
1130954
2647258
209280
209280
209280
66338
209280
1057196
2112661
66338
66338
209280
66338
209280
209280
474170
2112661
66338
66338
14373474
66338
209280
1599790
222573
66338
66338
475127
1057196
475127
66338
66338
2493903
66338
1130954
2493903
2195415
66338
475127
66338
31996587
66338
66338
222573
423124
82257
222573
209280
3479707
222573
66338
21107559
209280
66338
209280
209280
209280
209280
66338
66338
66338
66338
2647258
201612
201612
66338
66338
66338
1599790
66338
209280
209280
209280
66338
209280
66338
209280
66338
66338
209280
66338
1057196
66338
1130954
222573
66338
209280
209280
475127
66338
26691996
66338
66338
209280
222573
66338
474170
66338
423124
82257
1057196
201612
222573
66338
66338
222573
201612
66338
1057196
209280
66338
474170
66338
66338
66338
474170
66338
2061618
82257
82257
1130954
209280
66338
66338
82257
1599790
66338
1130954
66338
66338
3805763
66338
66338
474170
222573
66338
209280
201612
66338
66338
66338
66338
66338
66338
66338
66338
66338
66338
201612
66338
66338
209280
66338
209280
9069661
209280
209280
66338
209280
209280
66338
18381966
66338
423124
209280
66338
39652372
475127
66338
474170
66338
475127
201612
475127
66338
66338
66338
1057196
66338
201612
3700791
201612
222573
209280
66338
2195415
201612
66338
222573
66338
66338
1057196
66338
222573
66338
209280
82257
66338
2647258
82257
66338
2112661
1599790
1130954
66338
66338
209280
66338
66338
66338
66338
201612
423124
209280
209280
222573
946335
66338
17769673
2112661
66338
1130954
209280
66338
66338
66338
222573
66338
66338
3885639
209280
1186477
1130954
66338
66338
209280
6293764
66338
201612
475127
66338
209280
209280
209280
209280
222573
66338
209280
66338
66338
474170
222573
66338
66338
66338
66338
209280
222573
66338
209280
66338
222573
3700791
209280
66338
13116244
1208044
66338
201612
66338
209280
1057196
2899497
66338
210066158
474170
201612
66338
66338
474170
209280
1130954
1390469
66338
66338
2767447
66338
66338
222573
209280
15615722
222573
66338
66338
66338
66338
1057196
209280
222573
475127
66338
66338
1057196
66338
209280
209280
209280
66338
474170
66338
1130954
82257
475127
66338
201612
5060195
4407616
66338
475127
66338
66338
66338
1208044
66338
201612
66338
66338
66338
209280
5376796
474170
66338
66338
1599790
82257
1057196
4003091
15092395
66338
82257
66338
66338
474170
9644096
14302011
209280
1208044
474170
66338
475127
8135247
2647258
201612
66338
66338
4208983
209280
209280
82257
209280
209280
201612
209280
423124
66338
66338
66338
209280
66338
209280
201612
66338
201612
209280
66338
209280
66338
1390469
209280
66338
1057196
66338
66338
66338
209280
66338
66338
1057196
66338
66338
66338
474170
1208044
209280
66338
201612
209280
209280
66338
66338
66338
66338
1390469
66338
4400398
209280
209280
1057196
66338
474170
222573
201612
66338
82257
9243947
475127
209280
4208983
201612
201612
1130954
66338
1389074
474170
66338
201612
209280
66338
209280
7948503
66338
201612
1130954
66338
66338
66338
201612
475127
423124
209280
475127
209280
66338
66338
66338
66338
66338
209280
201612
66338
474170
66338
4400398
66338
201612
66338
66338
209280
66338
201612
66338
4407616
66338
66338
201612
209280
66338
209280
1599790
474170
66338
82257
1057196
66338
66338
209280
11434775
66338
66338
82257
1208044
10187316
66338
66338
66338
423124
474170
66338
66338
209280
1130954
66338
66338
66338
209280
2899497
474170
66338
66338
209280
475127
2647258
66338
66338
209280
66338
66338
66338
66338
209280
1130954
66338
66338
475127
209280
66338
201612
201612
209280
201612
66338
2647258
474170
474170
66338
201612
209280
1208044
66338
1130954
209280
66338
2112661
66338
66338
209280
1130954
66338
201612
201612
66338
66338
66338
1130954
66338
475127
201612
1057196
66338
209280
474170
209280
66338
66338
66338
66338
1186477
209280
423124
66338
66338
201612
6099643
474170
66338
66338
66338
1208044
209280
66338
66338
201612
222573
201612
66338
82257
209280
66338
2767447
66338
66338
222573
209280
2899497
209280
474170
66338
201612
66338
66338
66338
66338
222573
66338
66338
3017982
1057196
66338
66338
423124
201612
66338
209280
201612
5925483
423124
66338
209280
66338
475127
66338
209280
423124
201612
2195415
66338
209280
66338
66338
66338
3479707
66338
209280
209280
1057196
66338
66338
66338
201612
66338
66338
66338
201612
209280
66338
66338
66338
1599790
209280
66338
66338
66338
66338
209280
2061618
66338
209280
66338
82257
82257
66338
4208983
66338
209280
1130954
423124
66338
222573
222573
66338
209280
66338
4143215
209280
475127
222573
66338
66338
209280
474170
209280
66338
66338
66338
222573
66338
209280
1057196
201612
474170
201612
209280
5469245
1057196
66338
66338
222573
66338
22488197
474170
1208044
66338
1130954
1208044
66338
222573
66338
1208044
1130954
209280
209280
66338
209280
1522184
66338
66338
201612
201612
66338
209280
8540181
66338
66338
209280
66338
5060195
66338
66338
1130954
66338
66338
209280
66338
474170
66338
66338
2767447
66338
82257
1057196
209280
66338
4461431
475127
475127
209280
209280
66338
66338
201612
423124
209280
66338
66338
66338
209280
209280
66338
222573
32517925
201612
209280
209280
66338
201612
209280
209280
222573
3040596
222573
66338
201612
66338
66338
66338
66338
66338
201612
66338
66338
209280
8135247
66338
66338
209280
201612
66338
19683956
66338
423124
66338
201612
1130954
201612
201612
423124
209280
66338
57232020
6888728
209280
10235767
209280
66338
66338
222573
1130954
423124
222573
66338
82257
66338
209280
475127
222573
66338
1130954
1389074
201612
209280
66338
66338
66338
209280
209280
2061618
29171393
66338
66338
209280
1130954
8007748
2112661
66338
209280
1208044
66338
209280
66338
1130954
475127
66338
209280
209280
66338
474170
474170
66338
209280
66338
66338
209280
66338
66338
474170
66338
66338
222573
3091357
222573
209280
474170
66338
66338
66338
222573
2647258
7675871
66338
66338
66338
209280
66338
1599790
66338
209280
66338
21324946
66338
201612
42102819
1057196
209280
209280
66338
1057196
66338
222573
5586547
222573
66338
201612
66338
66338
66338
66338
66338
1208044
209280
66338
66338
1599790
1130954
82257
66338
66338
66338
66338
66338
1057196
474170
66338
1130954
209280
66338
66338
1057196
1599790
423124
1057196
66338
66338
2061618
1130954
209280
66338
66338
66338
66338
201612
209280
209280
201612
209280
66338
14947278
209280
423124
2061618
209280
209280
209280
18381966
66338
3155362
66338
66338
423124
209280
209280
66338
1057196
209280
222573
66338
66338
66338
1130954
66338
1130954
66338
66338
209280
222573
66338
1130954
3682024
201612
201612
209280
474170
66338
66338
209280
66338
1208044
222573
66338
66338
66338
2061618
66338
1390469
1057196
66338
66338
66338
209280
423124
66338
66338
66338
209280
222573
209280
423124
66338
66338
3885639
1208044
2899497
66338
1057196
475127
66338
66338
4461431
66338
209280
66338
66338
66338
66338
66338
2980748
5925483
475127
209280
66338
1208044
31200517
209280
1208044
66338
209280
209280
66338
66338
2112661
1057196
66338
1057196
66338
9654791
474170
66338
66338
66338
66338
66338
209280
222573
423124
66338
1130954
26287248
82257
66338
1130954
475127
8135247
474170
1208044
66338
209280
3420376
423124
66338
66338
201612
201612
209280
474170
66338
66338
66338
66338
25041762
3479707
209280
66338
201612
66338
209280
66338
1057196
66338
66338
66338
474170
66338
475127
66338
209280
66338
222573
66338
66338
209280
1390469
66338
66338
66338
66338
475127
209280
66338
66338
66338
475127
209280
66338
2061618
1130954
66338
209280
66338
209280
66338
423124
66338
66338
209280
66338
1057196
423124
66338
1208044
209280
66338
209280
201612
209280
222573
475127
66338
209280
37253015
66338
66338
66338
209280
66338
66338
66338
209280
209280
66338
1389074
2899497
1130954
66338
66338
82257
66338
66338
201612
4407616
1057196
1522184
209280
66338
66338
201612
1208044
209280
1390469
66338
209280
66338
209280
209280
209280
475127
66338
209280
201612
209280
209280
209280
209280
201612
1130954
66338
209280
1057196
66338
66338
474170
66338
209280
222573
66338
1130954
66338
209280
66338
66338
82257
209280
3690233
209280
66338
66338
222573
66338
209280
201612
3700791
66338
66338
209280
66338
66338
66338
66338
209280
209280
66338
222573
201612
66338
1130954
1130954
2493903
5655077
209280
82257
66338
474170
201612
222573
209280
2061618
66338
209280
66338
66338
66338
475127
1057196
66338
66338
201612
209280
66338
3885639
66338
209280
66338
66338
66338
66338
1130954
209280
26691996
475127
66338
222573
3690233
2767447
2195415
423124
66338
1130954
66338
66338
66338
66338
66338
209280
474170
66338
209280
66338
66338
1599790
1130954
222573
209280
66338
209280
222573
66338
222573
66338
209280
209280
1130954
209280
222573
1130954
66338
209280
66338
9178367
2112661
474170
66338
66338
66338
66338
474170
66338
209280
209280
209280
66338
66338
3700791
209280
6295072
66338
209280
66338
474170
66338
209280
209280
66338
66338
2899497
209280
1130954
209280
66338
66338
209280
209280
475127
475127
66338
66338
1057196
3091357
222573
3017982
423124
66338
5060195
66338
66338
66338
66338
66338
66338
66338
66338
66338
66338
3805763
66338
474170
209280
66338
66338
66338
66338
82257
66338
66338
201612
3040596
66338
66338
201612
209280
66338
66338
66338
66338
66338
201612
66338
1389074
201612
66338
201612
5469245
201612
66338
66338
27934103
66338
66338
201612
66338
1130954
37900074
66338
222573
66338
66338
423124
1599790
475127
209280
66338
66338
66338
201612
66338
2899497
475127
66338
66338
66338
209280
209280
1208044
4596781
1057196
82257
201612
474170
66338
66338
201612
66338
475127
201612
66338
209280
66338
66338
201612
209280
66338
82257
66338
1057196
66338
222573
66338
66338
1130954
209280
66338
66338
66338
66338
222573
474170
66338
1208044
5469245
66338
209280
66338
66338
66338
1208044
209280
66338
66338
66338
66338
66338
201612
201612
9243947
1130954
66338
66338
1389074
209280
209280
1057196
423124
209280
66338
66338
82257
201612
66338
66338
474170
1130954
66338
82257
1130954
3017982
66338
1057196
66338
66338
66338
66338
201612
66338
2647258
66338
209280
209280
66338
66338
66338
209280
66338
423124
2899497
66338
209280
66338
66338
209280
66338
66338
475127
1130954
66338
66338
1208044
222573
66338
66338
1208044
1130954
66338
474170
66338
209280
209280
11434775
1057196
209280
66338
4407616
66338
209280
201612
201612
222573
1130954
1130954
222573
82257
201612
3885639
66338
66338
4208983
209280
201612
209280
222573
1130954
66338
66338
66338
209280
4460204
9243947
222573
1130954
66338
66338
1208044
209280
66338
222573
66338
475127
475127
1208044
66338
66338
66338
66338
66338
4208983
209280
66338
5060195
2899497
209280
66338
3700791
209280
66338
1130954
1130954
3690233
1390469
66338
209280
66338
82257
82257
1599790
66338
66338
222573
423124
201612
66338
209280
201612
66338
66338
66338
4407616
209280
222573
423124
19229851
12927669
209280
3017982
1057196
66338
2061618
474170
209280
66338
66338
66338
1130954
209280
66338
1599790
209280
66338
3690233
66338
209280
66338
209280
66338
4407616
475127
201612
66338
1130954
82257
474170
209280
209280
66338
82257
66338
1057196
66338
201612
209280
474170
475127
423124
66338
209280
201612
66338
4407616
66338
1130954
222573
209280
1130954
66338
4143215
66338
1389074
66338
209280
66338
2899497
66338
66338
209280
14171043
209280
66338
66338
66338
1130954
66338
201612
475127
66338
66338
475127
66338
66338
209280
66338
66338
201612
82257
423124
3885639
66338
1208044
222573
66338
222573
209280
66338
209280
66338
1057196
423124
66338
66338
3700791
66338
1130954
66338
209280
66338
66338
209280
66338
474170
66338
66338
66338
201612
1130954
209280
1130954
209280
66338
2899497
66338
201612
201612
222573
209280
209280
82257
66338
474170
222573
222573
222573
66338
2899497
7948503
3040596
209280
201612
1599790
82257
209280
66338
10373013
201612
66338
66338
66338
423124
201612
1208044
209280
201612
1208044
66338
209280
209280
66338
66338
66338
66338
209280
66338
209280
66338
82257
1389074
222573
222573
66338
66338
66338
475127
2106593
423124
1130954
2112661
209280
66338
4208983
1208044
66338
474170
201612
209280
209280
66338
66338
1130954
66338
66338
222573
66338
209280
66338
66338
201612
201612
209280
66338
1130954
66338
209280
66338
1208044
66338
66338
66338
209280
209280
423124
66338
5469245
66338
66338
66338
66338
2106593
66338
209280
66338
222573
209280
66338
66338
66338
66338
1599790
222573
66338
66338
209280
66338
209280
66338
201612
209280
66338
66338
222573
66338
66338
66338
66338
66338
3091357
66338
82257
66338
209280
66338
1057196
209280
4208983
66338
2647258
66338
209280
1057196
222573
4208983
2647258
209280
66338
66338
201612
4407616
66338
66338
201612
66338
66338
82257
1057196
66338
222573
66338
475127
209280
201612
201612
222573
66338
1208044
66338
209280
1057196
66338
66338
209280
4208983
1130954
2493903
66338
209280
66338
3040596
66338
66338
66338
66338
1057196
66338
66338
66338
66338
66338
66338
66338
66338
209280
209280
201612
209280
474170
209280
209280
66338
209280
209280
474170
66338
222573
66338
66338
201612
209280
66338
66338
209280
66338
66338
82257
8135247
66338
66338
66338
66338
209280
475127
4596781
66338
66338
209280
222573
423124
222573
66338
209280
209280
66338
66338
209280
209280
1057196
222573
5060195
201612
66338
475127
1130954
209280
209280
66338
201612
66338
66338
66338
1130954
66338
209280
66338
66338
4065077
1057196
66338
209280
209280
209280
209280
66338
8933243
222573
2195415
66338
66338
66338
1130954
209280
66338
66338
66338
209280
1208044
209280
1186477
209280
209280
209280
423124
66338
1130954
209280
3155362
475127
209280
201612
82257
66338
66338
209280
66338
66338
201612
209280
66338
66338
66338
222573
209280
66338
66338
66338
66338
66338
82257
66338
66338
66338
3091357
66338
66338
2647258
209280
209280
66338
423124
474170
201612
66338
66338
66338
201612
209280
26691996
222573
209280
1057196
66338
4208983
474170
423124
66338
209280
66338
66338
474170
209280
2112661
66338
66338
66338
66338
66338
2061618
209280
209280
66338
222573
66338
2061618
1186477
222573
66338
222573
82257
66338
66338
209280
66338
66338
1130954
66338
1130954
1130954
3700791
82257
66338
209280
209280
66338
475127
66338
5057134
66338
1057196
2061618
66338
66338
1389074
66338
66338
209280
222573
66338
66338
423124
5586547
3805763
66338
66338
209280
222573
82257
1208044
1057196
66338
66338
66338
82257
66338
201612
4208983
66338
209280
66338
209280
66338
82257
474170
66338
66338
66338
209280
6554443
66338
66338
66338
66338
1057196
1599790
209280
209280
1130954
209280
209280
1057196
209280
209280
209280
5469245
66338
209280
66338
66338
66338
474170
222573
66338
209280
209280
66338
66338
66338
209280
66338
209280
1130954
66338
209280
1130954
66338
66338
66338
66338
201612
1057196
66338
5905135
209280
209280
66338
66338
4407616
1130954
66338
1389074
209280
209280
66338
423124
209280
1599790
1389074
66338
209280
6888728
209280
209280
475127
66338
209280
66338
1599790
201612
201612
201612
82257
209280
475127
2899497
66338
66338
474170
475127
209280
209280
66338
66338
66338
9243947
5925483
474170
474170
201612
1599790
66338
209280
474170
1057196
201612
66338
1130954
66338
66338
66338
66338
1130954
66338
66338
66338
474170
66338
201612
222573
209280
66338
1599790
201612
209280
1522184
209280
66338
209280
66338
66338
201612
66338
66338
66338
66338
66338
209280
66338
1057196
66338
66338
66338
82257
66338
201612
66338
66338
1130954
1389074
3040596
209280
1130954
82257
209280
209280
209280
66338
3091357
209280
209280
66338
1130954
1130954
66338
82257
475127
1057196
222573
209280
66338
1057196
4143215
222573
209280
66338
66338
66338
66338
474170
66338
3029121
66338
66338
1130954
66338
66338
222573
66338
209280
66338
209280
4400398
66338
209280
1389074
66338
66338
474170
66338
222573
66338
66338
201612
209280
66338
209280
209280
209280
475127
1208044
1389074
66338
209280
66338
66338
209280
201612
66338
66338
66338
66338
66338
209280
82257
66338
1130954
423124
66338
1057196
209280
5926102
66338
66338
66338
24993842
209280
6293764
66338
66338
2493903
209280
201612
209280
66338
66338
82257
66338
209280
1130954
201612
423124
66338
1130954
66338
201612
66338
66338
1130954
209280
66338
209280
66338
1208044
66338
66338
201612
66338
1130954
66338
474170
201612
66338
66338
66338
222573
66338
209280
66338
222573
475127
209280
66338
209280
66338
66338
423124
66338
474170
66338
209280
209280
66338
66338
66338
222573
222573
222573
78918912
2647258
209280
66338
201612
222573
1057196
66338
201612
66338
66338
66338
66338
66338
201612
66338
1057196
66338
66338
66338
7428153
66338
423124
66338
209280
82257
222573
475127
474170
222573
66338
66338
66338
66338
66338
1130954
1130954
82257
66338
2112661
82257
82257
66338
209280
66338
66338
66338
222573
2195415
201612
209280
2767447
222573
66338
66338
209280
201612
209280
66338
201612
209280
66338
4208983
1130954
66338
66338
209280
201612
209280
66338
475127
66338
66338
475127
66338
209280
1599790
209280
209280
1389074
66338
66338
209280
209280
209280
3805763
1389074
474170
222573
209280
1186477
66338
209280
66338
66338
66338
66338
66338
1130954
66338
66338
209280
66338
66338
475127
66338
66338
209280
222573
2647258
1208044
1599790
2106593
209280
66338
209280
209280
209280
4596781
209280
66338
209280
66338
1130954
201612
209280
66338
82257
222573
66338
201612
222573
66338
201612
209280
82257
209280
66338
209280
1130954
423124
4400398
209280
66338
66338
66338
66338
1130954
1208044
201612
66338
66338
2061618
66338
66338
209280
209280
209280
66338
209280
66338
66338
1599790
66338
66338
66338
1208044
66338
209280
209280
209280
66338
423124
66338
66338
66338
474170
201612
66338
222573
2899497
66338
222573
1057196
209280
66338
66338
209280
66338
66338
209280
1130954
1057196
82257
1130954
66338
1390469
209280
1130954
66338
209280
209280
474170
66338
201612
209280
209280
222573
82257
66338
66338
201612
66338
66338
66338
3040596
82257
4208983
66338
4143215
475127
209280
66338
1130954
209280
209280
66338
82257
222573
475127
66338
222573
1057196
1057196
209280
209280
66338
1599790
66338
66338
66338
66338
66338
209280
1130954
209280
66338
1208044
209280
209280
2112661
82257
3040596
222573
209280
423124
66338
66338
475127
1057196
66338
66338
66338
201612
209280
66338
66338
1389074
222573
66338
66338
66338
209280
66338
66338
209280
66338
201612
66338
2899497
201612
209280
2647258
209280
209280
209280
82257
1130954
66338
209280
475127
222573
209280
209280
423124
209280
52718632
66338
66338
2061618
222573
475127
66338
474170
66338
209280
222573
209280
66338
66338
1130954
209280
209280
209280
201612
209280
37253015
209280
66338
1599790
66338
1130954
209280
3805763
209280
66338
201612
1130954
475127
474170
209280
66338
474170
66338
66338
66338
82257
209280
66338
66338
66338
209280
19229851
209280
42153854
222573
4461431
209280
209280
2493903
66338
66338
66338
66338
66338
66338
1208044
222573
66338
66338
66338
66338
66338
5469245
475127
66338
423124
209280
5060195
66338
423124
209280
209280
66338
1057196
66338
66338
209280
1057196
1057196
1130954
66338
201612
66338
209280
209280
66338
66338
4927493
209280
209280
474170
66338
66338
66338
2195415
66338
66338
2647258
209280
474170
66338
66338
66338
66338
2647258
423124
1130954
1522184
66338
201612
82257
201612
209280
66338
66338
1057196
66338
66338
1130954
201612
66338
209280
66338
475127
209280
474170
66338
66338
209280
66338
209280
209280
66338
209280
3700791
209280
66338
209280
201612
2899497
474170
475127
201612
1208044
1057196
474170
66338
2061618
474170
1599790
66338
474170
209280
66338
209280
209280
66338
222573
66338
66338
222573
66338
209280
222573
209280
423124
1057196
475127
66338
66338
66338
201612
66338
66338
475127
66338
474170
66338
66338
4208983
66338
82257
66338
11434775
66338
209280
66338
201612
209280
222573
222573
66338
66338
1389074
66338
5376796
66338
66338
209280
82257
66338
66338
66338
66338
1599790
1057196
222573
66338
423124
209280
2061618
14503791
66338
66338
66338
201612
201612
201612
66338
209280
66338
209280
474170
209280
82257
66338
66338
66338
66338
1390469
209280
66338
222573
209280
66338
209280
222573
209280
3040596
66338
209280
1390469
1389074
66338
222573
66338
201612
66338
209280
66338
1130954
66338
66338
209280
209280
209280
66338
66338
2647258
209280
66338
2061618
66338
201612
1057196
474170
66338
66338
474170
66338
209280
2061618
222573
2061618
474170
423124
66338
201612
66338
222573
66338
66338
5376796
209280
209280
209280
1130954
66338
66338
474170
82257
66338
66338
82257
209280
66338
222573
66338
209280
82257
82257
66338
423124
222573
209280
209280
66338
475127
209280
222573
222573
43935216
66338
100153173
66338
1599790
66338
209280
66338
66338
66338
66338
66338
474170
475127
66338
209280
66338
222573
1389074
66338
66338
209280
66338
66338
209280
475127
66338
1208044
201612
66338
66338
66338
2112661
209280
209280
1599790
18249249
1208044
222573
222573
11434775
66338
475127
475127
66338
66338
66338
66338
66338
3040596
1599790
66338
209280
1208044
66338
209280
201612
209280
66338
1130954
66338
2061618
66338
201612
66338
66338
222573
66338
201612
209280
475127
4881396
66338
209280
222573
222573
209280
66338
2061618
66338
201612
66338
201612
209280
66338
66338
66338
1130954
66338
66338
66338
66338
209280
201612
209280
1208044
66338
66338
475127
66338
1130954
66338
66338
209280
201612
66338
66338
209280
66338
475127
66338
66338
423124
66338
1130954
66338
14373474
209280
82257
66338
82257
209280
209280
201612
66338
66338
201612
1186477
222573
201612
222573
474170
66338
66338
66338
66338
66338
201612
66338
423124
1130954
209280
474170
2061618
209280
474170
201612
209280
209280
1389074
201612
209280
201612
66338
66338
209280
66338
209280
66338
7675871
475127
66338
209280
66338
4400398
66338
66338
66338
66338
66338
4407616
66338
209280
66338
66338
209280
66338
1130954
423124
1208044
475127
66338
5060195
66338
66338
66338
474170
209280
2647258
475127
423124
66338
209280
1057196
66338
66338
3700791
474170
9382902
66338
66338
66338
209280
66338
66338
66338
222573
209280
82257
66338
66338
222573
423124
1130954
474170
66338
66338
201612
209280
66338
66338
11434775
201612
222573
209280
66338
209280
66338
209280
209280
66338
222573
66338
474170
474170
82257
1057196
66338
475127
66338
209280
222573
82257
66338
66338
209280
66338
6099643
209280
209280
222573
66338
209280
209280
209280
201612
3700791
66338
474170
209280
2899497
209280
201612
66338
475127
66338
66338
1057196
222573
209280
66338
1130954
1389074
3040596
423124
222573
4407616
66338
209280
66338
66338
209280
66338
66338
209280
11483235
66338
1130954
66338
2899497
209280
209280
66338
1130954
209280
66338
201612
222573
209280
66338
1057196
5654674
66338
66338
66338
66338
209280
66338
66338
222573
1130954
66338
201612
66338
66338
66338
1130954
222573
66338
209280
209280
66338
66338
222573
1130954
66338
82257
9178367
209280
66338
66338
209280
66338
66338
66338
209280
66338
66338
222573
201612
66338
66338
209280
2112661
66338
66338
209280
66338
201612
209280
66338
66338
201612
66338
2106593
209280
1057196
475127
423124
209280
66338
1208044
39405914
66338
209280
209280
82257
201612
66338
209280
4407616
209280
66338
66338
209280
222573
1390469
209280
5060195
1208044
209280
66338
209280
1057196
1208044
1130954
209280
209280
66338
66338
209280
1130954
66338
66338
475127
3091357
66338
423124
66338
209280
209280
66338
66338
209280
423124
66338
66338
5926102
209280
66338
5655077
66338
66338
423124
66338
423124
66338
209280
209280
209280
146561002
474170
209280
66338
209280
66338
66338
474170
66338
66338
66338
66338
66338
3805763
82257
66338
209280
222573
209280
423124
201612
201612
66338
66338
66338
66338
66338
209280
6888728
66338
201612
1057196
66338
66338
222573
222573
66338
1130954
66338
66338
209280
222573
209280
66338
209280
2112661
222573
14373474
66338
66338
3885639
1130954
66338
201612
1130954
474170
66338
3805763
66338
2061618
2112661
82257
66338
222573
423124
209280
209280
66338
222573
66338
66338
1599790
4881396
209280
66338
209280
209280
2647258
201612
66338
1389074
66338
3040596
222573
66338
474170
66338
222573
209280
66338
66338
201612
475127
222573
66338
66338
66338
66338
1130954
209280
66338
209280
66338
1057196
209280
66338
66338
209280
23033196
66338
66338
1130954
66338
474170
423124
66338
66338
1057196
209280
423124
209280
66338
66338
209280
209280
474170
209280
209280
222573
66338
14373474
66338
222573
1599790
66338
8479801
66338
201612
474170
475127
209280
66338
209280
66338
201612
10566538
66338
209280
209280
66338
3040596
209280
222573
201612
66338
66338
222573
32003225
66338
66338
66338
66338
209280
66338
222573
66338
475127
209280
474170
66338
222573
66338
209280
13319572
209280
3017982
475127
474170
209280
66338
3155362
66338
13390202
222573
209280
201612
423124
66338
3885639
66338
66338
66338
209280
8135247
474170
66338
209280
209280
209280
66338
201612
209280
209280
474170
66338
474170
66338
66338
66338
209280
209280
209280
2493903
66338
222573
475127
1599790
66338
222573
66338
222573
66338
1057196
3690233
66338
66338
1130954
1208044
66338
66338
66338
82257
209280
66338
201612
66338
66338
1057196
66338
222573
66338
222573
66338
209280
1057196
1057196
1057196
82257
1057196
66338
209280
66338
209280
201612
209280
2112661
66338
222573
209280
66338
209280
66338
66338
1208044
209280
209280
66338
66338
1390469
66338
474170
201612
66338
209280
66338
82257
209280
66338
209280
66338
66338
222573
66338
209280
2184105
66338
66338
66338
11434775
66338
2899497
201612
1130954
1130954
209280
66338
66338
209280
1130954
222573
475127
9178367
1130954
3682024
66338
474170
66338
1130954
2112661
474170
1130954
66338
66338
3682024
66338
66338
474170
82257
209280
66338
66338
82257
66338
66338
209280
1130954
2061618
66338
66338
66338
66338
66338
66338
1599790
201612
474170
66338
66338
66338
66338
209280
1130954
474170
474170
66338
1130954
66338
475127
66338
66338
222573
66338
1599790
66338
474170
3690233
66338
222573
7428153
66338
209280
66338
66338
201612
201612
66338
1130954
66338
66338
66338
2195415
222573
6293764
209280
66338
222573
66338
209280
201612
1130954
946335
209280
209280
1390469
66338
209280
66338
11751667
423124
222573
66338
209280
209280
66338
423124
3682024
209280
66338
66338
201612
66338
1130954
1057196
423124
201612
66338
66338
222573
209280
209280
66338
66338
209280
209280
2112661
66338
1057196
209280
66338
66338
423124
1389074
209280
2647258
66338
209280
1208044
66338
201612
4596781
201612
209280
3690233
66338
66338
1057196
201612
66338
66338
66338
222573
475127
1057196
201612
66338
66338
66338
66338
3700791
1130954
209280
66338
201612
66338
209280
66338
2061618
474170
66338
209280
209280
66338
66338
66338
1389074
474170
475127
209280
66338
66338
2061618
66338
61745708
66338
66338
209280
66338
209280
1389074
201612
66338
66338
66338
222573
209280
66338
66338
209280
209280
209280
1130954
222573
66338
66338
209280
474170
209280
66338
222573
209280
4208983
66338
475127
66338
209280
66338
66338
209280
474170
66338
201612
66338
66338
209280
209280
66338
474170
222573
66338
222573
66338
66338
1057196
474170
209280
1208044
474170
66338
15278171
82257
66338
66338
2106593
66338
66338
66338
66338
222573
66338
66338
201612
66338
209280
76053595
66338
1130954
209280
209280
201612
66338
209280
201612
4208983
2767447
423124
66338
66338
66338
222573
209280
66338
209280
66338
1130954
66338
66338
66338
209280
66338
474170
209280
164848132
66338
209280
66338
209280
209280
474170
201612
66338
1389074
209280
209280
66338
209280
3690233
209280
66338
201612
66338
66338
209280
66338
222573
209280
66338
201612
66338
209280
66338
66338
209280
66338
66338
3885639
37181158
201612
82257
209280
66338
66338
222573
209280
474170
66338
66338
1130954
201612
3885639
222573
1130954
3805763
209280
82257
209280
209280
66338
209280
209280
82257
66338
2647258
1130954
423124
66338
66338
66338
82257
66338
475127
82257
222573
66338
209280
66338
1057196
66338
66338
209280
222573
1057196
66338
474170
1130954
201612
66338
66338
209280
66338
82257
66338
66338
209280
222573
1057196
66338
423124
66338
1057196
201612
82257
66338
2899497
209280
1208044
474170
66338
474170
66338
1208044
423124
1130954
66338
66338
201612
66338
66338
66338
66338
209280
209280
66338
222573
201612
66338
209280
209280
209280
66338
222573
475127
82257
66338
1389074
474170
423124
1130954
66338
209280
209280
19229851
475127
201612
423124
66338
201612
3017982
201612
66338
1130954
66338
209280
209280
66338
209280
423124
66338
66338
66338
82257
66338
209280
66338
474170
209280
209280
66338
66338
66338
209280
1130954
66338
474170
66338
1599790
66338
66338
66338
66338
66338
66338
3040596
3029121
2112661
66338
209280
474170
66338
2647258
66338
66338
209280
66338
66338
1208044
66338
66338
222573
209280
1057196
209280
209280
14373474
201612
209280
66338
66338
209280
2061618
66338
66338
209280
66338
209280
1389074
66338
66338
209280
209280
66338
66338
201612
82257
1130954
1130954
66338
423124
209280
66338
209280
201612
12455308
66338
209280
66338
66338
66338
209280
3040596
66338
222573
66338
423124
209280
1389074
66338
66338
66338
475127
66338
66338
2112661
201612
66338
209280
1599790
82257
66338
2493903
201612
2899497
66338
66338
209280
66338
11434775
66338
4208983
201612
66338
3040596
5060195
66338
222573
66338
209280
66338
1208044
423124
66338
423124
201612
66338
1057196
209280
474170
66338
66338
66338
66338
201612
201612
1130954
66338
1130954
209280
209280
66338
474170
1130954
66338
222573
66338
66338
1208044
66338
66338
1389074
1057196
66338
66338
66338
82257
66338
3700791
222573
209280
66338
1057196
82257
66338
209280
222573
66338
66338
5926102
66338
209280
423124
1057196
474170
66338
3700791
1130954
2493903
66338
66338
82257
1130954
423124
66338
1130954
209280
423124
209280
474170
66338
66338
209280
3805763
66338
1186477
209280
66338
209280
201612
209280
66338
66338
66338
66338
201612
209280
209280
209280
66338
1057196
66338
222573
66338
66338
475127
201612
474170
4407616
474170
66338
1208044
5469245
209280
66338
66338
82257
222573
201612
66338
222573
3155362
209280
1057196
66338
66338
66338
66338
66338
209280
66338
66338
2493903
2112661
201612
2899497
66338
66338
66338
5469245
201612
475127
474170
66338
66338
201612
475127
201612
82257
209280
222573
209280
66338
1130954
66338
66338
201612
201612
209280
222573
209280
66338
66338
1130954
209280
66338
82257
209280
66338
209280
66338
66338
66338
209280
66338
209280
209280
66338
201612
209280
66338
66338
209280
66338
66338
66338
209280
474170
8990848
423124
474170
66338
66338
66338
66338
66338
201612
66338
423124
5060195
66338
1130954
66338
82257
209280
201612
66338
1130954
209280
66338
66338
201612
66338
66338
66338
222573
66338
66338
1130954
66338
66338
66338
1130954
66338
1208044
66338
66338
29628934
39405914
66338
209280
2112661
66338
66338
201612
1130954
66338
66338
66338
209280
209280
1130954
66338
1130954
4461431
66338
1057196
66338
1599790
1208044
209280
209280
222573
209280
66338
209280
423124
474170
222573
66338
209280
66338
66338
474170
82257
1130954
66338
1057196
201612
222573
66338
66338
66338
201612
66338
209280
82257
66338
209280
209280
66338
66338
1130954
66338
66338
66338
66338
9312820
4208983
66338
1057196
66338
222573
474170
209280
1130954
66338
66338
209280
66338
474170
66338
209280
209280
66338
66338
1130954
209280
1130954
209280
66338
201612
423124
66338
222573
209280
475127
66338
474170
66338
66338
66338
1390469
66338
1130954
66338
209280
66338
66338
1208044
66338
66338
66338
201612
66338
66338
423124
66338
2061618
66338
66338
209280
4407616
222573
474170
209280
66338
66338
209280
3040596
66338
222573
66338
209280
222573
1057196
2061618
4400398
66338
1130954
66338
66338
66338
8135247
66338
66338
66338
66338
66338
66338
1057196
201612
82257
209280
66338
66338
1057196
209280
6428294
66338
66338
66338
4407616
209280
66338
66338
66338
21186904
66338
423124
209280
66338
66338
474170
66338
209280
9654791
209280
36723509
66338
222573
66338
423124
66338
209280
66338
1130954
1057196
82257
66338
209280
1057196
66338
209280
222573
66338
66338
222573
209280
66338
201612
6554443
423124
1130954
66338
1130954
2061618
66338
209280
1130954
222573
209280
66338
201612
66338
66338
209280
209280
474170
222573
66338
209280
1057196
66338
209280
209280
66338
66338
66338
1208044
209280
201612
66338
2061618
201612
209280
66338
66338
66338
66338
209280
209280
66338
222573
66338
66338
201612
474170
2061618
209280
1599790
201612
82257
66338
474170
66338
222573
66338
1130954
1130954
201612
66338
209280
201612
66338
209280
66338
1208044
2899497
3885639
66338
209280
66338
222573
209280
209280
66338
66338
209280
66338
209280
474170
82257
66338
201612
1390469
1130954
66338
201612
201612
474170
66338
209280
209280
474170
82257
66338
1057196
66338
5469245
3155362
66338
222573
209280
201612
66338
66338
66338
66338
201612
66338
66338
66338
66338
209280
66338
209280
209280
66338
209280
209280
201612
209280
66338
1130954
475127
66338
1599790
1130954
66338
209280
474170
2112661
201612
209280
209280
82257
66338
209280
209280
66338
66338
66338
201612
209280
1130954
66338
474170
66338
1389074
222573
209280
66338
82257
66338
201612
66338
66338
66338
201612
1130954
63256031
66338
222573
209280
66338
66338
1130954
10491908
209280
222573
209280
66338
222573
201612
201612
66338
66338
66338
209280
66338
222573
82257
66338
209280
222573
66338
66338
1208044
66338
1057196
423124
209280
209280
66338
66338
66338
66338
66338
66338
209280
3885639
66338
66338
66338
66338
66338
66338
1057196
66338
209280
66338
1208044
66338
222573
209280
474170
209280
66338
82257
66338
66338
66338
66338
4481748
66338
1390469
1130954
4400398
66338
66338
66338
222573
66338
209280
66338
66338
66338
66338
222573
474170
66338
2061618
66338
66338
7153649
66338
222573
222573
1057196
209280
66338
475127
66338
66338
66338
66338
66338
1130954
1057196
66338
66338
66338
66338
66338
474170
66338
82257
66338
66338
66338
66338
1208044
66338
209280
66338
66338
475127
1130954
209280
66338
1130954
209280
222573
66338
222573
66338
201612
66338
475127
209280
6099643
66338
1130954
66338
209280
201612
222573
66338
66338
201612
66338
2061618
201612
2061618
209280
66338
66338
66338
222573
474170
11938247
66338
66338
66338
201612
66338
1390469
1208044
66338
66338
2647258
209280
37900074
66338
7209222
66338
209280
66338
2184105
474170
474170
474170
1057196
82257
66338
222573
66338
1130954
66338
66338
66338
209280
66338
66338
2647258
222573
209280
66338
209280
66338
66338
7019927
66338
209280
8007748
3479707
1130954
201612
66338
6554443
1130954
2899497
1130954
66338
1130954
66338
1130954
66338
1057196
66338
66338
1130954
1389074
1208044
209280
209280
66338
66338
66338
474170
209280
209280
66338
1130954
9254250
209280
209280
201612
201612
66338
474170
1208044
66338
1057196
222573
66338
66338
1130954
201612
222573
66338
475127
82257
201612
66338
66338
423124
66338
66338
66338
209280
222573
66338
3017982
82257
475127
66338
474170
66338
1389074
201612
66338
66338
209280
66338
209280
66338
66338
222573
3700791
66338
201612
66338
209280
209280
66338
1057196
209280
475127
66338
66338
66338
475127
209280
66338
66338
9654791
209280
66338
66338
1130954
66338
423124
475127
66338
66338
201612
66338
66338
423124
209280
82257
4461431
209280
2899497
66338
1130954
201612
209280
201612
66338
66338
474170
66338
66338
66338
66338
6554443
66338
1057196
1130954
66338
201612
209280
209280
1390469
66338
66338
474170
209280
66338
209280
66338
1599790
209280
66338
209280
66338
66338
66338
66338
209280
1130954
66338
66338
66338
66338
222573
66338
5789281
66338
66338
475127
4143215
2112661
222573
1389074
423124
209280
66338
9178367
66338
4407616
3040596
66338
66338
209280
209280
82257
2899497
1130954
66338
66338
66338
201612
1130954
66338
66338
66338
66338
66338
66338
66338
66338
1208044
66338
1130954
66338
66338
475127
209280
209280
209280
201612
66338
209280
66338
222573
201612
209280
66338
209280
201612
423124
209280
209280
1130954
66338
1057196
423124
66338
66338
66338
209280
209280
1057196
66338
3885639
209280
66338
475127
1208044
222573
209280
66338
66338
66338
66338
1130954
209280
66338
66338
209280
423124
423124
66338
66338
66338
66338
66338
66338
66338
209280
423124
209280
1057196
66338
66338
201612
222573
1057196
209280
209280
201612
82257
201612
66338
40463979
209280
201612
66338
209280
1130954
66338
209280
209280
1130954
66338
209280
66338
66338
66338
66338
66338
66338
209280
209280
474170
201612
66338
66338
201612
3700791
66338
66338
209280
474170
222573
209280
66338
66338
1599790
201612
209280
3700791
66338
66338
209280
66338
66338
201612
66338
66338
2112661
209280
475127
209280
66338
209280
222573
66338
66338
423124
209280
423124
209280
66338
2106593
82257
2112661
209280
66338
423124
423124
66338
66338
201612
66338
66338
3885639
66338
66338
3040596
475127
66338
66338
66338
1130954
209280
209280
66338
1130954
1057196
1599790
66338
209280
222573
209280
66338
66338
209280
82257
66338
201612
474170
66338
66338
66338
2899497
209280
66338
66338
66338
66338
66338
66338
66338
474170
66338
66338
66338
66338
1208044
474170
66338
66338
209280
9644096
209280
1130954
209280
1130954
66338
1130954
4407616
66338
66338
1057196
66338
1208044
201612
209280
66338
201612
66338
209280
66338
66338
209280
209280
1522184
222573
4208983
66338
66338
66338
209280
201612
1390469
66338
209280
66338
209280
66338
201612
423124
2112661
474170
66338
1057196
222573
423124
423124
1599790
66338
66338
209280
1057196
209280
66338
1130954
66338
2195415
201612
66338
209280
1130954
4927493
423124
66338
209280
82257
5060195
201612
66338
1130954
209280
209280
66338
209280
209280
1130954
1057196
1208044
209280
201612
1130954
66338
66338
201612
82257
209280
1130954
1130954
201612
3700791
1599790
201612
209280
66338
66338
209280
3700791
66338
1522184
66338
66338
1130954
209280
474170
209280
66338
475127
474170
1130954
66338
209280
66338
201612
66338
66338
209280
423124
209280
66338
66338
66338
66338
66338
82257
2061618
209280
1389074
66338
66338
66338
209280
3155362
3885639
66338
209280
201612
209280
66338
209280
201612
201612
201612
1208044
29390542
2112661
66338
66338
1130954
474170
2899497
475127
66338
66338
66338
1208044
209280
66338
3805763
66338
222573
66338
66338
1208044
423124
209280
66338
66338
66338
66338
209280
2106593
201612
209280
66338
66338
66338
66338
474170
1130954
1130954
222573
66338
201612
66338
66338
66338
66338
222573
423124
209280
66338
474170
66338
222573
209280
222573
66338
209280
66338
5060195
5469245
209280
475127
66338
66338
66338
66338
66338
66338
66338
1057196
40140452
1390469
209280
66338
66338
66338
6099643
201612
1057196
66338
66338
66338
201612
201612
2061618
66338
66338
1130954
209280
66338
1057196
66338
66338
209280
66338
66338
3017982
209280
209280
82257
66338
66338
201612
209280
209280
209280
66338
66338
201612
82257
66338
209280
1130954
66338
209280
66338
2767447
66338
1130954
1389074
423124
423124
66338
37752787
1130954
209280
66338
66338
201612
209280
423124
66338
66338
66338
66338
201612
4596781
209280
66338
209280
66338
1389074
474170
66338
6099643
423124
66338
209280
66338
66338
1057196
66338
66338
66338
82257
1130954
209280
209280
66338
7428153
66338
209280
201612
66338
66338
209280
66338
82257
66338
209280
66338
66338
201612
66338
66338
222573
66338
201612
66338
209280
66338
66338
209280
66338
82257
66338
66338
66338
209280
201612
66338
66338
66338
201612
474170
10491908
209280
66338
209280
82257
1389074
66338
82257
475127
66338
66338
209280
475127
66338
66338
201612
66338
1130954
1057196
66338
66338
201612
66338
82257
209280
209280
1208044
66338
209280
423124
66338
209280
66338
1057196
209280
209280
1130954
66338
66338
4407616
66338
66338
66338
14171043
209280
66338
66338
66338
4927493
66338
222573
35196811
66338
66338
6554443
222573
209280
66338
201612
66338
1130954
209280
66338
1208044
474170
2195415
66338
209280
66338
201612
209280
209280
66338
66338
201612
66338
66338
475127
474170
66338
66338
66338
417362474
209280
209280
66338
66338
66338
209280
209280
474170
222573
66338
66338
209280
4208983
209280
7209222
66338
66338
66338
66338
474170
66338
82257
66338
66338
209280
2061618
209280
66338
201612
423124
201612
66338
209280
1057196
209280
66338
66338
66338
201612
66338
209280
66338
66338
209280
8135247
66338
209280
7213489
209280
66338
209280
66338
209280
209280
5060195
474170
209280
201612
66338
82257
474170
66338
1057196
209280
66338
209280
1208044
2195415
201612
201612
1186477
66338
66338
66338
209280
423124
66338
1130954
82257
66338
209280
66338
66338
1057196
1057196
209280
209280
66338
2061618
66338
66338
222573
209280
5376796
66338
66338
66338
66338
209280
66338
66338
66338
4208983
66338
66338
201612
1130954
475127
209280
1208044
66338
66338
1389074
1389074
66338
474170
66338
209280
82257
66338
1057196
66338
3885639
1057196
209280
4208983
1057196
66338
209280
66338
423124
1130954
66338
2184105
66338
4208983
475127
1208044
66338
2112661
66338
209280
209280
66338
209280
66338
66338
209280
66338
474170
201612
66338
82257
1208044
201612
474170
201612
66338
66338
209280
209280
1057196
201612
209280
66338
209280
209280
222573
423124
209280
66338
201612
201612
66338
1130954
209280
209280
209280
209280
201612
209280
66338
201612
1390469
66338
1130954
209280
66338
423124
66338
66338
66338
209280
66338
66338
66338
201612
66338
209280
66338
475127
66338
209280
66338
66338
66338
1130954
66338
209280
209280
474170
474170
66338
66338
66338
209280
66338
222573
66338
66338
1130954
222573
946335
474170
66338
209280
66338
2647258
209280
66338
66338
66338
209280
82257
7961319
201612
1057196
66338
1057196
66338
82257
1130954
222573
423124
66338
66338
66338
26950724
66338
475127
209280
66338
66338
66338
66338
209280
209280
4407616
66338
201612
66338
66338
66338
66338
209280
222573
1389074
66338
66338
13319572
66338
66338
66338
423124
201612
1130954
66338
66338
1130954
66338
209280
222573
474170
201612
66338
474170
66338
474170
1130954
209280
66338
66338
6554443
66338
14171043
66338
66338
66338
66338
66338
209280
222573
66338
1057196
351736
2493903
82257
66338
66338
66338
209280
222573
66338
66338
209280
66338
66338
474170
66338
201612
222573
474170
66338
201612
201612
66338
66338
66338
201612
66338
66338
66338
66338
66338
66338
4407616
209280
209280
66338
66338
66338
66338
209280
66338
66338
209280
66338
474170
209280
66338
222573
66338
209280
423124
209280
66338
66338
66338
209280
66338
66338
66338
209280
209280
66338
209280
209280
66338
66338
66338
474170
209280
201612
209280
475127
3700791
66338
66338
1599790
209280
209280
209280
423124
66338
423124
66338
66338
1208044
66338
13200154
1389074
209280
474170
222573
209280
1057196
209280
4208983
66338
66338
209280
222573
66338
66338
66338
66338
5060195
201612
66338
209280
1130954
66338
2061618
201612
209280
222573
66338
1599790
66338
209280
66338
66338
66338
66338
209280
209280
209280
66338
66338
66338
201612
66338
66338
209280
1130954
209280
66338
66338
209280
1208044
82257
222573
2647258
423124
201612
209280
66338
66338
7428153
474170
423124
66338
201612
66338
201612
66338
209280
66338
475127
423124
209280
222573
66338
66338
209280
201612
1057196
66338
66338
66338
209280
209280
66338
66338
1130954
5781385
423124
209280
66338
201612
201612
66338
423124
1130954
474170
66338
201612
66338
66338
66338
222573
209280
1208044
222573
66338
66338
66338
66338
1057196
209280
1186477
66338
12457747
66338
2493903
66338
201612
66338
222573
66338
209280
222573
1057196
66338
66338
201612
222573
201612
474170
209280
209280
209280
66338
209280
209280
66338
82257
5781385
423124
66338
209280
209280
66338
209280
66338
66338
66338
475127
209280
222573
222573
209280
66338
2184105
209280
209280
66338
209280
209280
209280
3885639
209280
209280
66338
66338
66338
222573
66338
66338
201612
209280
66338
201612
66338
13572164
66338
66338
209280
27857424
222573
209280
66338
16345897
222573
209280
66338
66338
66338
66338
66338
66338
66338
209280
66338
66338
1130954
66338
201612
2061618
66338
209280
12941164
201612
201612
1057196
209280
66338
2061618
209280
82257
66338
474170
66338
66338
201612
66338
209280
423124
209280
209280
4481748
4208983
209280
66338
209280
66338
66338
66338
66338
66338
66338
66338
82257
66338
209280
222573
66338
209280
1186477
66338
66338
209280
66338
66338
66338
66338
209280
66338
209280
4407616
1208044
66338
209280
66338
66338
209280
66338
1522184
66338
66338
201612
1208044
1390469
222573
4208983
66338
209280
1130954
66338
209280
474170
66338
66338
222573
66338
201612
66338
66338
209280
66338
474170
82257
222573
209280
1057196
201612
66338
66338
66338
12523132
475127
474170
66338
66338
66338
474170
209280
1057196
66338
1057196
209280
475127
1389074
66338
209280
3885639
475127
2061618
66338
209280
209280
209280
66338
209280
66338
1389074
11608595
66338
423124
66338
1208044
1599790
66338
222573
1390469
209280
209280
66338
209280
82257
1208044
209280
209280
209280
66338
201612
209280
66338
3885639
474170
66338
209280
209280
201612
66338
66338
66338
66338
474170
1130954
66338
66338
475127
5781385
209280
66338
66338
222573
2647258
1130954
66338
66338
66338
209280
474170
1130954
66338
66338
66338
66338
209280
475127
82257
66338
66338
201612
66338
10373013
66338
209280
209280
66338
66338
66338
66338
209280
3690233
474170
2493903
222573
82257
66338
66338
66338
209280
66338
66338
66338
66338
82257
82257
209280
201612
1208044
66338
66338
66338
66338
66338
66338
66338
474170
66338
222573
1208044
222573
66338
201612
222573
209280
66338
209280
66338
222573
209280
66338
66338
66338
209280
66338
66338
209280
66338
66338
66338
66338
66338
423124
2195415
4596781
209280
209280
1130954
209280
66338
209280
209280
3805763
66338
66338
209280
66338
66338
209280
201612
2061618
66338
472277330
475127
201612
1208044
201612
209280
201612
4461431
209280
66338
66338
209280
209280
66338
209280
209280
201612
66338
66338
66338
1599790
66338
66338
3805763
66338
209280
209280
474170
3690233
66338
66338
66338
66338
1130954
66338
66338
209280
201612
222573
1599790
66338
209280
82257
66338
66338
3885639
4596781
66338
66338
66338
66338
66338
2647258
474170
66338
209280
1208044
66338
66338
201612
66338
66338
475127
475127
66338
66338
4400398
66338
209280
209280
423124
66338
475127
423124
66338
209280
66338
36057995
209280
66338
201612
66338
474170
209280
201612
66338
209280
209280
209280
66338
2899497
201612
66338
66338
209280
66338
66338
474170
1208044
8135247
3700791
66338
474170
209280
66338
66338
209280
66338
66338
66338
474170
66338
66338
66338
1208044
66338
1599790
4407616
66338
475127
1057196
66338
66338
423124
222573
66338
475127
66338
66338
66338
66338
66338
209280
209280
1130954
66338
209280
209280
66338
66338
66338
66338
209280
66338
66338
474170
222573
209280
209280
209280
209280
209280
34869886
209280
66338
66338
222573
222573
9254250
66338
209280
1057196
66338
66338
222573
66338
66338
423124
209280
1130954
209280
209280
474170
475127
201612
222573
66338
66338
3690233
66338
66338
66338
66338
66338
66338
201612
66338
66338
222573
222573
66338
66338
66338
222573
2899497
66338
66338
66338
66338
209280
2061618
201612
66338
66338
475127
201612
66338
66338
66338
1599790
6099643
66338
423124
201612
66338
1522184
1599790
66338
66338
201612
66338
66338
209280
82257
209280
201612
201612
209280
1057196
66338
1389074
66338
209280
209280
201612
66338
66338
66338
66338
209280
201612
66338
66338
474170
66338
66338
66338
209280
16935461
66338
201612
66338
1057196
66338
2647258
209280
201612
222573
209280
66338
2061618
209280
209280
3040596
66338
66338
66338
209280
222573
66338
222573
3040596
222573
66338
1130954
66338
66338
66338
66338
66338
474170
66338
66338
5469245
209280
66338
3040596
66338
13200154
201612
209280
209280
1130954
209280
66338
201612
66338
1390469
209280
37900074
82257
66338
1130954
66338
66338
1130954
2195415
12740771
209280
66338
66338
66338
1130954
423124
66338
66338
66338
209280
201612
1130954
66338
66338
66338
222573
66338
66338
2195415
66338
209280
82257
1130954
66338
66338
82257
209280
209280
209280
66338
35536752
209280
2061618
66338
209280
66338
209280
66338
8135247
475127
209280
66338
222573
209280
209280
209280
2112661
209280
66338
66338
66338
66338
66338
1130954
40330606
2061618
82257
209280
66338
423124
66338
209280
209280
209280
3040941
66338
209280
209280
3040596
66338
66338
201612
209280
474170
66338
209280
222573
222573
66338
66338
27935643
222573
66338
66338
3040596
201612
66338
474170
1208044
209280
1130954
201612
209280
209280
201612
201612
222573
2112661
209280
66338
66338
222573
209280
66338
66338
82257
475127
209280
66338
201612
66338
14503791
1208044
66338
209280
66338
66338
423124
3700791
209280
66338
66338
66338
66338
66338
66338
222573
1130954
66338
66338
474170
209280
66338
66338
201612
209280
66338
209280
66338
2647258
66338
1057196
66338
1208044
66338
66338
66338
1130954
222573
209280
66338
1057196
474170
66338
209280
201612
66338
209280
66338
201612
209280
66338
209280
1208044
209280
18423440
1130954
82257
66338
201612
82257
1389074
66338
66338
209280
201612
66338
209280
201612
66338
201612
66338
66338
209280
3885639
1389074
222573
209280
1130954
209280
66338
66338
209280
222573
66338
209280
66338
222573
15746475
201612
209280
201612
209280
66338
3700791
474170
66338
209280
1057196
66338
66338
209280
66338
26691996
209280
209280
66338
66338
475127
66338
66338
66338
209280
2899497
82257
1057196
66338
4407616
66338
2112661
66338
222573
1057196
209280
209280
209280
209280
209280
1130954
222573
66338
66338
2647258
474170
66338
66338
423124
10552608
474170
66338
209280
7209222
1130954
201612
201612
201612
201612
66338
209280
1390469
201612
209280
209280
475127
209280
66338
66338
66338
4208983
209280
1208044
66338
66338
10566538
209280
475127
66338
2061618
66338
209280
209280
66338
209280
66338
66338
66338
209280
209280
201612
66338
66338
201612
66338
13390202
1057196
66338
66338
5469245
82257
209280
66338
475127
10552608
2061618
66338
82257
1186477
4208983
66338
209280
209280
66338
209280
209280
82257
66338
201612
66338
66338
2061618
66338
209280
66338
1057196
209280
209280
209280
209280
209280
475127
1208044
66338
66338
82257
209280
66338
66338
66338
423124
66338
3091357
209280
423124
66338
209280
66338
66338
209280
66338
66338
201612
66338
66338
66338
222573
2112661
222573
2112661
1390469
66338
1208044
209280
15615722
1057196
1208044
66338
475127
66338
423124
66338
14171043
222573
82257
474170
201612
474170
1057196
10373013
475127
209280
2112661
209280
66338
3017982
66338
209280
1130954
66338
222573
3040596
66338
66338
