18427
18427
29531
18427
18427
29531
29531
18427
18427
18427
342175
65788
18427
65788
65788
18427
65788
29531
18427
29531
18427
18427
65788
29531
22170043
411638
937900
29531
18427
18427
1597225
18427
728474
18427
65788
411638
29531
18427
854385
611247
18427
65788
65788
18427
18427
2122656
206592
18427
18427
2383419
18427
611247
854385
18427
65788
97845
1277580
29531
18427
411638
29531
411638
618027
97845
18427
18427
97845
18427
65788
65788
206592
18427
611247
18427
411638
29531
18427
65788
65788
18427
29531
97845
18427
65788
411638
18427
65788
18427
29531
2782120
206592
411638
18427
65788
411638
29531
611247
65788
18427
18427
18427
2492896
65788
97845
29531
18427
29531
411638
65788
65788
65788
29531
18427
18427
18427
18427
411638
18427
18427
618027
18427
18427
342175
18427
791828
18427
97845
18427
18427
65788
618027
937900
411638
29531
65788
18427
18427
18427
18427
97845
1597225
29531
29531
29531
937900
65788
342175
1723242
18427
18427
29531
29531
18427
65788
618027
611247
65788
97845
18427
29531
18427
618027
18427
29531
29531
728474
29531
18427
18427
29531
29531
342175
29531
18427
18427
18427
29531
18427
29531
97845
18628706
65788
18427
342175
18427
728474
18427
97845
97845
18427
29531
342175
29531
1597225
18427
65788
342175
18427
65788
993859
18427
29531
728474
18427
29531
937900
65788
618027
18427
18427
65788
65788
97845
29531
65788
65788
18427
65788
854385
18427
937900
65788
18427
854385
18427
998303
342175
18427
18427
29531
97845
4738065
29531
97845
342175
18427
29531
65788
65788
29531
18427
29531
29531
97845
5194127
411638
1263125
18427
18427
18427
18427
29531
18427
29531
29531
97845
411638
8017134
65788
65788
18427
97845
29531
18427
29531
1195825
97845
18427
65788
18427
65788
29531
29531
18427
18427
18427
1597225
18427
18427
97845
18427
2561849
29531
611247
18427
18427
206592
18427
18427
18427
18427
18427
65788
152439833
18427
18427
1597225
65788
854385
29531
97845
29531
29531
5194127
18427
611247
18427
411638
993859
18427
65788
65788
29531
65788
65788
29531
29531
18427
18427
29531
1441854
97845
65788
618027
411638
29531
618027
65788
206592
18427
342175
791828
97845
18427
65788
18427
97845
411638
29531
36655588
97845
51068704
1249915
65788
15366478
65788
422055
18427
2122656
1195825
18427
65788
1195825
18427
18427
65788
1249915
29531
29531
411638
65788
18427
18427
18427
29531
18427
18427
65788
29531
411638
97845
18427
411638
97845
18427
29531
29531
29531
342175
65788
342175
1441854
29531
18427
97845
65788
342175
1441854
18427
611247
618027
65788
18427
18427
97845
937900
411638
4460928
18427
65788
18427
18427
65788
618027
65788
18427
728474
18427
18427
18427
342175
29531
3541936
4405283
29531
618027
422055
611247
411638
2383419
854385
29531
854385
854385
29531
29531
65788
18427
65788
18427
18427
29531
29531
65788
18427
18427
18427
18427
65788
937900
18427
29531
2976257
29531
18427
97845
65788
65788
65788
18427
18427
18427
19333171
29531
18427
18427
1441854
18427
1441854
18427
65788
342175
29531
65788
18427
65788
29531
937900
18427
65788
18427
18427
29531
29531
65788
29531
342175
65788
18427
18427
18427
618027
18427
29531
18427
18427
18427
18427
97845
65788
18427
18427
97845
422055
18427
29531
65788
65788
97845
29531
18427
205983370
18427
18427
18427
97845
342175
116078558
18427
18427
1195825
18427
18427
18427
29531
18427
18427
18427
97845
18427
18427
728474
18427
342175
18427
29531
1723242
18427
65788
1249915
993859
411638
18427
29531
411638
18427
618027
97845
611247
97845
65788
65788
1441854
65788
23348541
2762502
18427
18427
18427
65788
18427
29531
18427
29531
618027
97845
65788
65788
1597225
18427
65788
29531
342175
4405283
29531
18427
65788
18427
29531
18427
29531
65788
18427
65788
18427
97845
18427
29531
29531
18427
18427
65788
1441854
342175
65788
342175
29531
65788
29531
65788
3541936
206592
342175
65788
18427
29531
18427
411638
18427
411638
18427
18427
18427
65788
18427
29531
97845
29531
97845
65788
18427
29531
29531
65788
18427
97845
18427
18427
18427
18427
65788
97845
18427
18427
97845
18427
65788
18427
18427
728474
18427
65788
65788
29531
18427
18427
97845
29531
16783390
18427
611247
29531
342175
65788
29531
1195825
618027
97845
29531
18427
65788
618027
1126663
18427
206592
18427
48850110
18427
618027
18427
18427
206592
65788
65788
728474
206592
18427
18427
29531
18427
29531
18427
65788
18427
18427
618027
18427
18427
411638
18427
29531
411638
65788
4405283
29531
18427
97845
29531
18427
29531
18427
18628706
97845
206592
728474
18427
29531
3368809
97845
18427
97845
18427
18427
65788
18427
97845
18427
18427
6251705
65788
29531
18427
29531
65788
18427
18427
29531
29531
18427
29531
18427
18427
29531
1195825
65788
18427
18427
411638
29531
65788
29531
18427
18427
18427
854385
18427
97845
18427
97845
18427
18427
65788
65788
65788
65788
18427
65788
65788
65788
65788
18427
29531
97845
65788
342175
18427
18427
206592
29531
18427
29531
18427
29531
97845
65788
1847165
411638
65788
18427
18427
65788
29531
29531
18427
791828
18427
18427
65788
65788
2116743
29531
29531
4419831
618027
29531
65788
18427
18427
18427
18427
18427
1195825
18427
97845
18427
206592
29531
97845
18427
18427
65788
65788
18427
1597225
18427
342175
29531
29531
18427
3290984
18427
65788
18427
611247
18427
618027
65788
97845
18427
342175
18427
97845
65788
18427
18427
65788
65788
18427
18427
18427
29531
29531
29531
82467407
18427
18427
29531
18427
1195825
29531
18427
65788
65788
5057266
18427
18427
65788
18427
65788
18427
18427
29531
18427
65788
18427
3541936
18427
18427
65788
65788
65788
162285655
422055
29531
18427
411638
18427
18427
97845
342175
18427
18427
18427
97845
65788
18427
65788
18427
18427
18427
29531
18427
18427
29531
854385
18427
18427
29531
65788
18427
342175
611247
65788
618027
97845
937900
18427
18427
29531
18427
65788
18427
97845
18427
18427
29531
18427
18427
97845
18427
18427
422055
65788
18427
18427
618027
18427
18427
18427
342175
18427
18427
411638
65788
18427
97845
29531
29531
29531
65788
97845
29531
18427
618027
29531
18427
29531
65788
743243
5194127
18427
18427
65788
65788
18427
1597225
342175
422055
18427
65788
743243
29531
6386854
97845
18427
18427
18427
18427
65788
342175
29531
18427
411638
29531
422055
29531
18427
18427
65788
18427
97845
411638
411638
18427
18427
18427
411638
1597225
1249915
18427
18427
18427
18427
65788
65788
8665751
18427
38011534
65788
29531
18427
18427
65788
29531
18427
97845
1847165
9573684
29531
97845
411638
18427
97845
18427
97845
422055
97845
2122656
29531
18427
18427
18427
728474
18427
18427
18427
29531
29531
18427
29531
65788
18427
18427
18427
65788
1597225
1441854
65788
854385
29531
18427
15813745
411638
206592
65788
12674758
29531
18427
3541936
65788
65788
18427
342175
65788
18427
18427
411638
65788
97845
18427
18427
18427
18427
97845
65788
97845
18427
29531
18427
29531
65788
743243
411638
937900
65788
13313886
29531
65788
18427
422055
65788
3290984
29531
2451577
618027
18427
29531
29531
411638
18427
65788
728474
18427
18427
65788
18427
2492896
65788
18427
18427
18427
18427
411638
18427
4405283
65788
18427
65788
65788
65788
29531
18427
18427
18427
29531
65788
65788
2116743
29531
97845
342175
65788
618027
29531
18427
97845
29531
3621252
18427
18427
29531
29531
18427
43991783
97845
65788
206592
65788
18427
65788
97845
18427
1195825
854385
422055
6254721
18427
18427
411638
97845
18427
342175
29531
18427
97845
18427
29531
65788
18427
18427
1333128
18427
18427
18427
18427
342175
18427
18427
422055
65788
29531
1195825
342175
18427
65788
18427
18427
18427
18427
65788
65788
18427
18427
18427
411638
65788
1195825
9970949
65788
2122656
342175
29531
18427
728474
18427
728474
18427
854385
18427
65788
29531
18427
18427
411638
18427
97845
18427
18427
18427
29531
65788
29531
18427
29531
18427
65788
18427
18427
65788
29531
29531
65788
65788
29531
65788
18427
206592
18427
18427
65788
29531
18427
18427
18427
1195825
65788
65788
728474
65788
29531
29531
18427
65788
18427
6101270
411638
18427
18427
65788
3621252
32925777
29531
65788
97845
611247
993859
18427
18427
65788
65788
65788
97845
342175
1249915
65788
97845
18427
65788
65788
29531
97845
65788
342175
342175
65788
18427
65788
1597225
29531
65788
65788
18427
65788
18427
29531
411638
18427
18427
97845
65788
743243
65788
342175
18427
18427
18427
65788
618027
29531
18427
65788
18427
18427
18427
342175
29531
29531
65788
937900
18427
18427
97845
18427
18427
18427
4405283
618027
29531
18427
18427
97845
611247
342175
18427
18427
18427
937900
18427
18427
65788
18427
29531
18427
1195825
29531
18427
18427
65788
18427
18427
97845
342175
65788
65788
411638
65788
65788
18427
65788
18427
342175
97845
18427
728474
411638
18427
65788
29531
29531
18427
18427
18427
29531
29531
29531
18427
18427
65788
18427
29531
97845
18427
29531
1263125
65788
65788
2122656
97845
18427
29531
342175
29531
18427
29531
29531
937900
97845
18427
18427
618027
411638
1847165
18427
18427
29531
618027
18427
97845
342175
18427
29531
854385
18427
65788
65788
18427
18427
3541936
65788
29531
65788
65788
18427
16203574
97845
65788
18427
97845
97845
29531
1918741
18427
65788
65788
29531
18427
1249915
65788
18427
65788
97845
1263125
1441854
97845
29531
611247
65788
342175
97845
791828
18427
97845
18427
65788
411638
18427
18427
18427
97845
65788
18427
18427
5194127
65788
18427
6711801
65788
18427
728474
29531
65788
18427
29531
937900
18427
29531
65788
18427
65788
18427
1263125
1597225
29531
29531
18427
18427
29531
29531
2122656
97845
97845
18427
18427
65788
97845
18427
29531
618027
937900
97845
65788
854385
97845
29531
411638
18427
18427
29531
29531
18427
29531
18427
65788
18427
97845
422055
18427
29531
29531
791828
65788
18427
18427
65788
29531
29531
97845
18427
29531
29531
65788
18427
65788
14167342
18427
1597225
97845
18427
2782120
65788
854385
18427
65788
29531
18427
97845
65788
611247
18427
29531
18427
18427
18427
206592
30495492
65788
29531
1195825
18427
728474
18427
18427
18427
18427
29531
65788
65788
29531
29531
18427
29531
18427
18427
18427
728474
18427
65788
206592
97845
65788
97845
18427
97845
18427
1597225
18427
18427
97845
18427
29531
65788
18427
728474
5922407
18427
65788
2116743
18427
65788
18427
29531
411638
728474
618027
65788
29531
65788
18427
65788
18427
65788
97845
18427
65788
29531
29531
97845
2122656
65788
611247
29531
65788
18427
29531
2559334
18427
65788
65788
206592
422055
18427
65788
65788
97845
18427
97845
65788
29531
998303
65788
18427
29531
18427
29531
65788
18427
18427
18427
18427
18427
65788
29531
1597225
65788
97845
65788
618027
97845
29531
18427
97845
18427
18427
611247
993859
65788
29531
97845
65788
3621252
618027
29531
18427
18427
65788
18427
18427
743243
206592
29531
18427
97845
618027
29531
18427
18427
29531
65788
65788
18427
65788
18427
65788
29531
65788
18427
29531
65788
422055
18427
18427
18427
97845
1277580
611247
18427
65788
65788
18427
97845
18427
18427
18427
18427
29531
18427
65788
18427
97845
97845
1597225
65788
18427
65788
993859
29531
18427
18427
18427
29531
18427
18427
29531
422055
18427
65788
29531
18427
1441854
29531
18427
29531
65788
65788
854385
97845
18427
97845
97845
18427
18427
65788
29531
65788
18427
18427
97845
18427
18427
65788
411638
29531
3541936
618027
65788
206592
5057266
18427
65788
411638
18427
18427
411638
411638
18427
29531
29531
18427
97845
29531
411638
65788
18427
33428103
65788
65788
65788
65788
97845
1441854
65788
29531
65788
29531
18427
18427
29531
65788
1249915
18427
97845
18427
18427
18427
18427
937900
18427
65788
29531
29531
18427
937900
97845
18427
65788
65788
18427
411638
18427
97845
18427
18427
97845
29531
33686130
65788
18427
1907499
65788
18427
65788
65788
42932807
2782120
18427
1195825
18427
18427
18427
18427
18427
65788
65788
618027
65788
18427
29531
18427
18427
97845
18427
65788
18427
1847165
18427
3621252
18427
18427
18427
937900
18628706
97845
18427
29531
18427
65788
18427
29531
937900
18427
18427
18427
29531
97845
18427
791828
18427
18427
18427
65788
18427
18427
29531
618027
18427
18427
1249915
65788
18427
65788
65788
854385
18427
29531
18427
937900
97845
18427
342175
18427
18427
18427
29531
29531
29531
2116743
29531
29531
18427
29531
1195825
29531
342175
18427
18427
618027
18427
18427
29531
1529441
18427
65788
65788
8665751
422055
206592
618027
18427
65788
18427
97845
18427
29531
18427
18427
65788
1126663
18427
65788
18427
18427
29531
18427
29531
65788
18427
29531
18427
29531
29531
2492896
18427
65788
65788
18427
65788
65788
854385
29531
18427
618027
65788
18427
422055
29531
342175
18427
18427
29531
18427
18427
1597225
97845
743243
29531
18427
411638
206592
18427
18427
18427
65788
422055
65788
29531
97845
65788
29531
65788
65788
18427
29531
18427
18427
18427
18427
29531
18427
1597225
18427
29531
18427
9524263
65788
29531
11628217
2116743
1333128
65788
18427
18427
618027
411638
65788
16867012
342175
65788
18427
29531
29531
65788
97845
29531
65788
65788
18427
65788
1249915
18427
29531
854385
18427
65788
18427
29531
18427
18427
18427
18427
937900
123227937
18427
18427
18427
18427
206592
18427
18427
29531
18427
18427
29531
97845
18427
29531
97845
743243
18427
65788
411638
18427
97845
16414167
411638
29531
18427
3621252
18427
18427
97845
18427
18427
937900
18427
29531
18427
65788
65788
18427
18427
18427
411638
411638
29531
18427
65788
342175
3621252
29531
18427
18427
618027
18427
65788
18427
18427
65788
18427
65788
29531
1597225
18427
18427
611247
1597225
29531
618027
2122656
29531
18427
1907499
14221472
411638
18427
65788
29531
411638
206592
29531
65788
2116743
411638
18427
206592
18427
65788
728474
18427
18427
618027
18427
97845
18427
18427
65788
18427
1847165
18427
728474
18427
65788
18427
29531
29531
29531
18427
18427
18427
65788
18427
18427
854385
29531
29531
1249915
18427
18427
65788
29531
18427
29531
18427
18427
18427
18427
97845
18427
4405283
29531
97845
65788
29531
1126663
29531
29531
65788
18427
18427
411638
1195825
29531
29531
65788
1597225
18427
65788
18427
18427
18427
18427
29531
18427
422055
65788
206592
18427
998303
18427
65788
18427
611247
97845
29531
29531
618027
1847165
29531
18427
411638
97845
18427
29531
97845
29531
65788
618027
18427
1249915
18427
18427
65788
411638
18427
5922407
65788
728474
29531
97845
18427
18427
18427
29531
65788
18427
1195825
18427
18427
97845
97845
18427
1597225
29531
29531
18427
97845
18427
29531
18427
4460928
65788
18427
97845
65788
18427
18427
411638
18427
29531
65788
18427
97845
13588917
65788
411638
29531
18427
2383419
618027
29531
18427
97845
18427
29531
29531
18427
18427
18427
3621252
97845
29531
29531
97845
937900
18427
18427
65788
29531
29531
18427
618027
65788
65788
18427
65788
18427
18427
342175
97845
65788
18427
18427
18427
65788
65788
998303
97845
65788
18427
113470627
97845
29531
18427
29531
29531
1195825
65788
65788
15366478
18427
422055
18427
65788
18427
18427
618027
18427
1249915
65788
411638
65788
29531
206592
97845
29531
97845
18427
65788
18427
18427
18427
411638
1847165
97845
18427
29531
16867012
29531
29531
18427
65788
411638
65788
29531
18427
6386854
18427
618027
65788
65788
618027
97845
65788
18427
618027
65788
728474
18427
65788
18427
1597225
18427
18427
6238740
18427
65788
18427
18427
65788
1597225
65788
65788
65788
18427
65788
29531
29531
18427
65788
18427
18427
97845
1441854
65788
18427
18427
18427
29531
18427
65788
18427
97845
18427
342175
411638
18427
18427
18427
65788
29531
18427
18427
18427
30621208
29531
342175
18427
97845
65788
18427
29531
65788
3962968
65788
18427
18427
97845
411638
18427
65788
1195825
18427
65788
18427
18427
18427
18427
18427
65788
18427
18427
18427
18427
18427
18427
18427
411638
728474
18427
65788
29531
618027
65788
29531
18427
18427
18427
29531
29531
29531
97845
18427
18427
29531
18427
342175
97845
411638
18427
65788
29531
18427
1277580
65788
65788
65788
65788
29531
618027
18427
18427
18427
29531
18427
18427
29531
18427
97845
18427
18427
411638
1195825
18427
618027
97845
18427
29531
18427
18427
97845
18427
18427
411638
29531
18427
97845
18427
743243
18427
29531
65788
18427
29531
18427
65788
18427
65788
65788
18427
3290984
65788
18427
97845
29531
854385
18427
65788
65788
29531
18427
18427
29531
18427
18427
611247
29531
29531
29531
18427
65788
29531
18427
69484925
18427
1249915
18427
5194127
18427
27726194
65788
29531
18427
937900
18628706
97845
18427
728474
618027
18427
29531
5268982
18427
29531
18427
18427
411638
29531
18427
65788
18427
618027
18427
29531
18427
29531
97845
29531
18427
65788
18427
993859
2383419
97845
18427
18427
29531
18427
18427
65788
611247
18427
65788
31726054
18427
65788
4405283
206592
65788
97845
29531
18427
18427
342175
18427
65788
97845
29531
18427
29531
29531
65788
18427
18427
618027
18427
18427
97845
743243
18427
618027
97845
18427
18427
18427
342175
65788
65788
618027
18427
65788
618027
206592
18427
18427
65788
29531
411638
18427
29531
29531
618027
18427
18427
411638
65788
29531
29531
29531
65788
18427
18427
18427
411638
29531
18427
18427
1597225
18427
65788
10775869
1597225
65788
18427
18427
728474
65788
29531
97845
29531
200227053
18427
65788
18427
97845
411638
4405283
18427
65788
65788
18427
29531
65788
18427
18427
743243
18427
206592
18427
65788
97845
18427
743243
618027
18427
411638
29531
65788
18427
18427
65788
97845
18427
411638
18427
29531
65788
18427
65788
18427
18427
18427
29531
65788
97845
29531
411638
7632708
18427
618027
65788
186205779
18427
29531
18427
18427
97845
18427
18427
18427
18427
18427
29531
18427
18427
29531
29531
18427
18427
97845
18427
618027
422055
18427
65788
18427
29531
18427
18427
18427
97845
18427
18427
97845
29531
29531
65788
18427
342175
17569855
65788
18427
18427
18427
65788
2122656
97845
993859
18427
18427
65788
29531
29531
18427
18427
97845
97845
9970949
611247
29531
65788
29531
29531
342175
29531
18427
18427
18427
618027
411638
65788
411638
18427
65788
2122656
5057266
18427
18427
618027
29531
18427
18427
18427
18427
97845
1195825
18427
14119640
18427
29531
18427
29531
18427
2451577
29531
29531
65788
18427
97845
342175
65788
1723242
342175
18427
65788
65788
18427
18427
18427
18427
97845
18427
15366478
29531
18427
29531
29531
29531
18427
65788
14110852
97845
743243
18427
18427
29531
18427
65788
29531
18427
206592
65788
65788
18427
18427
1249915
65788
18427
65788
98051604
18427
411638
29531
1249915
97845
65788
18427
411638
97845
18427
618027
29531
18427
29531
342175
18427
18427
65788
18427
618027
65788
18427
18427
65788
18427
18427
411638
65788
18427
18427
29531
18427
18427
18427
29531
65788
97845
18427
97845
29531
618027
97845
568788629
18427
2122656
1195825
18427
411638
18427
937900
18427
854385
29531
65788
65788
18427
18427
65788
29531
65788
29531
65788
18427
29531
18427
29531
18427
18427
18427
65788
18427
65788
618027
18628706
97845
18427
18427
65788
1263125
1249915
29531
65788
6254721
18427
18427
18427
29531
65788
65788
65788
29531
29531
18427
5922407
618027
29531
29531
18427
937900
18427
411638
937900
18427
18427
18427
29531
1195825
65788
65788
65788
1195825
3621252
342175
18427
411638
206592
18427
18427
18427
97845
18427
18427
6633128
29531
618027
411638
12195138
97845
18427
18427
65788
18427
18427
27734080
97845
18427
65788
342175
29531
29531
29531
937900
65788
1723242
728474
411638
97845
18427
65788
65788
18427
29531
29531
18427
18427
18427
18427
29531
18427
29531
18427
18427
29531
65788
29531
97845
65788
18427
65788
97845
18427
18427
97845
18427
18427
65788
65788
342175
18427
18427
29531
18427
18427
18427
3621252
65788
18427
18427
29531
29531
618027
342175
65788
65788
18427
29531
18427
65788
18427
1597225
411638
97845
97845
422055
29531
854385
65788
29531
29531
2122656
29531
29531
18427
18427
411638
65788
411638
18427
97845
97845
18427
18427
65788
65788
65788
18427
18427
422055
18427
411638
18427
16580890
29531
18427
29531
18427
65788
18427
18427
18427
97845
342175
611247
618027
65788
743243
411638
728474
342175
937900
18427
728474
18427
618027
29531
18427
1249915
18427
97845
18427
20541664
18427
65788
65788
97845
29531
29531
29531
29531
18427
97845
18427
29531
65788
18427
18427
18427
29531
65788
8941210
18427
18427
18427
18427
97845
18427
29531
422055
18427
411638
18427
18427
29531
29531
65788
65788
18427
97845
18427
18427
97845
607540
18427
65788
65788
65788
29531
65788
18427
65788
29531
618027
65788
854385
18427
18427
18427
18427
65788
65788
97845
65788
18427
65788
411638
18427
1602098
29531
97845
29531
18427
4405283
29531
29531
65788
18427
618027
65788
65788
18427
411638
611247
18427
2122656
29531
411638
65788
65788
18427
18427
65788
65788
18427
18427
65788
18427
18427
18427
18427
18427
97845
422055
18427
97845
97845
29531
18427
29531
422055
18427
65788
65788
422055
65788
29531
65788
18427
18427
18427
2782120
29531
18427
65788
29531
18427
18427
18427
18427
65788
18427
29531
18427
206592
29531
18427
18427
618027
29531
18427
607540
97845
18427
618027
18427
18427
65788
29531
65788
342175
342175
65788
65788
611247
18427
18427
65788
18427
65788
206592
65788
29531
65788
97845
18427
411638
728474
97845
18427
65788
65788
18427
18427
18427
618027
29531
65788
65788
18427
29531
18427
29531
6832436
65788
65788
29531
743243
18427
342175
22170043
18427
29531
411638
65788
65788
411638
728474
18427
18427
65788
18427
29531
18427
18427
65788
1277580
29531
29531
993859
206592
18427
18427
97845
65788
18427
65788
65788
65788
18427
18427
18427
97845
18427
18427
18427
65788
18427
29531
65788
206592
18427
618027
18427
411638
18427
65788
29531
65788
29531
18427
18427
29531
2782120
18427
29531
2782120
65788
18427
29531
18427
3962968
65788
18427
65788
18427
18427
18427
29531
422055
18427
422055
18427
65788
65788
18427
29531
29531
18427
18427
618027
97845
97845
611247
65788
65788
618027
18427
743243
65788
18427
18427
342175
18427
29531
342175
65788
97845
18427
18427
18427
18427
65788
611247
29531
29531
342175
18427
65788
65788
29531
607540
18427
65788
97845
29531
97845
97845
18427
97845
18427
29531
18427
18427
1441854
18427
342175
411638
18427
618027
29531
65788
18427
2451577
18427
422055
97845
937900
18427
29531
1195825
97845
18427
29531
2383419
97845
18427
65788
937900
411638
18427
29531
65788
18427
29531
18427
18427
18427
29531
6254721
411638
18427
18427
65788
65788
18427
97845
18427
97845
18427
29531
18427
29531
97845
18427
97845
29531
18427
65788
411638
65788
65788
65788
18427
18427
38223760
18427
29531
18427
422055
97845
18427
97845
29531
18427
65788
65788
97845
18427
29531
18427
65788
18427
18427
29531
29531
65788
97845
18427
18427
97845
18427
65788
206592
18427
65788
18427
18427
1597225
937900
422055
18427
342175
65788
18427
342175
65788
18427
29531
18427
97845
607540
18427
29531
18427
97845
1723242
18427
342175
18427
18427
728474
18427
206592
422055
18427
1441854
18427
728474
29531
18427
65788
18427
29531
18427
18427
65788
18427
18427
342175
422055
29531
411638
18427
29531
1597225
18427
618027
18427
18427
29531
611247
728474
618027
18427
618027
65788
65788
18427
618027
18427
1249915
206592
29531
29531
18427
18427
743243
65788
65788
18427
18427
65788
18427
18427
65788
1195825
18427
18427
18427
411638
18427
97845
18427
65788
97845
65788
29531
18427
65788
18427
618027
18427
1195825
2898080
29531
18427
29531
65788
65788
29531
18427
618027
342175
29531
18427
29531
998303
65788
65788
18427
743243
97845
2976257
65788
18427
97845
18427
6254721
342175
29531
65788
97845
3290984
18427
342175
4405283
618027
29531
611247
18427
65788
18427
29531
18427
18427
728474
937900
29531
29531
18427
29531
5853285
65788
618027
18427
5834435
29531
18427
65788
998303
65788
29531
29531
18427
18427
993859
18427
18427
18427
618027
29531
411638
29531
18427
9573684
97845
342175
18427
65788
18427
618027
422055
18427
411638
18427
65788
411638
18427
18427
18427
18427
29531
1441854
65788
65788
411638
18427
18427
97845
18427
65788
937900
97845
18427
29531
18427
1597225
97845
97845
7632708
65788
97845
29531
18427
27993698
411638
65788
422055
411638
18427
65788
18427
29531
18427
65788
65788
29531
29531
14035312
65788
18427
29531
2492896
29531
65788
18427
97845
29531
97845
18427
18427
12404543
728474
18427
29531
29531
65788
65788
18427
18427
65788
18427
18427
65788
18427
65788
18427
29531
65788
854385
618027
176058464
854385
18427
29531
97845
18427
97845
18427
4405283
18427
18427
18427
18427
65788
728474
18427
65788
29531
29531
611247
18427
97845
65788
2383419
18427
18427
998303
18427
18427
97845
18427
1126663
743243
18427
206592
18427
18427
18427
18427
18427
18427
743243
18427
97845
97845
4554577
18427
97845
18427
1277580
618027
18427
3621252
65788
65788
342175
18427
18427
18427
18427
29531
18427
97845
2116743
65788
97845
65788
65788
18427
97845
29531
18427
65788
18427
18427
618027
65788
618027
1597225
18427
18427
97845
97845
18427
65788
18427
411638
1723242
97845
18427
18427
18427
1441854
97845
29531
65788
18427
18427
618027
342175
18427
1249915
618027
4419831
4224660
65788
18427
206592
18427
18427
18427
411638
65788
342175
29531
18427
29531
342175
29531
29531
411638
65788
97845
65788
65788
411638
18427
18427
18427
1249915
18427
65788
18427
13588917
18427
18427
29531
18427
65788
18427
18427
5922407
18427
65788
18427
18427
65788
18427
65788
18427
97845
29531
18427
6832436
18427
18427
97845
18427
29531
18427
18427
18427
8217420
29531
18427
561328477
422055
18427
29531
29531
18427
2834629
97845
65788
18427
29531
18427
65788
18427
18427
65788
18427
611247
411638
65788
65788
65788
611247
29531
29531
18427
18427
65788
18427
18427
65788
18427
3419864
2451577
728474
342175
1195825
18427
18427
29531
29531
18427
18427
29531
97845
65788
29531
97845
18427
97845
29531
18427
618027
18427
29531
743243
206592
18427
18427
18427
18427
18427
65788
29531
426261922
97845
18427
65788
14167342
18427
65788
29531
29531
18427
1441854
18427
14252253
97845
65788
29531
18427
18427
65788
65788
18427
18427
18427
1249915
18427
97845
29531
18427
18427
18427
65788
18427
29531
411638
18427
18427
206592
3621252
18427
728474
29531
18427
18427
65788
29531
29531
65788
65788
18427
7632708
18427
18427
65788
97845
29531
18427
18427
18427
97845
18427
422055
18427
29531
18427
29531
29531
65788
65788
18427
29531
29531
998303
618027
18427
29531
18427
65788
18427
791828
29531
97845
65788
97845
97845
342175
18427
29531
611247
18427
618027
18427
97845
18427
18427
29531
18427
2122656
4460928
18427
29531
18427
97845
18427
18427
29531
18427
29531
1249915
29531
97845
18427
16867012
29531
937900
18427
29531
65788
1195825
97845
18427
16861582
29531
97845
29531
1249915
97845
65788
18427
18427
18427
18427
18427
18427
618027
97845
18427
18427
18427
18427
411638
206592
18427
5853285
342175
618027
29531
18427
18427
29531
206592
2383419
411638
18427
65788
18427
18427
29531
618027
18427
18427
65788
411638
18427
18427
18427
854385
65788
29531
65788
29531
1249915
1847165
18427
18427
18427
342175
65788
4554577
18427
18427
2451577
18427
1847165
18427
29531
65788
342175
18427
342175
18427
18427
97845
998303
29531
29531
18427
728474
18427
18427
18427
29531
65788
18427
18427
411638
65788
18427
18427
18427
937900
18427
65788
1195825
18427
18427
18427
18427
97845
65788
65788
411638
65788
18427
97845
97845
65788
29531
607540
611247
18427
18427
1597225
65788
18427
65788
97845
97845
65788
1249915
1597225
18427
18427
18427
29531
18427
18427
18427
18427
97845
29531
29531
18427
29531
97845
18427
65788
618027
411638
29531
18628706
18427
18427
97845
65788
1195825
18427
65788
29531
618027
65788
18427
18427
1195825
29531
65788
29531
29531
18427
18427
18427
18427
18427
18427
4405283
18427
97845
6832436
29531
97845
29531
29531
65788
18427
29531
18427
18427
411638
18427
65788
18427
18427
18427
65788
18427
29531
18427
854385
29531
618027
65788
18427
97845
342175
65788
65788
728474
18427
728474
18427
18427
97845
618027
728474
65788
18427
29531
97845
29531
29531
29531
18427
29531
29531
18427
18427
18427
65788
18427
65788
97845
97845
97845
29531
611247
618027
65788
97845
97845
618027
65788
18427
2116743
18427
29531
18427
65788
65788
18427
18427
2451577
65788
18427
18427
18427
18427
97845
65788
18427
18427
18427
29531
65788
65788
29531
342175
18427
97845
29531
29531
18427
18427
18427
18427
411638
65788
35389502
65788
18427
65788
97845
29531
18427
18427
411638
18427
18427
18427
65788
411638
18427
65788
97845
29531
18427
18427
18427
743243
18427
97845
65788
97845
97845
5853285
97845
1907499
65788
18427
18427
18427
29531
18427
422055
97845
65788
65788
18427
618027
29531
65788
18427
18427
97845
18427
29531
29531
29531
937900
65788
18427
18427
29531
97845
65788
29531
29531
97845
97845
411638
18427
18427
1907499
97845
18628706
937900
18427
18427
18427
18427
18427
18427
29531
18427
97845
18427
65788
65788
18427
18427
29531
29531
18427
18628706
65788
342175
65788
65788
65788
29531
18427
29531
18427
18427
4260203
29531
97845
18427
65788
