8064
469354
16441
16441
8064
8064
598643
407912
8064
214885
8064
328740
334639
16441
69011
8064
8064
8064
214885
809682
460385
16441
8064
214885
3809276
13251
8064
8064
8064
15870
8064
929008
8064
334639
214885
15870
16441
8064
8064
8064
8064
214885
469354
8064
264953
13251
13251
334639
8064
8064
8064
8064
15870
334639
8064
8064
264953
8064
1270447
8064
8064
13251
8064
214885
4481850
469354
8064
8064
8064
8064
16441
8064
13251
15870
8064
214885
15870
334639
407912
1460482
214885
8064
334639
8064
1656774
8064
8064
7495443
8064
8064
214885
264953
13251
8064
8064
8064
214885
13251
264953
214885
8064
16441
8064
8064
214885
1792161
1793475
264953
8064
8064
8064
8064
8064
214885
214885
8064
8064
214885
328740
662422
8064
328740
214885
8064
328740
8064
214885
8064
8064
464534
8064
1316761
8064
555442
8064
8064
16441
8064
8064
8064
8064
8064
8064
8064
16441
1270447
16441
8064
8064
8064
214885
214885
214885
460385
8064
16441
8064
8064
69011
407912
214885
8064
15870
15870
69011
8064
8064
8064
221865
8064
8064
214885
8064
8064
8064
8064
214885
214885
214885
8064
8064
15870
8064
264953
8064
8064
8064
8064
264953
1793475
8064
8064
214885
598643
8064
8064
8064
1322491
8064
8064
1469666
8064
8064
214885
21324027
8064
8064
8064
8064
8064
15870
8064
214885
8064
13239333
8064
15870
214885
555442
8064
214885
662422
214885
8064
407912
8064
214885
3343049
334639
214885
548586
214885
8064
214885
214885
8064
8064
8064
214885
8064
214885
8064
16441
8064
8064
8064
8064
16441
13251
8064
674001
214885
15870
8064
264953
8064
15870
8064
264953
8064
8064
328740
8064
8064
8064
75963369
674001
214885
407912
8064
13251
13251
15870
8064
8064
8064
15870
8064
8064
8064
8064
15870
8064
8064
8064
407912
8064
8064
13251
8064
8064
15870
15870
221865
8064
16441
8064
8064
69011
1793475
8064
69011
1651871
8064
4671279
214885
1068221
8064
1322491
15870
214885
8064
8064
8064
8064
460385
8064
8064
8064
214885
8064
16441
8064
214885
8064
8064
8064
15870
8064
16441
8064
16441
13251
407912
264953
8064
2242434
334639
8064
548586
214885
8064
16441
8064
8064
8064
334639
214885
8064
8064
548586
8064
214885
69011
15870
15870
8064
469354
328740
16441
8064
8064
8064
7422208
328740
8064
214885
8064
214885
15870
8064
407912
214885
8064
16441
8064
214885
15870
8064
15870
8064
16441
8064
8064
141310
460385
8064
407912
8064
8064
15870
8064
8064
469354
8064
1656774
8064
8064
13251
264953
8064
8064
8064
141310
69011
214885
8064
8064
8064
8064
8064
8064
13251
8064
8064
8064
555442
8064
8064
469354
264953
8064
214885
214885
13251
7347502
8064
1322491
214885
8064
8064
214885
214885
460385
8064
460385
214885
328740
334639
214885
214885
8064
407912
8064
8064
8064
8064
16441
8064
334639
855181
8064
264953
8064
8064
8064
8064
16441
15870
214885
1255909
8064
8064
8064
13251
3021437
214885
214885
214885
8064
69011
8064
214885
8064
15870
8064
16441
8064
214885
8064
555442
214885
8064
13251
13251
8064
214885
8064
264953
8064
8064
8064
214885
8064
328740
8064
8064
8064
8064
8064
8064
15870
8064
214885
8064
214885
15870
264953
16441
334639
16441
8064
214885
407912
221865
214885
13251
13251
8064
460385
214885
8064
8064
1322491
8064
460385
8064
15870
809682
16441
16441
214885
15870
264953
8064
214885
8064
4080523
15870
8064
214885
555442
16441
8064
16441
13251
8064
214885
8064
8064
214885
2498111
8064
69011
8064
8064
8064
8064
8064
674001
214885
8064
674001
214885
8064
8064
214885
214885
8064
464534
8064
8064
8064
8064
8064
8064
3021437
214885
8064
16441
214885
8064
8064
1316761
334639
328740
214885
8064
69011
214885
8064
214885
8064
8064
1793475
8064
1793475
214885
8064
214885
214885
8064
13251
8064
8064
214885
8064
328740
8064
8064
1793475
8064
662422
460385
8064
264953
8064
214885
16441
214885
8064
214885
8064
8064
214885
16441
8064
8064
214885
8064
214885
8064
8064
8064
16441
8064
8064
16441
13251
8064
16441
8064
264953
13251
16441
8064
8064
8064
8064
8064
8064
8064
328740
334639
328740
8064
8064
407912
214885
141310
598643
407912
8064
8064
460385
221865
8064
15870
13251
8064
8064
214885
8064
16441
8064
214885
8064
214885
8064
469354
328740
407912
8064
16441
8064
8064
8064
8064
8064
8064
214885
214885
16441
8064
8064
8064
8064
8064
214885
8064
69011
13251
662422
141310
8064
8064
8064
598643
214885
8064
8064
8064
8064
8064
214885
8064
8064
8064
8064
214885
662422
141310
8064
334639
334639
8064
3681233
8064
8064
8064
214885
214885
15870
16441
8064
8064
8064
214885
328740
1460482
8064
214885
8064
16441
328740
214885
8064
214885
328740
16441
8064
407912
407912
15870
13251
16441
407912
16441
15870
8064
469354
8064
1793475
8064
8064
460385
8064
214885
214885
8064
8064
662422
69011
8064
214885
8064
8064
214885
16441
929008
8064
809682
8064
328740
214885
16441
15870
13251
460385
8064
8064
8064
8064
8064
8064
8064
214885
13251
8064
16441
8064
8064
8064
8064
8064
8064
8064
8064
8064
214885
8064
8064
407912
214885
8064
8064
8064
8064
8064
8064
334639
16441
16441
214885
15870
674001
8064
1795766
8064
1773163
15870
15870
8064
8064
214885
8064
69011
8064
8064
16441
662422
8064
15870
8064
407912
8064
8064
214885
8064
8064
8064
8064
8064
4353119
264953
8064
214885
15870
264953
8064
16441
8064
214885
214885
16441
8064
8064
548586
16441
8064
16441
8064
8064
8064
328740
8064
15870
214885
8064
3421283
16441
8064
214885
555442
16441
13251
8064
214885
8064
8064
214885
464534
16441
8064
8064
15870
214885
407912
328740
16441
4083097
8064
13251
8064
2102981
8064
8064
8064
214885
8064
8064
8064
16441
8064
8064
598643
8064
15870
8064
264953
334639
8064
407912
214885
13251
334639
8064
214885
8064
221865
334639
8064
8064
8064
328740
214885
8064
334639
8064
16441
8064
69011
407912
8064
8064
8064
407912
8064
16441
8064
31678895
809682
8064
8064
598643
330521615
8064
214885
555442
16441
15870
214885
8064
8064
13251
8064
674001
328740
214885
8064
8064
13251
8064
214885
8064
328740
264953
15870
8064
8064
69011
8064
8064
264953
8064
16441
16441
8064
214885
407912
460385
15870
2240203
8064
809682
8064
8676644
8064
8064
407912
929008
2102981
328740
214885
15870
8064
8064
8064
264953
407912
8064
8064
13251
16441
69011
8064
8064
8064
328740
8064
460385
16441
8064
8064
8064
214885
1792161
13251
8064
15870
8064
264953
264953
460385
555442
8064
8064
214885
1322491
8064
8064
8064
214885
8064
8064
8064
8064
8064
8064
8064
8064
214885
8064
1270447
328740
460385
15870
8064
460385
460385
8064
16441
929008
141310
214885
16441
214885
264953
460385
214885
8064
407912
8064
8064
8064
214885
8064
8064
264953
464534
8064
264953
8064
16441
8064
8064
929008
8064
8064
214885
8064
8064
69011
214885
8064
8064
16441
214885
214885
8064
8064
8064
15870
8064
8064
598643
8064
214885
8064
1795766
8064
809682
469354
328740
8064
16441
1322491
8064
214885
8064
8064
8064
548586
8064
5724644
214885
464534
19543618
8064
8064
407912
8064
214885
8064
15870
8064
8064
407912
16441
328740
13251
8064
15870
214885
214885
214885
214885
8064
8064
460385
407912
8064
598643
8064
598643
469354
214885
16441
16441
328740
264953
214885
8064
460385
15870
328740
214885
8064
662422
8064
8064
8064
598643
15870
16441
221865
214885
16441
214885
8064
16441
16441
16441
8064
674001
214885
460385
328740
8064
8064
16441
8064
407912
214885
8064
15870
460385
855181
8064
16441
8064
328740
8064
16441
214885
9324895
69011
464534
407912
214885
8064
8064
16441
264953
8064
8064
8064
8064
8064
8064
8064
469354
8064
16441
214885
8064
598643
1270447
8064
16441
8064
407912
8064
214885
8064
334639
8064
15870
8064
264953
433327639
16441
214885
214885
14182798
8064
214885
214885
15870
8064
460385
1651871
214885
15870
15870
8064
8064
214885
4671279
214885
8064
598643
16441
464534
460385
8064
214885
469354
1795766
69011
8064
8064
8064
8064
407912
8064
16441
8064
662422
8064
8064
469354
1793475
8064
15870
8064
214885
264953
15870
8064
214885
15870
15870
16441
17637909
8064
8064
8064
16441
8064
598643
662422
8064
8064
334639
8064
8064
555442
8064
555442
16441
13251
2102981
8064
214885
8064
464534
9324895
214885
8064
8064
15870
469354
460385
8064
555442
214885
8064
8064
8064
16441
3809276
8064
598643
8064
8064
8064
469354
15870
8064
15870
8064
2102981
16441
8064
214885
469354
8064
8064
8064
8064
16441
16441
214885
8064
15870
214885
15870
16441
214885
8064
214885
14288320
214885
8064
214885
214885
214885
16441
8064
8064
8064
8064
214885
8064
662422
8064
8064
214885
214885
16441
4080523
15870
6176914
334639
8064
598643
8064
1793475
8064
8064
264953
214885
8064
8064
15870
8064
214885
1795766
8064
8064
8064
8064
8064
8064
8064
8064
8064
8064
2102981
15870
8064
8064
8064
407912
548586
16441
8064
15870
8064
214885
17906720
8064
221865
8064
15870
15870
13251
8064
16441
16441
69011
334639
214885
8064
8064
8064
69011
8064
674001
1793475
214885
16441
8064
1128298
8064
8064
8064
264953
8064
13251
548586
15870
662422
407912
16441
8064
8064
328740
8064
16441
8064
8064
8064
15870
15870
264953
8064
8064
407912
15870
8064
221865
1795766
15870
8064
8064
407912
8064
214885
8064
16441
16441
8064
8064
16441
328740
15870
141310
214885
16441
8064
8064
460385
469354
8064
8064
407912
15870
8064
214885
8064
328740
8064
8064
214885
929008
264953
8064
8064
69011
8064
214885
214885
9921478
214885
16441
264953
8064
8064
16441
328740
16441
469354
214885
8064
548586
8064
8064
264953
8064
264953
221865
15870
214885
407912
214885
8064
328740
8064
8064
214885
16441
8064
8064
3809276
8064
8064
8064
8064
3428087
221865
8064
8064
214885
8064
460385
8064
69011
8064
16441
8064
1050971
8064
214885
214885
3428087
662422
214885
16441
8064
8064
7405988
8064
141310
8064
8064
407912
8064
555442
69011
16441
8064
8064
15870
460385
69011
264953
16441
264953
8064
16441
15870
8064
8064
8064
214885
264953
8064
214885
16441
8064
264953
8064
69011
598643
8064
8064
469354
8064
809682
214885
8064
8064
214885
1793475
8064
16441
8064
214885
328740
16441
69011
214885
8064
8064
464534
214885
214885
69011
15870
8064
8064
264953
13251
13251
464534
8064
16441
8064
264953
15870
1322491
214885
214885
8064
8064
469354
214885
8064
8064
16441
214885
69011
8064
16441
214885
8064
328740
8064
69011
8064
214885
264953
1651871
407912
8064
464534
141310
8064
8064
16441
214885
7347502
8064
8064
13251
8064
8064
13251
16441
15870
16441
2234071
555442
16441
8064
16441
214885
8064
8064
6381622
214885
407912
3421283
15870
8064
8064
15870
8064
334639
328740
8064
328740
8064
8064
8064
13251
8064
15870
8064
8064
8064
8064
8064
15870
8064
8064
8064
264953
8064
214885
555442
8064
15870
8064
16441
469354
18110242
69011
469354
8064
8064
8064
8064
674001
214885
214885
8064
8064
214885
8064
328740
8064
69011
460385
8064
555442
8064
8064
8064
8064
16441
8064
13251
8064
8064
8064
8064
8064
8064
8064
13251
8064
8064
16441
8064
334639
214885
214885
407912
8064
8064
214885
8064
8064
69011
8064
214885
8064
16441
214885
469354
328740
264953
8064
8064
8064
16441
15870
16441
2102981
2102981
8064
1793475
15870
8064
15870
214885
8064
8064
8064
8064
8064
15870
8064
4671279
8064
334639
8064
16441
8064
8064
214885
8064
21525416
8064
8064
8064
855181
214885
69011
214885
8064
8064
662422
8064
214885
8064
214885
989553
460385
15870
8064
1322491
9273296
214885
8064
809682
214885
8064
214885
214885
8064
16441
214885
264953
8064
214885
8064
15870
16441
6504224
407912
2102981
7347502
598643
8064
8064
8064
69011
214885
8064
8064
8064
15870
8064
8064
460385
8064
16441
214885
8064
16441
16441
809682
989553
8064
8064
8093247
8064
16441
15870
15870
4083097
214885
1270447
8064
8064
328740
548586
16441
214885
8064
328740
8064
214885
8064
8064
16441
8064
8064
1795766
8064
8064
16441
8064
8064
8064
8064
13251
8064
8064
16441
8064
8064
15870
8064
16441
16441
214885
8064
1793475
8064
214885
8064
8064
16441
214885
214885
214885
469354
8064
16441
8064
334639
407912
8064
264953
8064
328740
8064
214885
8064
15870
214885
8064
13251
214885
8064
214885
407912
8064
8064
214885
13251
214885
214885
855181
8064
214885
214885
8064
15870
8064
8064
8064
13251
16441
69011
8064
15870
674001
6778891
16441
8064
214885
8064
8064
16441
334639
8064
8064
8064
8064
8064
8064
8064
8064
264953
8064
1795766
809682
8064
8064
8064
8064
214885
11761126
69011
8064
8064
16441
407912
16441
8064
8064
214885
8064
8064
548586
214885
214885
8064
8064
674001
8064
13251
8064
214885
214885
328740
8064
8064
8064
16441
7495443
5201371
8064
8064
8064
13251
8064
8064
8064
8064
8064
214885
15870
8064
8064
13251
8064
8064
8064
8064
8064
264953
13251
8064
8064
214885
15870
8064
214885
8064
8064
16441
15870
469354
8064
8064
8064
8064
809682
407912
8064
15870
8064
8064
469354
214885
214885
214885
4080523
8064
460385
8064
8064
8064
69011
214885
328740
8064
15870
334639
8064
214885
8064
8064
8064
8064
8064
214885
13251
16441
16441
8064
13251
214885
8064
69011
69011
8064
8064
16441
334639
214885
8064
214885
2514635
16441
8064
4718598
221865
8064
168380058
8064
8064
8064
15870
15870
469354
214885
8064
214885
8064
809682
214885
264953
8064
8064
214885
221865
15870
15870
8064
16441
8064
8064
460385
214885
8064
16441
15870
328740
460385
8064
8064
8064
8064
15870
8064
8064
214885
8064
16441
16441
214885
8064
141310
16441
214885
264953
8064
8064
8064
214885
328740
555442
8064
8064
214885
8064
8064
8064
8064
8064
8064
214885
16441
16441
3421283
214885
8064
598643
8064
8064
328740
8064
8064
8064
662422
328740
15870
328740
8064
8064
8064
8064
328740
8064
8064
809682
8064
214885
13251
15870
464534
8064
8064
8064
8064
214885
264953
13251
214885
8064
214885
8064
8064
15870
8064
69011
8064
13251
264953
8064
8064
8064
1656774
8064
15870
407912
13251
15870
8064
8064
8064
8064
8064
8064
460385
16441
8064
16441
214885
8064
8064
8064
214885
8064
13251
16441
13239333
8064
469354
8064
214885
3809276
15870
8064
15870
16441
555442
8064
8064
214885
264953
8064
8064
214885
214885
8064
464534
8064
214885
8064
8064
214885
8064
214885
214885
69011
8064
16441
214885
8064
214885
8064
8064
8064
16441
8064
15870
598643
469354
221865
141310
8064
15870
407912
221865
214885
407912
8064
15870
8064
16441
1460482
8064
15870
214885
214885
8064
8064
16441
214885
16441
16441
8064
2562689
8064
8064
141310
264953
8064
15870
460385
555442
8064
16441
16441
460385
214885
13251
8064
8064
328740
8064
334639
1316761
8064
13251
264953
1793475
8064
8064
8064
23545548
8064
8064
8064
8064
8064
214885
69011
16441
8064
16441
8064
8064
15870
8064
407912
809682
8064
407912
8064
1793475
407912
8064
16441
8064
16441
8064
214885
1322491
8064
214885
214885
8064
407912
8064
1795766
15870
13251
15870
16441
264953
16441
8064
8064
16441
8064
8064
8064
555442
264953
8064
15870
460385
16441
16441
15870
16441
15870
214885
214885
214885
8064
8064
8064
8064
16441
8064
8064
264953
8064
8064
8064
13251
8064
16441
214885
8064
8064
548586
13251
82667772
16441
16441
214885
15870
8064
214885
8064
8064
8064
7028736
13251
214885
855181
8064
214885
407912
8064
13251
16441
1068221
15870
8064
8064
8064
460385
8064
8064
69011
15870
16441
8064
548586
214885
15870
16441
214885
8064
264953
8064
8064
8064
214885
407912
8064
328740
15870
8064
8064
8064
8064
214885
214885
8064
214885
8064
407912
8064
8064
214885
8064
69011
15870
214885
8064
13251
8064
4353119
8064
8064
16441
214885
407912
1656774
214885
8064
16441
8064
460385
15870
18110242
8064
8064
2242434
214885
598643
8064
8064
15870
8064
8064
8064
334639
809682
8064
214885
214885
13251
8064
674001
8064
214885
1793475
469354
214885
16441
214885
8064
214885
8064
8064
214885
8064
8064
15870
662422
8064
16441
328740
8064
264953
7347502
328740
8064
334639
15870
548586
8064
8064
15870
2102981
16441
8064
8064
15870
8064
214885
8064
15870
16441
8064
8064
16441
214885
214885
8064
214885
214885
8064
16441
8064
8064
8064
8064
214885
8064
334639
8064
8064
1656774
221865
464534
214885
13251
214885
26882981
8064
8064
8064
8064
16441
214885
1795766
8064
8064
264953
809682
8064
464534
8064
13251
69011
8064
214885
8064
8064
407912
469354
15870
3809276
328740
214885
214885
141310
264953
8064
214885
214885
407912
8064
8064
8064
460385
8064
3408477
662422
16441
221865
8064
15870
8064
8064
214885
16441
8064
16441
8064
334639
264953
16441
8064
8064
214885
214885
8064
214885
15870
674001
8064
8064
555442
15870
1270447
214885
214885
8064
16441
328740
8064
8064
328740
8064
8064
8064
407912
264953
214885
407912
8064
8064
16441
8064
460385
16441
214885
214885
18110242
8064
8064
16441
264953
8064
214885
989553
8064
8064
15870
214885
15870
8064
464534
460385
214885
8064
214885
13251
15870
8064
8064
264953
460385
25124982
460385
15870
15870
8064
460385
16441
8064
8064
8064
15870
407912
8064
8064
214885
8064
15870
16441
8064
16441
8064
214885
8064
214885
8064
8064
214885
8064
9324895
8064
8064
8064
8064
15870
15870
407912
8064
8064
8064
8064
8064
8064
16441
1322491
8064
13251
328740
8064
16441
407912
214885
8064
8064
8064
469354
8064
8064
8064
264953
214885
13251
5062047
8064
855181
214885
16441
214885
15870
8064
8064
460385
214885
8064
8064
214885
221865
8064
8064
8064
8064
16441
8064
16441
8064
8064
8064
8064
15870
8064
8064
8064
8064
214885
460385
8064
8064
214885
8064
8064
214885
407912
214885
8064
8064
662422
15870
1068221
460385
15870
460385
8064
214885
214885
598643
2514635
8064
15870
407912
16441
407912
8064
2514635
8064
8064
8064
407912
328740
214885
264953
8064
8064
69011
8064
929008
15870
214885
8064
214885
214885
15870
16441
214885
460385
407912
8064
3243428
8064
214885
8064
8064
8064
460385
855181
2182310
407912
214885
16441
19741483
14182798
13251
214885
407912
8064
8064
989553
8064
214885
8064
8064
8064
8064
8064
15870
69011
328740
8064
69011
8064
15870
13251
8064
16441
598643
15870
674001
8064
16441
8064
8064
8064
8064
69011
214885
3373401
214885
8064
334639
8064
328740
8064
328740
8064
23491864
8064
548586
8064
214885
8064
16441
16441
8064
69011
8064
469354
214885
8064
8064
8064
16441
334639
8064
8064
407912
16441
214885
214885
8064
8064
8064
8064
8064
8064
264953
8064
141310
69011
69011
407912
8064
15870
15870
8064
460385
8064
8064
264953
8064
8064
214885
8064
214885
221865
1316761
16441
214885
13251
8064
8064
460385
2113866
8064
4671279
214885
469354
214885
8064
8064
8064
214885
8064
13251
8064
8064
8064
69011
334639
469354
8064
214885
598643
8064
1793475
1454851
8064
15870
13251
8064
214885
214885
15870
16441
8064
141310
16441
8064
8064
8064
491878071
264953
334639
8064
16441
8064
8064
674001
8064
8064
8064
8064
7347502
8064
8064
8064
69011
328740
8064
469354
16441
407912
989553
8064
214885
16441
662422
8064
8064
2514635
8064
8064
1316761
214885
16441
8064
13251
662422
8064
214885
8064
264953
8064
8064
2102981
8064
15870
8064
13251
8064
214885
8064
8064
15870
598643
8064
464534
4671279
8064
15870
214885
264953
16441
15870
214885
555442
8064
13251
8064
214885
8064
8064
214885
15870
8064
15870
8064
8064
8064
214885
214885
8064
16441
460385
8064
15870
11477203
16441
8064
8064
15870
13251
8064
407912
15870
662422
221865
8064
214885
8064
8064
8064
8064
555442
8064
469354
8064
8064
8064
16441
3421283
8064
264953
328740
8064
15870
16441
15870
13251
555442
8064
15870
8064
214885
8064
13239333
15870
8064
328740
35149661
8064
214885
8064
214885
1322491
214885
8064
8064
214885
407912
16441
8064
214885
598643
8064
8064
8064
8064
8064
13251
8064
328740
8064
8064
328740
1270447
214885
8064
214885
809682
328740
16441
15870
16441
13251
7347502
8064
8064
8064
8064
69011
8064
13251
15870
8064
221865
214885
8064
460385
8064
8064
8064
8064
8064
264953
15870
8064
15870
8064
8064
15870
69011
8064
8064
214885
214885
8064
8064
8064
214885
214885
264953
8064
15870
8064
8064
989553
8064
8064
16441
16441
8064
8064
15870
214885
8064
662422
8064
214885
16441
8064
264953
8064
8064
8064
8064
328740
13251
8064
214885
13251
8064
8064
8064
264953
460385
8064
328740
460385
69011
8064
1793475
8064
214885
16395447
69011
8064
8064
8064
8064
8064
8064
809682
16441
214885
16441
8064
8064
214885
8064
8064
328740
8064
8064
8064
460385
460385
16441
407912
8064
469354
8064
8064
214885
8064
2102981
15870
264953
8064
8064
8064
8064
10186634
214885
264953
8064
214885
8064
8064
8064
8064
13251
8064
15870
13251
8064
8064
8064
662422
15870
8064
214885
214885
8064
8064
16441
8064
8064
15870
221865
407912
8064
8064
8064
8064
460385
8064
221865
69011
460385
16441
8064
214885
8064
8064
69011
2754684
214885
8064
8064
8064
8064
214885
8064
16441
8064
8064
8064
8064
8064
3421283
8064
214885
8064
214885
8064
13251
8064
1793475
221865
8064
214885
8064
8064
16441
8064
214885
214885
8064
8064
69011
214885
8064
598643
2562689
16441
264953
8064
8064
469354
8064
8064
8064
3809276
214885
15870
328740
8064
214885
264953
460385
15870
15870
15870
214885
460385
8064
1270447
8064
460385
8064
328740
598643
275189913
8064
460385
8064
8064
855181
8064
3809276
15870
214885
8064
13251
214885
407912
214885
16441
8064
8064
8064
8064
464534
15870
214885
214885
598643
8064
15870
8064
214885
8064
8064
8064
214885
8064
69011
8064
8064
16441
15870
15870
328740
8064
464534
214885
214885
328740
13251
264953
8064
469354
8064
8064
214885
8064
8064
214885
407912
15870
674001
8064
221865
3809276
214885
929008
8064
15870
8064
16441
8064
8064
334639
8064
214885
214885
21324027
328740
1793475
8064
214885
8064
264953
13251
8064
214885
16441
15870
662422
8064
141310
8064
8064
8064
264953
8064
8064
8064
8064
15870
8064
15870
8064
8064
8064
328740
8064
8064
8064
8064
214885
16441
460385
214885
221865
214885
15870
8064
69011
13251
8064
8064
8064
13251
8064
8064
8064
8064
8064
8064
8064
15870
8064
214885
8064
16441
8064
214885
214885
8064
69011
214885
15870
15870
8064
8064
8064
8064
15870
214885
214885
328740
13251
8064
8064
8064
8064
8064
264953
8064
8064
16441
8064
674001
214885
13251
8064
8064
221865
8064
16441
214885
3408477
69011
15870
8064
13251
2234071
464534
4083097
8064
264953
8064
8064
16441
460385
674001
8064
15870
8064
8064
69011
8064
8064
809682
214885
16441
214885
13251
8064
8064
214885
8064
69011
8064
214885
264953
8064
8064
407912
8064
214885
8064
9717046
8064
8064
8064
15870
8064
407912
214885
8064
989553
16441
141310
8064
13251
8064
8064
8064
8064
8064
13251
214885
8064
214885
16441
214885
8064
328740
15870
214885
69011
15870
8064
328740
8064
264953
15870
13251
8064
407912
8064
264953
214885
214885
8064
214885
221865
214885
334639
214885
809682
214885
15870
8064
8064
15870
214885
8064
8064
214885
15870
16441
8064
214885
264953
464534
469354
214885
8064
8064
8064
8064
8064
16441
8064
214885
8064
8064
8064
460385
141310
264953
1068221
460385
8064
8064
8064
8064
328740
8064
8064
598643
8064
555442
8064
264953
16441
221865
15870
8064
8064
8064
214885
16441
214885
13251
16441
8064
8064
214885
674001
15870
264953
214885
69011
8064
2102981
8064
8064
8064
8064
8064
214885
214885
214885
8064
16441
8064
8064
8064
8064
8064
8064
214885
8064
214885
469354
8064
8064
8064
407912
8064
88229380
555442
8064
214885
8064
8064
8064
8064
7211595
8064
8064
16441
8064
334639
15870
214885
555442
8064
8064
8064
69011
8064
8093247
8064
16441
16441
8064
8064
8064
1795766
8064
1795766
214885
8064
8064
460385
8064
8064
8064
8064
8064
8064
662422
334639
8064
328740
16441
8064
8064
214885
69011
69011
214885
460385
8064
214885
264953
15870
8064
328740
214885
8064
8064
8064
214885
16441
13251
328740
15870
8064
13251
214885
8064
1460482
46532772
8064
264953
8064
8064
8064
69011
8064
8064
8064
8064
8064
328740
8064
214885
8064
460385
8064
16441
214885
1793475
8064
8064
8064
8064
214885
8064
8064
15870
674001
264953
328740
264953
8064
8064
8064
15870
15870
214885
3020675
8064
8064
8064
8064
8064
69011
8064
214885
16441
214885
16441
8064
15870
407912
674001
8064
8064
8064
8064
8064
4671279
16441
214885
548586
214885
8064
8064
8064
2234071
8064
469354
328740
8064
15870
8064
15870
214885
8064
8064
328740
214885
214885
8064
214885
407912
16441
334639
8064
8064
13251
328740
8064
8064
8064
469354
8064
264953
8064
214885
214885
8064
548586
214885
8064
8064
13251
2102981
16441
8064
214885
13251
69011
8064
16441
334639
8064
8064
16441
264953
8064
8064
3421283
214885
69011
8064
69011
13251
214885
328740
8064
8064
214885
469354
8064
8064
15870
8064
13251
8064
15870
8064
16441
8064
8064
16441
214885
8064
15870
8064
8064
214885
8064
8064
8064
8064
16441
8064
15870
7211595
548586
8064
8064
8064
8064
8064
8064
1068221
8064
214885
1793475
16441
214885
548586
221865
214885
662422
19284596
16441
16441
8064
328740
15870
407912
8064
8064
221865
15870
214885
214885
8064
8064
1793475
8064
1842191
264953
8064
16441
8064
214885
8064
1270447
8064
8064
5264115
8064
334639
15870
16441
8064
8064
8064
469354
460385
214885
141310
214885
8064
214885
214885
8064
8064
328740
214885
214885
16441
214885
214885
264953
2102981
15870
8064
214885
469354
8064
8064
8064
16441
15870
214885
16441
8064
8064
598643
8064
8064
328740
8064
214885
8064
334639
8064
214885
8064
69011
8064
8064
662422
8064
8064
8064
8064
69011
214885
15870
8064
214885
8064
8064
8064
407912
8064
8064
8064
214885
8064
8064
8064
8064
8064
8064
464534
8064
8064
16441
214885
16441
8064
214885
8064
214885
8064
8064
8064
214885
8064
464534
69011
8064
69011
8064
214885
8064
674001
8064
8064
8064
8064
214885
8064
13251
8064
15870
214885
15870
8064
8064
8064
8064
8064
407912
469354
8064
929008
8064
13251
8064
1322491
15870
8064
214885
8064
334639
8064
8064
334639
15870
328740
8064
598643
8064
15870
214885
8064
8064
8064
8064
214885
214885
214885
69011
16441
214885
8064
8064
16441
8064
8064
328740
328740
1442353
214885
16441
8064
16441
8064
662422
662422
69011
8064
809682
13251
8064
69011
8064
2514635
214885
328740
8064
989553
8064
8064
8064
8064
8064
328740
35470210
8064
15870
39735631
8064
15870
407912
214885
8064
8064
8064
8064
8064
8064
8064
8064
16441
2514635
13251
69011
15870
8064
721228
8064
469354
16441
214885
8064
214885
8064
8064
214885
8064
8064
15870
662422
8064
264953
8064
8064
214885
264953
8064
8064
8064
8064
8064
8064
328740
15870
555442
674001
8064
674001
264953
662422
674001
8064
662422
214885
8064
8064
8064
8064
407912
8064
8064
8064
328740
8064
8064
662422
11091874
334639
214885
8064
8064
214885
214885
8064
8064
8064
8064
13251
8064
8064
469354
8064
8064
328740
8064
69011
8064
16441
8064
13251
8064
8064
8064
8064
16441
214885
8064
214885
8064
3421283
2102981
8064
11679194
8064
214885
15870
214885
8064
16441
15870
15870
264953
8064
8064
8064
15870
8064
8064
598643
407912
16441
16441
407912
214885
8064
328740
1793475
8064
8064
221865
15870
8064
15870
8064
8064
13251
264953
8064
8064
8064
407912
8064
214885
1793475
8064
15870
674001
214885
8064
8064
8064
8064
8064
2102981
214885
214885
8064
13251
334639
16441
264953
13251
16441
8064
8064
264953
8064
214885
8064
8064
8064
8064
214885
5374036
1068221
8064
16441
548586
8064
8064
13251
16441
662422
8064
214885
8064
214885
16441
8064
8064
6176914
69011
8064
16441
407912
8064
8718058
15870
8064
13251
407912
598643
1322491
15870
15870
69011
8064
8064
8064
8064
8064
3809276
407912
1792161
15870
334639
16441
16441
15870
460385
4481850
15870
674001
8064
8064
8064
8064
214885
214885
15870
13251
16441
334639
8064
16441
8064
8064
16441
8064
8064
16441
8064
407912
214885
8064
8064
8064
8064
1316761
1792161
328740
8064
214885
469354
15870
69011
264953
1792161
8064
15870
16441
8064
16441
8064
1322491
15870
8064
8064
5792007
662422
8064
8064
8064
8064
16441
8064
8064
69011
8064
8064
8064
13251
214885
16441
598643
15870
1322491
674001
214885
16441
8064
674001
15870
214885
8064
8064
8064
214885
5201371
464534
16441
16441
8064
8064
264953
15870
8064
1322491
1270447
8064
214885
15870
2240203
264953
16441
407912
8064
264953
328740
8064
8064
214885
264953
15870
221865
8064
214885
8064
16441
8064
8064
8064
8064
264953
13239333
8064
598643
555442
8064
13251
2514635
8064
8064
15870
214885
8064
8064
214885
8064
460385
407912
214885
69011
264953
8064
13251
8064
460385
214885
69011
264953
8064
8064
8064
16441
8064
8064
469354
8064
8064
214885
15870
8064
1068221
662422
16441
8064
8064
328740
15870
8064
214885
214885
16441
15870
8064
214885
8064
264953
8064
8064
214885
8064
16441
8064
8064
16441
15870
214885
214885
3809276
8064
8064
8064
8064
8064
1322491
328740
8064
15870
1442353
8064
8064
8064
69011
8064
8064
662422
8064
8064
555442
13251
214885
264953
8064
8064
9717046
214885
8064
264953
8064
8064
334639
8064
8064
13251
16441
8064
8064
16441
214885
8064
8064
214885
460385
8064
8064
13251
334639
555442
328740
214885
8064
8064
8064
13251
555442
469354
8064
16441
8064
214885
8064
13251
8064
8064
8064
8064
214885
214885
214885
214885
5201371
15870
8064
13251
8064
1651871
407912
674001
214885
1460482
8064
8064
214885
8064
8064
15870
8064
328740
8064
8064
929008
8064
214885
69011
214885
8064
929008
8064
15870
8064
15870
464534
555442
929008
8064
8064
8064
15870
8064
16441
15870
15870
8064
8064
8064
214885
214885
8064
214885
8064
8064
16592133
16441
15870
4080523
16441
8064
8064
69011
16441
460385
8064
8064
264953
8064
8064
1316761
13251
8064
460385
214885
69011
264953
16441
8064
5321578
1795766
8064
2234071
16441
214885
214885
328740
8064
69011
214885
8064
214885
8064
328740
407912
264953
8064
464534
4671279
8064
214885
8064
8064
264953
8064
8064
13251
5264115
8064
328740
8064
16441
8064
214885
8064
8064
8064
8064
8064
8064
15870
8064
8064
214885
16441
8064
555442
214885
8064
8064
214885
469354
548586
8064
1322491
1270447
8064
8064
16441
8064
15870
8064
16441
8064
15870
16441
214885
8064
8064
8064
8064
8064
469354
16441
3809276
15870
8064
8064
8064
8064
8064
8064
460385
2514635
809682
8064
8064
460385
16441
1322491
8064
214885
8064
264953
334639
8064
460385
5579859
334639
407912
8064
8064
264953
214885
69011
16441
264953
8064
16441
674001
460385
662422
8064
407912
214885
8064
8064
15870
214885
8064
8064
8064
8064
13251
8064
5062047
407912
8064
8064
1793475
407912
407912
8064
16441
2102981
8064
15870
8064
214885
214885
214885
13251
8064
8064
8064
8064
407912
214885
334639
13251
8064
8064
16441
674001
8064
8064
15870
15870
8064
214885
8064
8064
8064
8064
264953
8064
8064
8064
16441
214885
8064
8064
15870
15870
15870
264953
407912
8064
328740
16441
8064
8064
8064
8064
214885
141310
214885
8064
407912
469354
16441
16441
8064
8064
8064
8064
13251
264953
214885
214885
8064
8064
8064
8064
214885
8064
141310
15870
214885
16441
407912
8064
15870
221865
214885
662422
8064
8064
214885
8064
464534
460385
13251
15870
8064
8064
8064
8064
8064
8064
214885
8064
8064
1322491
16441
8064
929008
8064
214885
8064
460385
69011
15870
13251
674001
214885
16441
214885
8064
8064
13251
469354
8064
214885
264953
407912
8064
214885
29247588
598643
8064
141310
16441
8064
460385
598643
8064
8064
8064
8064
809682
407912
16441
8064
16441
8064
214885
7877453
8064
214885
855181
214885
460385
8064
8064
214885
8064
16441
1793475
214885
214885
214885
8064
214885
8064
8064
8064
69011
264953
141310
328740
8064
214885
8064
8064
15870
8064
8064
8064
2514635
214885
469354
13251
214885
8064
13251
8064
334639
8064
16441
8064
69011
16441
214885
8064
8064
214885
214885
8064
328740
407912
334639
214885
8064
214885
8064
8416236
214885
8064
1795766
8064
8064
8064
8064
469354
214885
460385
8064
8064
8064
8064
13251
8064
16441
8064
8064
8064
13251
8064
214885
264953
8064
7347502
469354
8064
8064
3421283
8064
15870
8064
13251
16441
8064
69011
14181042
8064
8064
8064
8064
334639
7347502
407912
460385
214885
1322491
8064
8064
8064
8064
214885
8064
69011
214885
8064
8064
8064
141310
8064
69011
460385
548586
3421283
855181
69011
8064
214885
8064
264953
8064
8064
8064
214885
13251
8064
8064
15870
15870
15870
214885
8064
69011
13251
8064
8064
8064
8064
16441
16441
8064
662422
8064
15870
8064
8064
8064
8064
16441
16441
8064
214885
8064
8064
8064
8064
8064
8064
214885
8064
15870
407912
2102981
141310
8064
460385
8064
8064
16441
8064
809682
8064
8064
13251
15870
214885
1651871
8064
8064
8064
8064
2846943
8064
407912
8064
214885
1793475
8064
8064
8064
16441
214885
662422
460385
156064193
8064
214885
8064
214885
8064
8064
11679194
8064
13251
16441
8064
214885
8064
8064
8064
8064
8064
214885
69011
460385
8064
15870
15870
460385
328740
15870
69011
15870
214885
13251
1793475
214885
8064
8064
8064
214885
460385
8064
15870
8064
464534
214885
8064
15870
8064
1923483
8064
328740
15870
8064
16441
8064
214885
121453168
8064
8064
214885
407912
929008
13251
8064
16441
8064
214885
13251
460385
3809276
8064
334639
8064
8064
460385
16441
13251
1793475
328740
8064
8064
15870
8064
8064
8064
15870
15870
214885
809682
2242434
214885
334639
8064
8064
328740
8064
8064
8064
407912
328740
214885
15870
15870
460385
15870
13251
8064
8064
8064
469354
214885
214885
1273752
15870
334639
334639
214885
69011
8064
8064
1793475
8064
407912
8064
16441
8064
8064
141310
8064
69011
15870
407912
214885
214885
8064
3809276
214885
555442
69011
8064
460385
15870
8064
8064
15870
214885
8064
8064
8064
8064
15870
8064
8064
8064
460385
1923483
264953
460385
16441
8064
8064
8064
8064
674001
264953
15870
214885
8064
214885
214885
214885
674001
214885
328740
25124982
8064
407912
8064
15870
15870
214885
8064
8064
15870
15870
8064
69011
15870
8064
8064
8064
8064
214885
8064
8064
460385
1793475
16441
460385
16441
264953
13251
8064
8064
328740
328740
555442
8064
214885
8064
8064
8064
214885
214885
13251
15870
328740
328740
13251
264953
407912
8064
8064
15870
16441
469354
8064
214885
15870
8064
334639
69011
1792161
8064
328740
1656774
460385
264953
7495443
460385
264953
13251
8064
8064
407912
16441
8064
8064
8064
8064
8064
16441
214885
328740
8064
1322491
334639
8064
8064
8064
214885
16441
8064
8064
8064
8064
1322491
334639
8064
214885
469354
8064
16441
8064
8064
8064
469354
8064
469354
15870
8064
22511490
8064
469354
328740
15870
8064
214885
4481850
8064
8064
8064
8064
8064
15870
8064
15870
16441
8064
8064
8064
8064
555442
8064
8064
8064
16441
8064
13251
328740
214885
460385
616077
328740
8064
214885
8064
8064
328740
8064
8064
8064
8064
8064
8064
13251
69011
214885
8064
8064
8064
8064
214885
8064
407912
8064
15870
328740
16441
8064
8064
16441
221865
8064
12081064
16441
8064
214885
8064
1792161
8064
8064
214885
8064
264953
8064
214885
8064
1793475
8064
214885
214885
214885
469354
8064
214885
214885
8064
1384958
13251
8064
8064
8064
8064
1793475
8064
1322491
8064
1316761
8064
214885
15870
328740
13251
214885
8064
8064
8064
8064
8064
809682
8064
8064
214885
8064
8064
214885
8064
13251
8064
214885
8064
13251
8064
221865
8064
8064
460385
8064
8064
8064
8064
598643
8064
809682
16441
16441
15870
8064
460385
16441
8064
8064
8064
15870
8064
8064
16441
809682
334639
1651871
16441
8064
16441
8064
214885
328740
8064
598643
4080523
334639
8064
1795766
334639
15870
8064
469354
460385
8064
15870
214885
15870
674001
8064
15870
8064
16441
141310
8064
8064
16441
8064
8064
8064
264953
8064
8064
8064
8064
8064
1322491
264953
8064
214885
13251
15870
8064
221865
16441
13251
8064
13251
214885
8064
214885
214885
8064
16441
2102981
15870
8064
8064
8064
15870
214885
8064
8064
1792161
8064
16441
1793475
214885
16441
328740
16441
8064
8064
662422
555442
8064
8064
214885
214885
8064
989553
1792161
989553
8064
469354
8064
407912
8064
13251
8064
264953
214885
214885
8064
8064
469354
8064
8064
8064
69011
8064
264953
8064
555442
214885
8064
662422
16441
13251
15870
214885
16441
16441
328740
8064
8064
214885
8064
8064
214885
13251
15870
8064
214885
264953
8064
214885
214885
8064
8064
214885
674001
8064
328740
214885
16441
8064
460385
407912
8064
16441
8064
8064
214885
214885
13251
8064
8064
8064
221865
8064
8064
8064
464534
15870
15870
15870
8064
214885
16441
214885
8064
214885
8064
598643
8064
13251
8064
13251
8064
8064
2102981
15870
328740
13251
214885
8064
264953
8064
8064
8064
16441
214885
214885
8064
16441
334639
8064
15870
264953
16441
69011
328740
1384958
8064
8064
214885
264953
3809276
15870
407912
214885
15870
16441
8064
8064
15870
470776
8064
662422
8064
8064
8064
16441
8064
8064
214885
214885
214885
8064
16441
8064
8064
8064
8064
8064
1651871
214885
15870
69011
16441
8064
8064
8064
8064
221865
407912
8064
8064
8064
8064
8064
8064
8064
8064
13251
598643
8064
8064
8064
15870
8064
8064
16441
469354
407912
8064
8064
328740
8064
15870
214885
328740
8064
8064
13251
469354
214885
328740
598643
13251
8064
214885
15870
8064
13251
13251
8064
5522251
407912
264953
16441
8064
460385
8064
598643
214885
8064
2562689
16441
989553
264953
8064
8064
8064
929008
8064
8064
8064
214885
16441
8064
15870
8064
13251
214885
8064
3809276
8064
460385
662422
8064
8064
13251
407912
214885
8064
8064
214885
30424317
8064
8064
8064
16441
8064
8064
8064
460385
8064
264953
8064
598643
214885
8064
8064
8064
8064
8064
929008
809682
16441
16441
16441
8064
214885
264953
8064
8064
8064
214885
8064
8064
13251
8064
85409604
13251
8064
8064
13251
8064
8064
8064
15870
328740
8064
8064
8064
214885
