150219
204380
204380
204380
150219
2299438
150219
345241
150219
150219
150219
204380
150219
204380
150219
150219
204380
150219
150219
345241
150219
150219
150219
150219
150219
204380
1729423
2368322
150219
4028421
150219
150618191
150219
4028421
150219
150219
150219
150219
8213546
345241
204380
16384724
150219
150219
204380
150219
10489988
150219
204380
204380
150219
56568204
150219
150219
3347836
204380
204380
204380
150219
2299438
150219
204380
150219
488201
150219
150219
150219
345241
150219
150219
150219
204380
4028421
488201
150219
2299438
6650239
3347836
150219
345241
150219
204380
204380
150219
150219
150219
150219
150219
204380
150219
150219
1922223
150219
150219
3347836
150219
1922223
150219
150219
204380
2299438
5463809
150219
204380
204380
150219
150219
345241
204380
150219
150219
6623795
204380
150219
204380
204380
345241
150219
150219
150219
150219
150219
11813690
204380
150219
150219
150219
150219
150219
150219
7626455
204380
8213546
35938814
488201
150219
204380
150219
204380
1729423
204380
13181194
2299438
2299438
150219
150219
150219
150219
2299438
150219
150219
150219
1922223
2299438
345241
150219
2299438
150219
150219
1922223
204380
150219
150219
4028421
150219
345241
2299438
204380
150219
150219
150219
204380
204380
345241
150219
204380
204380
150219
488201
3813460
345241
42804267
150219
150219
150219
345241
150219
24541382
3347836
204380
345241
4028421
150219
2368322
204380
3813460
150219
150219
204380
204380
1922223
2299438
4864323
272302598
204380
150219
204380
150219
150219
4028421
8213546
150219
204380
150219
150219
204380
150219
150219
204380
150219
345241
345241
9900143
150219
150219
204380
150219
204380
2299438
204380
1922223
204380
2299438
150219
150219
150219
150219
204380
1922223
1922223
150219
150219
1922223
204380
345241
150219
345241
150219
150219
150219
1922223
150219
204380
150219
150219
345241
150219
150219
345241
204380
150219
213719101
6623795
150219
2299438
204380
2299438
150219
150219
204380
204380
150219
150219
18561359
150219
5189886
345241
1922223
17198160
1922223
13438491
150219
150219
150219
204380
204380
204380
204380
204380
204380
204380
1729423
150219
150219
150219
150219
150219
150219
150219
150219
2299438
2299438
204380
204380
150219
150219
150219
150219
150219
3347836
150219
1922223
204380
6300178
9766671
150219
345241
150219
204380
150219
150219
204380
6623795
150219
150219
2299438
2299438
204380
204380
345241
345241
1922223
204380
1922223
150219
488201
204380
204380
2299438
150219
204380
150219
6623795
150219
150219
2299438
1922223
2368322
204380
3813460
16384724
150219
150219
150219
3347836
204380
40659247
204380
150219
150219
16384724
204380
150219
150219
150219
345241
2299438
150219
150219
150219
150219
150219
150219
2299438
150219
204380
204380
204380
12012994
150219
5463809
150219
1922223
16384724
204380
1922223
204380
6623795
150219
150219
150219
150219
345241
150219
150219
150219
204380
150219
150219
51672197
150219
150219
150219
2299438
204380
13181194
488201
150219
150219
204380
150219
4028421
488201
1922223
10245013
3474388
27017220
1922223
204380
204380
150219
150219
150219
150219
150219
150219
150219
150219
2368322
150219
204380
204380
204380
28858126
1922223
204380
150219
150219
150219
9766671
488201
345241
150219
150219
204380
150219
13438491
345241
12733662
6300178
118763328
150219
150219
204380
5189886
150219
204380
204380
150219
3347836
150219
204380
150219
150219
150219
345241
150219
150219
150219
150219
150219
21053962
3347836
8939512
150219
345241
150219
150219
204380
488201
1922223
150219
150219
204380
150219
150219
204380
204380
204380
2299438
204380
150219
150219
150219
345241
150219
345241
204380
150219
150219
204380
204380
150219
150219
1922223
42805745
4028421
204380
150219
8213546
150219
204380
150219
150219
3347836
150219
7626455
150219
2299438
150219
150219
150219
1729423
150219
4028421
150219
150219
150219
808125043
150219
345241
150219
150219
1729423
150219
150219
204380
3885017
48771637
150219
150219
4028421
150219
150219
1729423
150219
150219
150219
345241
150219
1729423
150219
150219
3347836
148143590
150219
5189886
345241
2299438
150219
150219
150219
150219
1729423
150219
150219
150219
150219
1729423
6300178
1729423
345241
150219
150219
5189886
204380
1729423
150219
150219
204380
150219
150219
1922223
2299438
150219
150219
204380
345241
150219
150219
345241
150219
150219
16384724
150219
204380
150219
150219
204380
150219
204380
150219
150219
150219
150219
150219
150219
204380
150219
150219
150219
204380
150219
150219
4798399
1922223
3347836
2299438
5189886
1729423
204380
8213546
1922223
150219
150219
150219
488201
150219
204380
150219
150219
150219
150219
4028421
1922223
150219
150219
150219
488201
150219
150219
150219
150219
150219
150219
150219
204380
150219
345241
150219
488201
9896193
150219
345241
345241
204380
150219
150219
345241
204380
204380
204380
16384724
2299438
3347836
150219
204380
2299438
345241
150219
6650239
1922223
488201
2368322
1729423
150219
150219
204380
150219
6099209
150219
204380
150219
204380
150219
150219
150219
2960895
150219
266359963
150219
204380
150219
150219
345241
1922223
150219
345241
2299438
204380
1922223
150219
150219
150219
1922223
345241
1729423
150219
5189886
204380
150219
150219
4028421
204380
150219
150219
3813460
150219
1729423
345241
150219
345241
150219
204380
150219
150219
150219
150219
4864323
204380
204380
204380
204380
204380
150219
204380
204380
150219
488201
2368322
150219
150219
4864323
204380
150219
345241
150219
150219
150219
204380
5189886
150219
1922223
204380
150219
3813460
150219
150219
4798399
150219
1729423
6832041
150219
6300178
6099209
150219
8939512
345241
204380
150219
1922223
345241
204380
150219
7626455
150219
2299438
9896193
150219
150219
150219
204380
204380
345241
30543280
150219
150219
150219
204380
150219
345241
204380
1922223
204380
4864323
204380
150219
150219
204380
345241
150219
17320780
204380
150219
345241
7626455
150219
150219
25514767
345241
150219
2299438
3347836
150219
150219
1922223
1922223
204380
204380
2299438
17320780
4028421
150219
345241
1729423
150219
150219
345241
345241
150219
204380
150219
150219
150219
13438491
3813460
204380
204380
4028421
345241
28858126
204380
345241
150219
204380
150219
345241
2299438
150219
1922223
150219
150219
2299438
204380
150219
1922223
150219
150219
150219
25514767
150219
204380
345241
204380
150219
150219
150219
2299438
150219
204380
488201
2299438
150219
204380
150219
150219
150219
2299438
13438491
150219
150219
4864323
150219
150219
2299438
204380
488201
150219
2960895
204380
204380
150219
204380
5189886
150219
3347836
2299438
150219
1922223
204380
345241
150219
150219
204380
150219
150219
4864323
204380
204380
5189886
150219
150219
150219
150219
150219
150219
150219
150219
204380
204380
2299438
204380
74350242
1729423
204380
150219
150219
150219
150219
150219
150219
204380
150219
150219
204380
345241
150219
204380
204380
13259222
1922223
150219
150219
93919734
150219
17506879
488201
4028421
150219
150219
150219
345241
345241
150219
19359911
150219
204380
150219
204380
204380
150219
150219
150219
150219
204380
204380
150219
204380
204380
150219
150219
3347836
204380
345241
150219
28471522
204380
3474388
4864323
204380
150219
1922223
2299438
2368322
204380
345241
345241
345241
150219
204380
150219
3347836
150219
150219
3347836
150219
204380
204380
150219
10245013
150219
204380
3813460
204380
204380
204380
150219
150219
204380
204380
204380
2299438
2299438
204380
3347836
204380
150219
204380
150219
150219
28858126
204380
204380
204380
204380
150219
204380
150219
2299438
150219
150219
204380
150219
150219
150219
150219
204380
204380
150219
150219
204380
345241
204380
150219
8213546
204380
7626455
150219
150219
6623795
6300178
345241
204380
150219
150219
150219
150219
10245013
9896193
150219
150219
2299438
150219
150219
8213546
150219
150219
150219
2299438
2299438
4028421
1922223
345241
150219
2299438
150219
14307346
150219
7626455
204380
204380
150219
150219
150219
150219
150219
204380
150219
204380
9395603
204380
150219
204380
3347836
2368322
150219
150219
150219
2299438
204380
150219
150219
150219
150219
345241
204380
150219
1922223
4864323
204380
1729423
150219
150219
4028421
2299438
1922223
150219
4028421
204380
204380
204380
5189886
4028421
3347836
150219
150219
345241
204380
93919734
8213546
204380
150219
150219
150219
150219
204380
150219
150219
1922223
150219
204380
204380
204380
150219
150219
345241
2299438
6650239
150219
150219
150219
150219
12981277
150219
150219
150219
150219
150219
345241
2368322
204380
150219
345241
204380
150219
150219
150219
1729423
345241
17320780
150219
150219
1710587
488201
150219
150219
2299438
150219
204380
150219
150219
150219
150219
204380
1729423
3885017
4028421
150219
1922223
345241
2299438
150219
150219
3347836
150219
150219
2299438
2299438
150219
204380
204380
204380
150219
1922223
150219
204380
150219
204380
204380
150219
204380
204380
150219
7886967
150219
204380
150219
150219
150219
150219
150219
150219
1922223
204380
7626455
2299438
150219
150219
345241
1729423
4028421
150219
150219
345241
204380
150219
345241
1922223
150219
2299438
345241
204380
1922223
4028421
150219
150219
150219
2299438
1922223
150219
2299438
150219
150219
2368322
150219
1729423
150219
204380
10245013
2299438
150219
204380
204380
150219
150219
150219
150219
1922223
1729423
3347836
150219
204380
150219
1729423
150219
345241
204380
4864323
345241
150219
345241
150219
150219
1922223
2299438
204380
2299438
150219
150219
204380
7626455
150219
204380
204380
150219
118100544
204380
150219
150219
1729423
16384724
2299438
1922223
204380
1922223
204380
204380
150219
3347836
150219
204380
9766671
150219
12012994
5189886
204380
150219
150219
150219
1729423
9766671
150219
150219
150219
150219
150219
2299438
204380
150219
204380
6650239
1922223
150219
150219
23812906
2299438
150219
345241
3474388
150219
150219
150219
2299438
150219
150219
204380
345241
204380
150219
150219
345241
204380
150219
150219
6300178
204380
150219
2299438
150219
150219
150219
150219
150219
204380
345241
1922223
150219
150219
345241
5189886
5189886
204380
150219
150219
150219
204380
204380
150219
150219
150219
345241
150219
150219
204380
345241
204380
3813460
345241
345241
204380
150219
2299438
150219
150219
150219
150219
12012994
150219
4028421
204380
150219
150219
204380
150219
204380
150219
150219
2299438
333580781
150219
1922223
150219
345241
204380
150219
204380
10245013
150219
150219
204380
150219
204380
33111896
150219
1729423
4028421
4028421
150219
8213546
204380
204380
10245013
8213546
150219
204380
7626455
4028421
8213546
1922223
5189886
204380
150219
204380
150219
204380
150219
204380
150219
4028421
150219
150219
345241
2299438
150219
150219
150219
150219
4028421
204380
1922223
345241
1729423
150219
150219
3813460
150219
150219
150219
150219
150219
3885017
345241
150219
150219
150219
1922223
204380
150219
204380
12981277
150219
150219
204380
150219
204380
150219
150219
150219
204380
345241
204380
204380
2299438
2299438
150219
204380
6300178
204380
5189886
2368322
204380
204380
150219
150219
150219
2299438
150219
204380
150219
345241
345241
345241
345241
204380
488201
345241
150219
150219
150219
4028421
150219
345241
150219
150219
204380
150219
150219
345241
345241
345241
488201
150219
204380
150219
3347836
6099209
150219
1729423
150219
150219
150219
1729423
1922223
150219
150219
3347836
150219
150219
150219
2299438
204380
3347836
150219
204380
150219
150219
150219
488201
204380
150219
204380
204380
2299438
150219
204380
204380
160041970
150219
150219
204380
150219
150219
150219
1729423
204380
204380
345241
345241
150219
150219
345241
150219
1922223
150219
150219
204380
345241
204380
150219
204380
150219
150219
150219
150219
204380
150219
150219
150219
2299438
204380
150219
150219
150219
2299438
1922223
150219
150219
150219
150219
488201
150219
204380
150219
150219
150219
204380
150219
3347836
13048157
150219
393957263
150219
150219
3347836
150219
3347836
1922223
42804267
150219
2299438
204380
12255647
150219
150219
150219
150219
2368322
2368322
150219
150219
150219
150219
204380
4028421
345241
4028421
2299438
150219
1729423
2299438
150219
204380
150219
150219
3347836
345241
150219
4864323
204380
150219
1922223
333580781
150219
150219
150219
2368322
204380
204380
204380
150219
150219
1922223
2299438
204380
204380
204380
4864323
150219
345241
3347836
204380
4028421
204380
150219
150219
345241
150219
150219
150219
150219
150219
150219
150219
1729423
150219
150219
150219
4798399
150219
204380
1922223
3347836
150219
150219
7626455
150219
4028421
1922223
204380
150219
204380
1922223
150219
150219
345241
3813460
204380
204380
1729423
150219
150219
345241
204380
1922223
150219
150219
150219
10245013
150219
4028421
2368322
150219
150219
150219
150219
150219
150219
150219
5189886
150219
204380
150219
150219
2299438
150219
345241
150219
150219
2368322
150219
150219
204380
150219
345241
150219
150219
204380
150219
150219
150219
5189886
345241
345241
150219
150219
1729423
2299438
345241
3347836
4864323
5189886
150219
204380
13438491
204380
150219
60687267
2299438
150219
150219
150219
345241
150219
150219
150219
345241
150219
150219
150219
150219
204380
204380
204380
150219
150219
204380
150219
3292748
150219
204380
150219
2299438
204380
10245013
9896193
150219
204380
150219
204380
150219
7886967
150219
150219
150219
150219
1922223
150219
1922223
1729423
204380
150219
150219
204380
150219
150219
3347836
150219
1922223
150219
150219
150219
204380
150219
2299438
150219
4028421
4028421
150219
150219
150219
150219
150219
1922223
204380
150219
10245013
1729423
2299438
2368322
150219
150219
3347836
204380
150219
204380
2299438
345241
150219
3347836
150219
150219
16275557
345241
12255647
1922223
1729423
3347836
2299438
1729423
488201
150219
5189886
150219
150219
4864323
1922223
204380
2299438
1922223
204380
150219
1922223
345241
150219
150219
27017220
204380
150219
204380
150219
4028421
345241
150219
1922223
204380
150219
2368322
7626455
150219
150219
150219
150219
345241
150219
150219
150219
204380
150219
204380
150219
1922223
121777560
125464528
150219
2299438
1922223
150219
16384724
150219
204380
1922223
345241
150219
150219
150219
204380
4028421
2299438
6623795
204380
1922223
150219
150219
150219
3347836
150219
150219
21651105
150219
150219
150219
1922223
204380
6300178
3347836
150219
2299438
23886967
204380
150219
150219
4864323
6623795
150219
150219
204380
204380
1729423
204380
2299438
150219
204380
204380
150219
150219
150219
150219
150219
7626455
2960895
150219
2299438
345241
150219
150219
150219
204380
150219
150219
1922223
204380
18561359
204380
9312151
150219
12255647
2299438
25514767
204380
204380
150219
150219
150219
150219
2299438
150219
150219
1922223
150219
12012994
150219
5189886
150219
19359911
150219
204380
1729423
150219
204380
204380
150219
150219
5463809
204380
150219
2299438
1922223
204380
150219
204380
150219
150219
150219
150219
6300178
6300178
150219
150219
1922223
5189886
150219
150219
204380
150219
150219
150219
150219
204380
1729423
150219
345241
150219
150219
150219
150219
150219
5189886
150219
204380
150219
5189886
17198160
150219
150219
150219
150219
150219
150219
16384724
150219
150219
35938814
150219
150219
204380
150219
150219
150219
1922223
150219
150219
150219
1922223
150219
2368322
345241
204380
150219
204380
150219
150219
150219
150219
150219
150219
2299438
204380
4028421
2299438
2299438
150219
150219
204380
150219
2299438
204380
150219
150219
150219
7626455
345241
150219
6623795
345241
150219
345241
1922223
488201
345241
488201
150219
150219
204380
488201
150219
150219
345241
204380
12981277
150219
2299438
204380
4864323
204380
150219
150219
150219
488201
204380
150219
150219
150219
204380
150219
345241
204380
150219
204380
28123632
44774203
204380
204380
150219
150219
150219
150219
30543280
204380
345241
345241
150219
204380
150219
204380
150219
204380
150219
150219
150219
3813460
150219
2299438
5189886
2299438
2299438
16384724
204380
3347836
150219
32722023
204380
6650239
204380
488201
204380
150219
150219
150219
150219
150219
204380
150219
13048157
440626031
150219
204380
150219
150219
204380
1729423
150219
204380
204380
150219
150219
150219
204380
204380
150219
150219
150219
204380
6300178
204380
204380
150219
204380
150219
1922223
204380
150219
2299438
204380
204380
1729423
204380
150219
204380
150219
345241
150219
204380
150219
150219
150219
150219
150219
2299438
204380
25590704
345241
150219
12012994
44774203
345241
204380
488201
150219
345241
2368322
150219
1729423
150219
150219
150219
150219
17320780
345241
345241
150219
345241
150219
150219
150219
150219
150219
204380
150219
150219
4798399
150219
150219
204380
150219
150219
2299438
2368322
6623795
204380
150219
204380
3813460
204380
204380
150219
150219
345241
150219
150219
150219
150219
16384724
150219
150219
150219
6832041
150219
150219
150219
204380
150219
3347836
150219
10245013
345241
2299438
150219
204380
5189886
204380
35938814
2299438
150219
1922223
204380
119426702
150219
12255647
204380
345241
2299438
150219
4864323
7626455
204380
150219
150219
150219
488201
150219
150219
204380
150219
13438491
150219
150219
150219
204380
150219
150219
14765544
145039462
150219
150219
8849868
4864323
2299438
150219
150219
150219
150219
8213546
150219
2368322
19359911
345241
4028421
6623795
150219
18561359
204380
204380
150219
150219
150219
150219
1729423
488201
204380
150219
150219
150219
3813460
150219
150219
150219
150219
150219
150219
19359911
150219
2299438
150219
150219
2299438
150219
204380
150219
150219
150219
204380
204380
150219
150219
2299438
204380
150219
150219
5463809
6300178
3813460
150219
204380
150219
44385174
150219
150219
345241
150219
150219
345241
150219
204380
204380
17320780
150219
150219
1922223
345241
7626455
150219
204380
150219
204380
2299438
150219
488201
45959994
150219
8213546
2299438
1922223
204380
204380
150219
204380
345241
150219
150219
2299438
488201
42804267
1922223
150219
150219
2299438
150219
2299438
2368322
150219
150219
10245013
1729423
150219
204380
150219
150219
150219
204380
150219
150219
150219
345241
150219
345241
150219
150219
345241
150219
150219
24541382
204380
150219
150219
7626455
108212271
17320780
150219
150219
204380
204380
204380
150219
204380
150219
204380
64492375
150219
2299438
1729423
4028421
2299438
150219
3347836
150219
150219
150219
204380
150219
150219
150219
150219
150219
204380
3813460
4028421
204380
150219
3813460
150219
150219
204380
150219
150219
150219
1922223
150219
1922223
8978992
204380
1922223
150219
150219
13259222
150219
1729423
150219
6623795
345241
150219
2299438
150219
150219
150219
204380
150219
150219
150219
150219
204380
204380
150219
150219
28322997
150219
150219
150219
204380
488201
150219
1922223
204380
1729423
204380
150219
1922223
150219
150219
150219
150219
150219
150219
345241
2299438
150219
12255647
150219
8664345
9896193
150219
2299438
345241
204380
150219
5189886
224472650
10245013
1922223
150219
150219
204380
150219
1922223
204380
12012994
1922223
150219
204380
345241
150219
204380
204380
2299438
150219
150219
204380
204380
204380
150219
204380
3813460
150219
150219
150219
17320780
150219
204380
150219
1922223
150219
150219
150219
204380
8849868
43604505
204380
204380
204380
345241
204380
150219
204380
204380
345241
345241
345241
204380
7626455
204380
150219
150219
150219
2299438
150219
3347836
488201
150219
1922223
150219
204380
150219
3347836
41899602
150219
6832041
4028421
204380
150219
5463809
4864323
150219
150219
150219
204380
150219
150219
2368322
150219
150219
345241
150219
204380
5189886
6623795
9900143
150219
2299438
204380
150219
150219
150219
28858126
54548852
150219
2299438
150219
204380
3474388
204380
204380
150219
150219
2299438
150219
150219
204380
1922223
204380
345241
6300178
204380
150219
150219
150219
4028421
488201
345241
345241
1922223
2299438
345241
150219
1922223
204380
150219
204380
150219
150219
3347836
345241
150219
204380
204380
345241
3347836
204380
150219
150219
204380
3813460
150219
150219
204380
150219
4864323
150219
2299438
150219
204380
150219
150219
2299438
4028421
294606660
150219
150219
13438491
150219
150219
150219
204380
204380
2299438
150219
150219
2299438
488201
150219
150219
2299438
150219
345241
204380
345241
150219
1710587
150219
1922223
150219
204380
2299438
150219
2299438
150219
150219
204380
204380
150219
150219
150219
150219
345241
150219
1922223
150219
150219
2299438
150219
1922223
150219
345241
204380
204380
17320780
150219
488201
345241
150219
5189886
150219
150219
150219
150219
150219
150219
132413890
3347836
150219
204380
150219
150219
6300178
345241
4028421
345241
1729423
204380
150219
150219
204380
150219
150219
2299438
150219
1729423
4864323
150219
345241
150219
150219
150219
97478210
345241
150219
150219
150219
2299438
3347836
150219
204380
150219
345241
150219
150219
204380
150219
4864323
150219
150219
204380
150219
345241
488201
150219
204380
204380
150219
2299438
150219
488201
204380
150219
150219
3347836
345241
4028421
204380
3347836
488201
1729423
150219
150219
345241
150219
1922223
204380
345241
204380
150219
150219
150219
150219
1922223
150219
150219
204380
150219
2299438
5189886
204380
150219
150219
150219
150219
150219
150219
150219
3347836
7626455
204380
150219
1922223
150219
150219
488201
1922223
150219
150219
150219
150219
4028421
204380
23886967
204380
150219
150219
150219
204380
204380
150219
204380
150219
1922223
2299438
345241
204380
1922223
150219
204380
150219
2368322
5463809
4028421
150219
150219
2299438
150219
150219
204380
150219
6300178
150219
204380
150219
4028421
2299438
204380
150219
150219
5463809
150219
150219
150219
7626455
345241
2299438
12012994
150219
345241
2368322
150219
3347836
150219
293167839
345241
150219
2299438
6099209
150219
150219
150219
150219
345241
5189886
150219
150219
204380
204380
150219
204380
150219
150219
3347836
204380
150219
150219
345241
345241
150219
150219
2368322
150219
7626455
345241
150219
204380
150219
150219
150219
150219
150219
150219
345241
150219
345241
204380
150219
204380
345241
150219
1922223
16275557
150219
204380
345241
150219
204380
1922223
150219
150219
2299438
150219
150219
150219
150219
150219
204380
13181194
345241
204380
150219
150219
150219
204380
150219
2299438
2299438
204380
2299438
1922223
150219
204380
204380
150219
150219
150219
204380
150219
4028421
204380
150219
345241
345241
150219
150219
28471522
1922223
150219
150219
150219
1922223
204380
150219
204380
150219
2299438
150219
345241
150219
150219
150219
150219
204380
7626455
345241
150219
150219
12255647
6099209
204380
204380
150219
5463809
150219
1922223
150219
345241
204380
150219
204380
150219
150219
204380
5189886
204380
150219
2960895
150219
150219
150219
150219
150219
150219
150219
204380
150219
150219
1922223
150219
150219
2299438
204380
204380
345241
150219
150219
204380
345241
150219
3347836
345241
2368322
150219
345241
2299438
33111896
345241
1922223
150219
204380
150219
204380
150219
204380
150219
1922223
345241
150219
41422676
150219
204380
4864323
16384724
1729423
204380
204380
4028421
150219
1922223
204380
345241
204380
150219
150219
150219
204380
150219
150219
150219
150219
150219
4028421
150219
488201
204380
1922223
150219
150219
27611123
150219
345241
1729423
150219
150219
150219
150219
150219
204380
345241
150219
204380
150219
150219
1922223
150219
1922223
150219
14302291
1922223
150219
97876379
150219
150219
150219
204380
150219
7626455
150219
150219
150219
18219620
150219
204380
204380
150219
2299438
4028421
345241
7626455
68756188
345241
150219
150219
150219
2368322
150219
204380
150219
150219
204380
345241
150219
204380
150219
150219
204380
150219
150219
204380
150219
204380
150219
150219
150219
6650239
150219
150219
150219
8849868
150219
150219
204380
5189886
1729423
150219
345241
150219
7626455
6300178
150219
150219
150219
4028421
345241
150219
204380
150219
7626455
204380
345241
2299438
27611123
8213546
1922223
150219
345241
150219
2299438
150219
345241
1729423
1922223
345241
150219
204380
6650239
204380
150219
204380
2299438
150219
5463809
345241
150219
6300178
150219
204380
150219
204380
3347836
4864323
488201
150219
150219
150219
345241
204380
150219
150219
3347836
345241
204380
150219
17320780
204380
150219
345241
150219
150219
150219
150219
150219
150219
150219
2299438
345241
2299438
8978992
1922223
204380
7626455
204380
204380
150219
488201
204380
204380
204380
150219
204380
150219
150219
345241
150219
345241
150219
2299438
150219
204380
1922223
2299438
150219
2299438
150219
150219
23812906
345241
204380
204380
150219
204380
345241
345241
3885017
1729423
150219
4028421
345241
150219
345241
150219
150219
3347836
204380
150219
150219
345241
150219
150219
345241
7626455
150219
150219
150219
150219
150219
345241
150219
6623795
150219
150219
2299438
150219
150219
204380
1922223
204380
12012994
150219
150219
150219
150219
35938814
204380
204380
9766671
150219
150219
204380
150219
204380
6832041
150219
204380
150219
150219
150219
2299438
150219
8978992
17580810
5189886
204380
150219
1922223
150219
150219
204380
204380
150219
150219
1922223
150219
150219
204380
204380
204380
6832041
204380
150219
204380
150219
150219
204380
150219
150219
3347836
150219
150219
31412687
150219
1922223
204380
3347836
204380
150219
150219
150219
345241
6623795
6650239
150219
150219
150219
150219
150219
1729423
150219
6832041
204380
345241
150219
150219
204380
345241
150219
4028421
204380
150219
150219
150219
345241
204380
150219
5463809
204380
150219
150219
150219
1922223
204380
488201
1729423
150219
204380
150219
1922223
150219
1710587
2299438
204380
150219
150219
7626455
488201
150219
204380
150219
9766671
4028421
150219
150219
153224285
3347836
204380
150219
150219
3813460
6650239
150219
150219
150219
150219
150219
150219
150219
150219
204380
204380
345241
150219
150219
150219
2368322
150219
150219
150219
204380
150219
4864323
150219
150219
150219
150219
150219
345241
2299438
204380
150219
150219
1922223
150219
150219
204380
204380
488201
1922223
204380
4028421
204380
150219
2299438
150219
150219
150219
204380
204380
12981277
150219
150219
488201
150219
150219
150219
150219
5189886
204380
150219
150219
150219
345241
150219
150219
150219
204380
150219
2299438
150219
3474388
488201
345241
150219
11813690
204380
3347836
204380
4028421
6623795
4064000
204380
150219
2299438
150219
2368322
150219
345241
150219
150219
150219
204380
150219
345241
150219
150219
150219
150219
1922223
150219
150219
204380
150219
204380
204380
1922223
2299438
204380
150219
150219
204380
150219
204380
2299438
3474388
2299438
12733662
2299438
3347836
6623795
150219
204380
150219
150219
150219
150219
488201
4028421
204380
345241
345241
8213546
204380
150219
150219
150219
150219
27017220
150219
150219
204380
150219
150219
204380
150219
1922223
2299438
150219
345241
150219
150219
3813460
150219
345241
1922223
1922223
204380
150219
30543280
150219
204380
204380
204380
150219
8213546
345241
6832041
150219
68756188
150219
204380
204380
150219
1729423
150219
1710587
150219
204380
345241
204380
204380
150219
150219
150219
1922223
2368322
204380
3474388
204380
345241
204380
150219
345241
345241
150219
150219
204380
204380
345241
150219
150219
2299438
150219
150219
150219
150219
150219
150219
8213546
150219
3474388
204380
150219
204380
345241
1922223
150219
150219
150219
488201
1729423
204380
204380
3474388
150219
600458303
1922223
150219
150219
150219
1729423
150219
345241
17198160
204380
3347836
1922223
204380
204380
204380
150219
3347836
150219
1729423
150219
204380
1922223
150219
150219
150219
150219
13181194
1922223
2299438
150219
150219
1729423
150219
150219
150219
345241
150219
345241
150219
204380
5189886
1729423
3813460
150219
150219
13438491
150219
150219
150219
8213546
150219
1922223
150219
150219
150219
3813460
150219
345241
150219
535183935
204380
204380
150219
150219
150219
2299438
204380
150219
14104324
5189886
2299438
150219
150219
3885017
150219
150219
8213546
204380
150219
150219
345241
2299438
6623795
345241
150219
150219
204380
150219
204380
150219
150219
6300178
204380
204380
204380
150219
204380
150219
150219
150219
488201
204380
150219
14302291
150219
204380
4028421
204380
150219
150219
150219
204380
150219
204380
204380
5463809
204380
150219
150219
150219
150219
150219
150219
150219
24541382
2299438
2299438
150219
78124502
2299438
2299438
150219
204380
10245013
150219
150219
150219
1922223
150219
150219
150219
150219
4028421
150219
150219
36580082
150219
150219
345241
150219
204380
150219
150219
204380
345241
150219
150219
1922223
2299438
150219
204380
204380
3347836
150219
150219
150219
3347836
345241
204380
204380
3347836
106718228
488201
150219
150219
3813460
204380
150219
150219
150219
150219
2299438
345241
150219
150219
150219
204380
150219
204380
345241
150219
150219
4028421
204380
150219
150219
2368322
204380
150219
2368322
150219
2299438
9900143
150219
150219
2299438
345241
150219
150219
345241
150219
2299438
150219
2299438
150219
24541382
204380
10245013
22483862
150219
345241
3813460
150219
204380
204380
345241
150219
150219
12981277
345241
150219
4028421
204380
150219
345241
18219620
204380
150219
345241
150219
150219
150219
204380
150219
2299438
150219
150219
345241
150219
4028421
150219
150219
42151549
345241
2368322
150219
150219
345241
9766671
150219
204380
150219
150219
488201
150219
204380
204380
345241
204380
204380
204380
204380
16384724
6650239
1922223
150219
345241
204380
1729423
150219
150219
1922223
345241
150219
204380
204380
150219
150219
991955324
2299438
204380
204380
1922223
150219
150219
150219
9395603
150219
150219
6623795
4028421
150219
204380
150219
204380
150219
150219
150219
204380
204380
150219
150219
2299438
150219
150219
150219
204380
204380
204380
150219
150219
1922223
7626455
204380
204380
150219
204380
150219
150219
204380
150219
150219
150219
204380
204380
150219
150219
2299438
150219
7626455
150219
204380
150219
150219
150219
345241
150219
150219
150219
150219
204380
1922223
150219
18561359
150219
204380
150219
150219
204380
204380
150219
2299438
150219
150219
2299438
150219
345241
17320780
204380
6099209
150219
150219
150219
1729423
150219
150219
150219
150219
7626455
150219
3347836
150219
252255830
150219
488201
150219
5189886
2299438
2299438
204380
1922223
150219
150219
150219
150219
150219
150219
150219
150219
150219
2299438
345241
204380
2299438
5189886
150219
150219
2299438
150219
204380
150219
150219
150219
150219
1922223
150219
204380
345241
204380
13243042
2299438
150219
150219
150219
150219
150219
150219
150219
150219
150219
204380
204380
488201
204380
4028421
150219
150219
150219
150219
345241
11813690
150219
1729423
204380
150219
345241
150219
150219
150219
150219
345241
150219
150219
345241
150219
204380
150219
204380
150219
150219
150219
488201
150219
1729423
7626455
150219
1729423
345241
150219
150219
150219
150219
1922223
150219
204380
150219
150219
150219
204380
150219
150219
150219
150219
150219
150219
150219
204380
150219
345241
345241
204380
1922223
150219
1922223
150219
3347836
150219
8213546
150219
150219
345241
1729423
5189886
345241
150219
150219
204380
488201
6300178
204380
150219
150219
150219
150219
204380
150219
150219
204380
4028421
204380
28471522
150219
150219
6300178
204380
6623795
1922223
204380
150219
345241
150219
4028421
150219
150219
150219
150219
204380
150219
2368322
204380
2960895
204380
345241
2368322
345241
150219
150219
204380
150219
150219
4028421
345241
1729423
150219
150219
150219
27017220
1729423
150219
4028421
150219
3885017
345241
204380
2368322
150219
204380
150219
345241
345241
150219
2299438
3347836
150219
4028421
2299438
150219
150219
44385174
488201
4864323
6623795
345241
150219
204380
150219
150219
1922223
204380
150219
6300178
150219
150219
150219
1931412089
150219
345241
204380
150219
150219
150219
150219
150219
2299438
204380
204380
150219
150219
204380
204380
345241
150219
204380
8213546
204380
3347836
345241
150219
150219
150219
204380
204380
150219
150219
1922223
150219
8213546
1922223
204380
150219
150219
2368322
6623795
150219
204380
204380
150219
204380
1922223
12012994
150219
150219
3347836
150219
150219
150219
204380
150219
2299438
150219
150219
345241
150219
2299438
150219
150219
8978992
150219
204380
150219
31731429
150219
150219
7626455
150219
4028421
345241
2299438
1729423
150219
150219
8213546
150219
150219
204380
150219
3813460
150219
150219
150219
150219
150219
150219
204380
150219
150219
150219
6623795
345241
150219
345241
204380
3474388
345241
150219
150219
345241
12255647
150219
150219
150219
150219
150219
150219
150219
7626455
150219
488201
150219
150219
4028421
345241
1922223
150219
150219
2299438
150219
5463809
1922223
2368322
72160087
150219
345241
2299438
204380
150219
12012994
204380
150219
150219
204380
150219
345241
2368322
204380
150219
150219
150219
204380
150219
204380
150219
150219
13181194
204380
150219
150219
150219
4028421
9896193
3347836
204380
150219
204380
150219
6099209
150219
204380
2299438
1922223
150219
3474388
204380
150219
204380
204380
2299438
204380
150219
150219
204380
2299438
14307346
150219
204380
8213546
204380
345241
150219
204380
150219
150219
204380
150219
1922223
204380
204380
150219
2960895
204380
150219
150219
1729423
3813460
1729423
150219
4864323
150219
150219
150219
150219
204380
150219
150219
150219
150219
150219
150219
345241
1729423
150219
345241
150219
150219
345241
204380
1729423
24541382
345241
150219
7626455
150219
150219
1922223
2299438
204380
488201
150219
2299438
6623795
204380
204380
2299438
204380
345241
150219
204380
345241
150219
150219
204380
150219
150219
204380
150219
7228318
150219
1922223
1922223
6300178
4864323
150219
150219
7626455
150219
150219
150219
345241
8849868
150219
488201
14307346
204380
150219
150219
204380
204380
345241
345241
204380
150219
150219
345241
204380
150219
204380
150219
2299438
150219
150219
150219
150219
204380
150219
150219
150219
2368322
204380
150219
345241
204380
150219
150219
204380
345241
150219
204380
150219
204380
150219
150219
150219
204380
4028421
150219
7626455
150219
150219
204380
150219
5189886
1729423
204380
345241
1922223
2299438
4028421
150219
150219
3347836
150219
204380
150219
150219
150219
150219
150219
150219
150219
150219
204380
204380
150219
204380
150219
150219
150219
204380
204380
204380
204380
204380
6623795
150219
150219
150219
345241
5189886
150219
150219
2299438
204380
5463809
8978992
150219
150219
3347836
345241
4064000
150219
150219
1729423
345241
150219
6300178
5463809
150219
6300178
150219
2299438
150219
150219
2299438
150219
345241
150219
2368322
150219
345241
150219
150219
204380
204380
1729423
150219
3474388
150219
150219
150219
150219
150219
150219
1922223
150219
150219
204380
150219
150219
345241
6300178
150219
6623795
1922223
12255647
150219
204380
150219
4028421
204380
204380
150219
150219
150219
150219
8213546
1729423
150219
150219
150219
345241
204380
1729423
2299438
345241
2299438
2299438
204380
345241
150219
150219
204380
150219
204380
16384724
150219
204380
1729423
204380
150219
150219
150219
150219
150219
3347836
204380
204380
150219
204380
150219
150219
488201
108747964
150219
345241
204380
150219
150219
150219
150219
204380
150219
150219
5189886
150219
2299438
204380
150219
150219
204380
150219
2368322
488201
150219
150219
204380
150219
26095921
150219
150219
1922223
150219
150219
1922223
150219
150219
345241
150219
204380
13181194
345241
9766671
150219
488201
150219
150219
204380
3813460
204380
150219
204380
59853190
150219
13243042
204380
28471522
204380
4028421
150219
1729423
1922223
150219
2299438
3347836
150219
7626455
1922223
150219
150219
10245013
43809694
1729423
150219
150219
3347836
12012994
4028421
4028421
4864323
6623795
345241
2299438
150219
150219
6650239
150219
1710587
150219
17198160
204380
1729423
150219
150219
2299438
150219
2299438
150219
150219
150219
1922223
150219
150219
150219
150219
204380
150219
44700828
204380
4028421
204380
150219
150219
7626455
204380
204380
204380
150219
150219
5189886
150219
150219
150219
150219
150219
150219
150219
150219
488201
345241
150219
150219
150219
204380
3347836
204380
150219
150219
1922223
150219
150219
150219
2299438
150219
204380
204380
9766671
345241
204380
204380
4028421
1922223
2299438
204380
6300178
204380
150219
150219
150219
1922223
150219
150219
150219
150219
150219
4028421
150219
150219
4028421
13048157
150219
150219
204380
150219
204380
204380
150219
150219
204380
150219
150219
150219
150219
150219
150219
1922223
150219
150219
204380
150219
204380
2960895
50073507
2299438
204380
39916154
150219
204380
150219
204380
204380
150219
204380
150219
150219
150219
1922223
204380
204380
204380
345241
150219
150219
150219
150219
150219
150219
150219
150219
2368322
2299438
204380
150219
4028421
150219
7626455
204380
150219
150219
345241
204380
150219
7626455
1729423
150219
150219
204380
150219
150219
345241
204380
345241
4864323
150219
150219
488201
204380
150219
204380
204380
150219
150219
204380
150219
150219
150219
4864323
150219
204380
2368322
2299438
150219
204380
150219
150219
150219
150219
150219
1729423
2299438
345241
150219
150219
150219
150219
7886967
2960895
150219
3347836
204380
7626455
345241
150219
150219
150219
204380
150219
150219
1729423
204380
3347836
204380
150219
150219
1729423
150219
150219
3347836
204380
150219
488201
345241
204380
204380
150219
150219
150219
150219
150219
2299438
204380
150219
150219
488201
144519968
10245013
10245013
2299438
150219
150219
6623795
150219
150219
204380
150219
150219
150219
2299438
204380
150219
204380
150219
150219
204380
204380
150219
150219
150219
150219
150219
150219
150219
345241
2299438
150219
150219
150219
6300178
204380
150219
204380
150219
345241
6300178
150219
150219
150219
75845539
150219
150219
204380
150219
150219
150219
204380
150219
345241
150219
150219
488201
150219
150219
2299438
150219
150219
204380
150219
150219
204380
6300178
150219
9766671
3474388
4028421
3813460
150219
150219
2299438
150219
345241
1729423
150219
2299438
4028421
204380
150219
150219
204380
150219
150219
1922223
150219
204380
2299438
150219
150219
204380
13438491
6623795
204380
204380
204380
150219
2299438
150219
3347836
150219
4028421
2299438
150219
1922223
150219
345241
204380
150219
2299438
150219
150219
204380
1922223
150219
204380
7626455
150219
150219
1729423
150219
150219
150219
345241
7626455
204380
204380
150219
150219
345241
150219
150219
150219
1729423
150219
3347836
488201
150219
150219
1922223
150219
150219
204380
1922223
4028421
150219
150219
1922223
10245013
150219
345241
150219
150219
150219
345241
345241
150219
204380
150219
4028421
150219
150219
345241
150219
2299438
204380
9896193
5189886
150219
345241
150219
150219
150219
150219
150219
4028421
150219
2299438
150219
204380
1922223
150219
204380
150219
150219
150219
204380
2299438
1922223
150219
150219
204380
150219
150219
150219
150219
204380
5463809
150219
345241
150219
150219
150219
150219
2299438
150219
150219
4028421
10245013
150219
204380
204380
150219
204380
150219
150219
150219
150219
345241
150219
204380
2299438
204380
150219
204380
150219
4028421
150219
150219
2299438
150219
14765544
4798399
150219
150219
488201
345241
3347836
150219
150219
150219
204380
204380
1922223
204380
345241
1922223
59508522
5189886
150219
150219
2299438
150219
1922223
150219
204380
204380
1729423
150219
2299438
8939512
4028421
150219
150219
150219
150219
150219
6099209
204380
1729423
150219
488201
150219
150219
2299438
9312151
2299438
150219
488201
150219
204380
1922223
150219
8213546
345241
150219
150219
204380
150219
150219
6623795
1729423
150219
150219
204380
345241
150219
204380
150219
150219
150219
3347836
204380
150219
150219
204380
150219
2368322
7626455
150219
150219
7228318
150219
7626455
150219
345241
150219
150219
150219
345241
150219
3347836
33111896
150219
18561359
1922223
204380
150219
150219
2299438
150219
1922223
204380
150219
1729423
204380
150219
150219
150219
150219
3347836
204380
204380
204380
150219
150219
1922223
204380
2299438
97478210
1729423
17320780
204380
5463809
150219
150219
150219
1729423
4028421
345241
204380
204380
150219
150219
204380
2368322
2368322
150219
204380
6650239
150219
204380
1729423
150219
204380
204380
3474388
204380
150219
150219
204380
150219
150219
6099209
204380
345241
150219
150219
204380
8213546
150219
204380
150219
150219
150219
2299438
345241
150219
1710587
150219
150219
150219
150219
150219
4028421
1922223
150219
150219
150219
150219
4798399
204380
10245013
150219
345241
488201
150219
7626455
150219
204380
204380
150219
345241
150219
150219
1729423
345241
150219
1729423
150219
1729423
3347836
2299438
204380
150219
150219
19359911
150219
150219
2299438
150219
204380
204380
6300178
150219
204380
150219
5463809
204380
150219
1922223
204380
2299438
204380
150219
204380
2299438
204380
16384724
204380
10245013
204380
1729423
150219
204380
1729423
204380
150219
150219
204380
150219
2299438
150219
150219
204380
166529597
150219
150219
345241
345241
345241
150219
150219
345241
150219
204380
204380
150219
3474388
2299438
345241
150219
25514767
204380
1729423
150219
204380
150219
150219
150219
150219
204380
204380
150219
1729423
4864323
5189886
24541382
204380
345241
204380
2299438
2299438
5189886
204380
150219
150219
345241
2299438
150219
150219
2299438
3347836
345241
150219
150219
150219
150219
204380
150219
150219
5189886
1729423
150219
150219
2299438
150219
150219
150219
204380
150219
1729423
2299438
3347836
345241
150219
204380
345241
204380
150219
150219
204380
2299438
2299438
150219
204380
150219
204380
150219
150219
150219
345241
150219
150219
345241
204380
204380
150219
1922223
345241
150219
150219
1729423
204380
150219
150219
2299438
204380
204380
1729423
2299438
150219
2299438
150219
4028421
150219
150219
150219
150219
150219
150219
12981277
19359911
150219
150219
2368322
150219
204380
150219
150219
4028421
1922223
150219
150219
150219
150219
204380
150219
150219
150219
345241
150219
1922223
2299438
204380
4864323
150219
150219
204380
7886967
150219
3347836
345241
150219
150219
204380
204380
150219
345241
204380
2299438
150219
345241
1922223
21053962
150219
2299438
150219
3813460
150219
150219
150219
150219
2299438
204380
150219
150219
150219
150219
150219
150219
345241
204380
345241
204380
150219
150219
150219
204380
150219
3813460
204380
150219
2299438
1922223
150219
1922223
150219
150219
150219
28471522
204380
150219
204380
150219
204380
345241
6623795
204380
3347836
488201
345241
345241
204380
150219
3347836
1729423
150219
1729423
150219
3347836
4028421
204380
204380
3347836
345241
150219
79890378
204380
4028421
3347836
204380
150219
1729423
150219
204380
150219
204380
204380
204380
150219
345241
150219
1729423
150219
3347836
345241
1729423
12981277
150219
1729423
6623795
204380
14307346
150219
150219
2368322
150219
150219
204380
150219
1729423
150219
1729423
2299438
150219
2299438
345241
150219
150219
3885017
150219
204380
150219
204380
150219
2299438
150219
150219
6650239
150219
8213546
150219
150219
204380
1729423
204380
150219
204380
204380
345241
488201
150219
5463809
345241
150219
18219620
6623795
1922223
204380
345241
4028421
150219
150219
345241
150219
150219
204380
488201
150219
150219
204380
6650239
150219
204380
150219
150219
4028421
13259222
150219
150219
150219
204380
150219
150219
150219
150219
150219
1729423
204380
150219
345241
5189886
150219
345241
150219
150219
150219
204380
150219
150219
345241
150219
150219
488201
204380
150219
1729423
204380
204380
150219
3347836
150219
345241
488201
150219
150219
150219
2299438
2299438
150219
150219
204380
150219
204380
150219
6099209
150219
1922223
150219
150219
150219
150219
204380
150219
150219
204380
1729423
150219
204380
8213546
204380
204380
150219
150219
1729423
1922223
6300178
150219
345241
345241
1729423
2299438
204380
150219
150219
4028421
345241
150219
2299438
150219
204380
150219
150219
150219
150219
204380
345241
204380
150219
345241
150219
8939512
204380
204380
150219
150219
1922223
150219
150219
1922223
3813460
150219
150219
150219
3813460
204380
3347836
11813690
150219
150219
13259222
345241
150219
10245013
150219
150219
204380
150219
150219
150219
204380
4028421
204380
345241
204380
1922223
150219
345241
150219
150219
204380
204380
150219
204380
204380
3347836
150219
150219
150219
204380
6623795
1729423
150219
1922223
150219
150219
150219
150219
3347836
150219
6300178
150219
2299438
345241
150219
150219
345241
150219
150219
150219
204380
5189886
8978992
488201
150219
345241
150219
150219
150219
150219
150219
204380
1922223
42804267
150219
150219
2299438
150219
345241
150219
204380
204380
204380
204380
150219
150219
150219
150219
17506879
1922223
345241
2299438
1729423
150219
204380
204380
1922223
150219
12012994
150219
204380
1922223
204380
345241
345241
150219
6099209
150219
150219
2299438
150219
150219
1922223
150219
150219
204380
65894573
204380
2299438
150219
5189886
150219
150219
150219
150219
11813690
150219
204380
150219
150219
150219
345241
150219
16384724
150219
150219
204380
488201
204380
204380
150219
9896193
150219
204380
3813460
1922223
150219
150219
4864323
204380
150219
56568204
150219
204380
150219
204380
150219
150219
10245013
150219
150219
150219
204380
6832041
5189886
150219
345241
150219
2368322
150219
204380
150219
150219
150219
150219
204380
150219
150219
150219
204380
5189886
7626455
150219
204380
204380
204380
150219
150219
204380
7626455
150219
150219
150219
204380
95910929
345241
150219
345241
488201
204380
150219
150219
140257152
150219
150219
1729423
150219
150219
204380
345241
204380
150219
4864323
150219
150219
150219
1729423
150219
1922223
345241
150219
204380
488201
150219
204380
488201
204380
150219
2299438
150219
150219
204380
150219
204380
150219
204380
150219
150219
4028421
3474388
150219
150219
204380
345241
204380
204380
8213546
150219
150219
150219
488201
150219
9900143
150219
204380
204380
204380
204380
204380
1729423
4864323
204380
150219
150219
345241
150219
150219
25590704
2299438
150219
150219
150219
2299438
150219
150219
150219
204380
150219
2299438
4028421
204380
150219
150219
1729423
3347836
3347836
204380
150219
150219
204380
7626455
150219
150219
204380
204380
1729423
204380
345241
204380
150219
150219
345241
204380
1922223
150219
204380
150219
150219
150219
345241
150219
150219
150219
150219
204380
204380
204380
150219
150219
150219
150219
204380
488201
150219
150219
204380
345241
6300178
150219
150219
44700828
150219
150219
204380
204380
488201
150219
4798399
345241
150219
150219
150219
204380
4028421
5463809
204380
204380
1729423
150219
345241
204380
345241
6300178
204380
1729423
204380
345241
150219
5189886
150219
150219
150219
204380
150219
204380
150219
345241
150219
6623795
2960895
204380
1710587
150219
150219
2368322
150219
150219
150219
345241
150219
150219
150219
150219
488201
150219
150219
150219
2299438
150219
150219
345241
150219
345241
204380
150219
150219
150219
1922223
150219
150219
150219
150219
1922223
2299438
150219
204380
2299438
150219
204380
150219
204380
150219
2299438
204380
204380
345241
150219
150219
2299438
1729423
6300178
150219
2299438
150219
150219
204380
7626455
204380
150219
2368322
204380
14302291
204380
345241
6300178
4798399
12981277
345241
150219
1922223
150219
150219
345241
345241
204380
150219
204380
204380
150219
150219
150219
150219
150219
150219
150219
488201
1922223
345241
150219
150219
150219
150219
204380
2299438
2299438
10489988
150219
150219
150219
16384724
150219
6832041
204380
150219
150219
150219
150219
7626455
150219
150219
204380
204380
150219
345241
150219
1729423
1729423
2299438
150219
345241
204380
204380
150219
3347836
1922223
204380
204380
150219
150219
204380
150219
150219
150219
204380
204380
40308886
204380
150219
204380
4028421
150219
345241
345241
150219
204380
4028421
2368322
150219
150219
204380
150219
150219
1729423
345241
2299438
204380
1922223
6300178
2299438
150219
204380
204380
345241
153704884
150219
150219
204380
150219
204380
8213546
345241
204380
150219
150219
150219
150219
150219
345241
204380
4798399
150219
1729423
345241
150219
150219
113922244
204380
150219
150219
488201
204380
2299438
150219
150219
150219
150219
204380
150219
150219
4028421
150219
5189886
1922223
345241
204380
345241
2299438
204380
204380
6623795
2299438
345241
150219
150219
204380
150219
150219
8213546
204380
204380
150219
150219
150219
150219
150219
204380
204380
2299438
2299438
150219
150219
150219
150219
204380
150219
150219
488201
204380
6623795
204380
150219
150219
150219
8213546
204380
6623795
4028421
150219
30746544
150219
1922223
150219
150219
2299438
204380
150219
204380
345241
204380
150219
204380
4028421
345241
150219
150219
6623795
150219
488201
4028421
5463809
150219
12012994
204380
150219
150219
150219
150219
150219
204380
150219
150219
150219
4028421
150219
150219
2299438
150219
1729423
9896193
10489988
150219
150219
150219
150219
150219
204380
150219
2368322
150219
2299438
8213546
204380
204380
203191273
150219
5463809
150219
204380
150219
150219
150219
488201
345241
150219
150219
9766671
6300178
2368322
204380
1729423
150219
3813460
150219
6099209
150219
150219
150219
150219
150219
150219
204380
150219
1729423
2299438
204380
4798399
8213546
7886967
150219
150219
204380
3347836
204380
150219
2299438
345241
150219
204380
6623795
2299438
5189886
150219
5189886
2299438
150219
1922223
204380
150219
345241
150219
9896193
204380
150219
345241
150219
150219
150219
204380
150219
150219
204380
150219
204380
3347836
150219
204380
150219
150219
345241
150219
150219
150219
6300178
150219
150219
150219
150219
150219
204380
204380
150219
150219
345241
204380
2299438
204380
150219
3347836
150219
204380
150219
204380
6300178
204380
150219
204380
150219
204380
150219
204380
204380
5189886
150219
488201
150219
150219
345241
6623795
204380
4028421
3813460
204380
150219
150219
345241
150219
150219
150219
150219
150219
488201
5189886
150219
150219
4864323
345241
2299438
150219
150219
150219
150219
150219
150219
204380
150219
3347836
150219
150219
345241
150219
150219
204380
150219
13438491
5463809
2299438
150219
204380
150219
150219
204380
2299438
345241
30543280
204380
204380
204380
150219
150219
8978992
204380
15824005
150219
5463809
204380
204380
204380
345241
150219
4028421
150219
204380
150219
150219
1922223
150219
1729423
150219
345241
1922223
345241
150219
150219
150219
150219
204380
150219
150219
150219
16384724
1729423
150219
204380
345241
150219
345241
7626455
150219
28858126
150219
3347836
150219
2299438
6099209
150219
150219
150219
150219
150219
150219
150219
204380
150219
150219
204380
150219
150219
2299438
150219
150219
6300178
6623795
150219
3347836
150219
345241
150219
2299438
2299438
150219
204380
150219
1922223
204380
150219
150219
6650239
9312151
150219
150219
150219
150219
150219
150219
204380
488201
150219
150219
150219
2299438
150219
2368322
150219
204380
2299438
150219
150219
2299438
150219
3813460
13259222
345241
150219
150219
150219
488201
150219
345241
150219
150219
345241
1922223
150219
204380
150219
150219
150219
7626455
150219
7228318
345241
150219
2299438
150219
150219
150219
2299438
150219
204380
345241
150219
204380
150219
204380
3347836
150219
150219
150219
1729423
150219
5189886
150219
10245013
150219
1922223
31412687
2368322
4028421
150219
150219
204380
150219
150219
150219
150219
204380
6300178
204380
150219
204380
204380
12012994
24541382
345241
345241
33111896
345241
345241
8213546
150219
1729423
150219
150219
204380
4864323
204380
150219
204380
1922223
150219
2299438
150219
150219
150219
1922223
6623795
5189886
150219
150219
2299438
204380
150219
150219
6623795
488201
150219
150219
204380
33111896
150219
150219
150219
150219
345241
150219
150219
1922223
150219
150219
150219
204380
6623795
204380
1729423
204380
345241
150219
150219
150219
150219
150219
150219
150219
1922223
3347836
204380
150219
204380
150219
150219
150219
1922223
150219
204380
150219
345241
2299438
150219
7626455
283079596
150219
150219
150219
150219
150219
204380
2299438
150219
204380
2299438
345241
345241
204380
8213546
2299438
204380
150219
2960895
1922223
150219
150219
1729423
150219
204380
345241
1729423
150219
150219
345241
150219
345241
1729423
150219
150219
6650239
150219
204380
345241
204380
204380
2299438
150219
8213546
12733662
6300178
150219
204380
45959994
1922223
150219
345241
204380
488201
2299438
2299438
204380
150219
2368322
150219
345241
488201
3347836
150219
2299438
150219
150219
345241
150219
9766671
8213546
1729423
150219
204380
150219
345241
150219
5189886
150219
150219
150219
5189886
204380
150219
150219
204380
4864323
204380
204380
4864323
21053962
2299438
150219
150219
204380
150219
150219
7626455
150219
150219
150219
150219
1729423
150219
9766671
4028421
150219
1922223
204380
204380
5463809
150219
27016840
150219
150219
13699843
150219
150219
2299438
150219
150219
150219
1922223
204380
1922223
150219
345241
150219
150219
345241
150219
150219
31684387
204380
150219
1922223
345241
150219
345241
150219
1922223
150219
345241
2299438
204380
1729423
204380
6099209
204380
345241
150219
204380
204380
150219
3347836
29378687
4028421
1729423
1922223
150219
204380
150219
204380
150219
204380
150219
204380
150219
204380
150219
1922223
150219
345241
345241
150219
204380
14307346
150219
150219
345241
150219
150219
150219
27017220
150219
150219
204380
150219
345241
150219
150219
150219
150219
150219
150219
150219
150219
150219
150219
345241
150219
150219
150219
1922223
150219
204380
150219
204380
150219
150219
345241
150219
204380
2299438
4028421
150219
150219
204380
150219
150219
2299438
150219
150219
345241
150219
204380
1922223
2368322
345241
204380
150219
204380
345241
150219
7626455
345241
204380
150219
204380
488201
9896193
204380
2299438
3813460
345241
204380
150219
150219
150219
4028421
150219
150219
150219
150219
204380
150219
150219
345241
150219
4028421
345241
204380
204380
7626455
150219
7626455
150219
150219
345241
150219
150219
1729423
204380
204380
150219
150219
1922223
204380
4864323
2299438
4028421
12981277
1922223
150219
150219
150219
3347836
150219
7626455
150219
488201
345241
2299438
150219
5646280
150219
150219
150219
150219
4028421
345241
8213546
5189886
204380
345241
150219
150219
150219
8213546
150219
150219
5189886
204380
31660623
204380
488201
150219
150219
150219
150219
150219
150219
150219
345241
663910637
150219
345241
7626455
2299438
150219
150219
150219
2299438
150219
150219
150219
204380
150219
204380
345241
204380
150219
3474388
204380
2368322
150219
204380
150219
7626455
150219
150219
204380
150219
150219
150219
204380
2299438
150219
204380
150219
150219
1729423
150219
204380
345241
2299438
345241
150219
150219
4028421
1922223
150219
150219
204380
345241
2299438
204380
204380
204380
28858126
30543280
150219
2368322
345241
150219
150219
150219
150219
150219
6623795
204380
150219
204380
150219
150219
150219
150219
1922223
150219
13259222
150219
204380
150219
65894573
150219
150219
150219
150219
204380
150219
2299438
2368322
150219
150219
8213546
345241
150219
204380
345241
150219
1729423
345241
150219
345241
150219
2299438
2299438
204380
150219
4028421
150219
204380
4798399
204380
150219
150219
204380
150219
150219
150219
150219
150219
150219
2299438
345241
3347836
1729423
1729423
150219
150219
204380
204380
204380
150219
204380
345241
5463809
150219
150219
204380
150219
345241
150219
150219
150219
1922223
150219
150219
10245013
2299438
204380
345241
345241
150219
150219
488201
150219
150219
150219
204380
6650239
345241
204380
10489988
488201
204380
150219
2299438
150219
150219
2299438
150219
345241
150219
150219
204380
7626455
150219
2299438
345241
204380
150219
9900143
204380
2299438
5189886
150219
204380
150219
7626455
488201
150219
345241
3347836
150219
345241
345241
150219
9896193
150219
150219
204380
150219
150219
4028421
2299438
204380
204380
150219
1922223
150219
204380
150219
150219
150219
12981277
345241
150219
2368322
204380
204380
204380
56823231
150219
204380
345241
150219
204380
150219
150219
150219
150219
345241
150219
150219
150219
204380
4864323
204380
204380
345241
204380
150219
150219
345241
150219
150219
150219
204380
2299438
9896193
204380
150219
204380
150219
150219
40659247
2299438
150219
150219
204380
345241
150219
2299438
204380
204380
39737143
204380
150219
150219
150219
1922223
204380
150219
150219
150219
150219
150219
1729423
150219
150219
150219
8213546
150219
150219
488201
150219
150219
204380
1729423
150219
17320780
150219
150219
6300178
150219
150219
204380
2299438
345241
345241
150219
7626455
1729423
150219
8978992
204380
2299438
345241
204380
150219
204380
150219
150219
150219
2368322
150219
150219
150219
150219
150219
2299438
150219
12012994
150219
204380
150219
2299438
2299438
150219
204380
204380
204380
150219
150219
2299438
7626455
150219
150219
3347836
13438491
204380
4028421
150219
2368322
345241
6623795
7626455
488201
204380
150219
2299438
2368322
204380
204380
150219
150219
35938814
46358077
204380
204380
345241
150219
150219
150219
204380
150219
17320780
150219
3347836
2368322
150219
1729423
150219
40659247
150219
1922223
150219
345241
204380
150219
150219
345241
2299438
150219
150219
204380
204380
150219
150219
1922223
9896193
2299438
150219
150219
683952888
345241
204380
204380
2368322
2299438
488201
204380
150219
28858126
150219
204380
150219
150219
488201
150219
1922223
150219
7626455
3885017
150219
204380
150219
6099209
150219
345241
150219
2299438
345241
150219
1922223
345241
42809183
150219
204380
488201
102129573
13438491
2299438
150219
150219
150219
150219
150219
150219
150219
6099209
6623795
150219
150219
150219
204380
150219
150219
150219
150219
204380
1922223
150219
150219
2299438
150219
345241
345241
150219
150219
4864323
345241
204380
150219
150219
150219
150219
204380
204380
150219
150219
150219
150219
150219
150219
150219
150219
204380
4028421
150219
150219
345241
204380
488201
1729423
9896193
2299438
204380
6099209
150219
150219
488201
150219
204380
150219
150219
150219
150219
345241
1729423
150219
204380
1729423
11813690
4028421
1922223
150219
150219
150219
150219
150219
4028421
6099209
3347836
150219
204380
150219
150219
2299438
204380
150219
345241
150219
150219
150219
150219
345241
1922223
1729423
150219
150219
150219
8664345
204380
150219
150219
4864323
345241
13259222
150219
204380
150219
345241
150219
345241
150219
345241
150219
150219
150219
6300178
3813460
150219
150219
150219
204380
16384724
150219
1922223
150219
150219
150219
150219
150219
6623795
1922223
2299438
3347836
204380
150219
150219
150219
150219
2299438
150219
8849868
2299438
488201
150219
150219
13259222
150219
150219
204380
5463809
150219
2299438
150219
204380
16384724
1729423
150219
5189886
150219
150219
204380
204380
2368322
150219
150219
150219
1922223
150219
150219
150219
204380
150219
7626455
6623795
150219
150219
6055570
150219
150219
150219
150219
150219
150219
2299438
204380
204380
204380
345241
4028421
345241
2299438
2299438
204380
150219
204380
150219
4028421
150219
150219
150219
150219
204380
150219
150219
150219
10230120
1922223
150219
5463809
345241
150219
345241
1922223
345241
150219
150219
150219
150219
3347836
150219
150219
150219
2299438
150219
150219
4798399
150219
150219
204380
150219
150219
2299438
150219
150219
150219
150219
150219
4028421
204380
150219
204380
204380
150219
204380
204380
2299438
2299438
204380
1729423
150219
150219
150219
150219
150219
150219
345241
345241
345241
345241
204380
150219
150219
150219
150219
150219
13259222
204380
150219
204380
150219
1922223
150219
1922223
204380
1922223
150219
150219
204380
204380
150219
150219
204380
345241
150219
345241
345241
150219
150219
150219
150219
150219
3474388
204380
150219
150219
150219
3347836
345241
150219
150219
150219
488201
6300178
150219
93544452
345241
150219
150219
345241
6300178
345241
150219
150219
204380
150219
150219
1922223
150219
150219
150219
150219
150219
150219
204380
204380
150219
26095921
204380
150219
488201
150219
150219
150219
204380
204380
150219
204380
150219
2299438
5189886
204380
150219
150219
345241
345241
204380
345241
150219
150219
150219
150219
5189886
204380
5463809
204380
2299438
204380
204380
204380
150219
4028421
1729423
2299438
14307346
9896193
150219
488201
2299438
204380
150219
150219
150219
150219
488201
150219
150219
204380
150219
150219
3813460
2299438
150219
5189886
150219
4028421
5189886
150219
150219
150219
150219
3347836
150219
345241
3347836
150219
1922223
150219
5463809
204380
2299438
204380
1729423
6832041
150219
150219
204380
28858126
204380
204380
2299438
150219
150219
150219
150219
150219
2299438
150219
150219
204380
150219
204380
172296498
204380
204380
345241
150219
150219
17506879
204380
204380
150219
204380
6300178
150219
150219
150219
4028421
150219
150219
150219
150219
150219
150219
150219
150219
2299438
150219
204380
150219
150219
204380
150219
345241
2299438
150219
150219
150219
2299438
150219
150219
150219
150219
204380
150219
204380
1922223
150219
150219
150219
150219
150219
150219
150219
4028421
1729423
204380
150219
150219
204380
345241
150219
150219
6623795
150219
150219
1922223
3347836
204380
150219
1922223
204380
4028421
150219
150219
204380
204380
150219
150219
150219
1922223
150219
150219
11813690
345241
150219
150219
150219
150219
2299438
150219
345241
1710587
6300178
150219
150219
204380
345241
488201
204380
150219
150219
4864323
345241
2299438
40659247
150219
150219
150219
150219
204380
4028421
150219
3347836
204380
8939512
204380
150219
345241
150219
2368322
2299438
1729423
150219
150219
488201
5189886
150219
30543280
204380
345241
345241
150219
345241
3885017
345241
150219
150219
204380
150219
150219
2299438
150219
150219
6623795
150219
150219
150219
150219
204380
675750905
204380
1729423
150219
204380
204380
1729423
204380
150219
150219
150219
150219
1922223
150219
150219
150219
204380
345241
4028421
345241
2299438
150219
3347836
150219
8213546
204380
150219
150219
345241
150219
345241
150219
150219
20008900
150219
6300178
488201
1729423
150219
150219
150219
204380
150219
345241
150219
150219
488201
150219
204380
150219
204380
1922223
2299438
204380
150219
6623795
204380
150219
4028421
150219
204380
150219
2368322
1922223
150219
150219
150219
150219
150219
150219
204380
345241
16275557
3347836
150219
150219
345241
345241
150219
488201
150219
6623795
204380
345241
150219
6623795
204380
7886967
150219
25514767
150219
150219
150219
194333767
204380
150219
150219
5189886
204380
8849868
1729423
204380
150219
150219
1729423
204380
150219
150219
150219
150219
150219
345241
150219
150219
204380
150219
150219
150219
150219
150219
150219
150219
204380
204380
6623795
150219
1922223
150219
150219
14302291
150219
150219
204380
204380
1922223
21651105
150219
1922223
8213546
150219
150219
1729423
345241
150219
204380
150219
150219
150219
150219
488201
345241
345241
204380
204380
2299438
150219
204380
204380
150219
1922223
345241
32722023
1922223
345241
150219
150219
204380
1729423
1922223
150219
345241
13438491
150219
150219
150219
204380
345241
6300178
1729423
204380
150219
150219
7626455
204380
150219
345241
150219
204380
150219
2368322
150219
150219
150219
3885017
6623795
1729423
150219
345241
204380
150219
150219
204380
204380
150219
204380
1729423
150219
150219
204380
150219
150219
204380
150219
150219
150219
150219
150219
8213546
204380
150219
345241
1922223
150219
488201
150219
150219
204380
4028421
3347836
150219
150219
150219
150219
204380
150219
345241
150219
204380
150219
2368322
150219
2299438
150219
150219
4864323
345241
150219
8213546
488201
150219
150219
70934474
150219
150219
150219
2368322
6623795
150219
150219
150219
150219
345241
3347836
150219
13259222
204380
150219
204380
204380
2368322
150219
150219
150219
345241
150219
150219
2299438
204380
204380
150219
6055570
345241
150219
150219
150219
204380
150219
150219
150219
6300178
150219
488201
488201
150219
204380
150219
204380
204380
16384724
150219
204380
9896193
2299438
204380
204380
345241
204380
1729423
204380
204380
150219
150219
6300178
4028421
79375048
150219
150219
150219
4864323
150219
1729423
150219
4028421
3813460
2299438
150219
345241
150219
150219
150219
1922223
150219
204380
204380
150219
345241
150219
12981277
150219
6623795
2299438
150219
204380
150219
204380
204380
150219
204380
204380
2299438
150219
4864323
345241
204380
39916154
204380
150219
204380
345241
204380
150219
345241
150219
345241
150219
2368322
204380
2368322
1922223
150219
1729423
345241
204380
47924218
14302291
150219
150219
150219
150219
204380
150219
3347836
150219
204380
150219
150219
150219
150219
204380
36251180
1922223
345241
150219
204380
150219
345241
150219
1922223
150219
3347836
150219
150219
7626455
345241
137840769
5463809
204380
150219
6623795
13438491
150219
204380
150219
150219
204380
204380
10245013
150219
204380
204380
2299438
204380
3347836
150219
150219
2299438
150219
488201
150219
204380
150219
150219
150219
1729423
488201
3885017
3474388
204380
150219
1729423
10245013
150219
150219
13438491
204380
150219
150219
150219
150219
150219
204380
150219
345241
1729423
345241
150219
102129573
2299438
204380
150219
2368322
204380
150219
345241
345241
150219
150219
2299438
150219
150219
204380
204380
6055570
150219
7626455
150219
1922223
345241
345241
150219
2299438
150219
345241
150219
204380
204380
150219
2299438
150219
4798399
150219
150219
13438491
150219
150219
150219
204380
150219
150219
150219
150219
204380
150219
1922223
204380
150219
204380
150219
150219
204380
150219
150219
44385174
4028421
150219
204380
150219
1922223
10245013
204380
150219
204380
345241
150219
204380
150219
150219
204380
150219
150219
150219
204380
204380
150219
150219
150219
345241
204380
150219
4028421
150219
345241
152140655
150219
150219
9896193
10230120
345241
5463809
150219
2299438
150219
150219
204380
150219
2299438
7626455
3813460
150219
150219
17320780
150219
150219
150219
1922223
204380
150219
5189886
204380
13438491
2299438
6099209
5189886
150219
345241
5463809
150219
150219
1922223
150219
150219
204380
150219
204380
204380
150219
4028421
150219
150219
204380
345241
204380
1729423
150219
150219
150219
150219
150219
150219
345241
150219
150219
345241
345241
1729423
2299438
150219
150219
150219
15824005
8213546
150219
204380
150219
150219
345241
150219
345241
150219
6099209
150219
150219
150219
150219
345241
150219
150219
150219
345241
345241
150219
150219
4028421
150219
150219
150219
150219
150219
150219
204380
150219
125330488
7626455
150219
150219
345241
150219
204380
204380
150219
4028421
150219
204380
204380
6623795
