155874
155874
155874
155874
155874
155874
155874
205624
423336
155874
155874
205624
155874
155874
541914
423336
205624
423336
9643596
205624
155874
155874
155874
393583
5573660
284302
155874
155874
393583
284302
868739
155874
155874
205624
205624
406531
285143
205624
155874
423336
1054088
868739
155874
155874
155874
393583
406531
205624
155874
205624
423336
155874
1190920
12138162
155874
423336
284302
868739
205624
214694
205624
393583
155874
205624
3041635
155874
423336
284302
467473
155874
423336
393583
155874
155874
205624
393583
813839
284302
155874
155874
155874
285143
155874
1079765
155874
856686
155874
868739
205624
155874
285143
467473
406531
155874
423336
205624
155874
205624
205624
