12875
1169
12875
12875
95201
1169
2185936
12875
1131729
1169
12875
12875
12875
264079
95201
12875
12875
1169
1169
1169
12875
12875
1169
12875
1131729
1169
12875
12875
1169
12875
1169
95201
853135
95201
1169
1785546
853135
2370718
12875
337676
95201
264079
611317
12875
1395762
12875
2185936
1169
12875
611317
1169
4133474
853135
12875
12875
12875
12875
1169
12875
95201
1169
853135
12875
591620357
1169
12875
12875
12875
4020549
12875
1169
95201
1169
12875
537256
611317
337676
1169
1169
12875
12875
12875
2034075
95201
12875
12875
12875
1169
1169
12875
12875
264079
1169
12875
12875
1169
12875
12875
12875
537256
945613
853135
1169
12875
12875
2185936
95201
1169
12875
1131729
12875
12875
1169
12875
1169
1169
1169
1169
6774110
1169
18836209
95201
1125773
12875
1169
611317
12875
264079
264079
1169
12875
337676
12875
264079
1169
1169
12875
1169
12875
1169
12875
12875
1169
1927448
12875
2370718
12875
1169
12875
1927448
3347446
12875
12875
264079
5522249
537256
264079
1169
1169
12875
1131729
1169
1169
3738433
12875
337676
853135
12875
12875
12875
95201
945613
1169
3685850
1927448
12875
12875
12875
12875
12875
1169
12875
853135
1169
12875
337676
12875
12875
1325905
6774110
264079
853135
537256
12875
12875
853135
853135
1169
853135
1169
744570
12875
12875
12875
12875
12875
12875
12875
12875
5000030
12875
12875
853135
419180
853135
12875
12875
2113539
537256
1169
12875
95201
1169
12875
1133762
1169
264079
264079
12875
12875
537256
1169
264079
853135
12875
537256
1169
12875
264079
1169
1169
12875
537256
1169
4620273
1169
1169
337676
1169
95201
853135
611317
12875
1169
537256
853135
853135
12875
264079
12875
1004728
1169
1169
1169
1169
95201
1169
264079
12875
1169
12875
1169
611317
1169
12875
1169
264079
12875
1927448
95201
1169
12875
3414888
853135
1169
1169
12875
1169
1169
12875
1131729
12875
12875
1169
853135
12875
1131729
12875
611317
1169
12875
1131729
1169
853135
264079
1169
1169
537256
264079
537256
337676
264079
12875
3685850
12875
337676
5316893
12875
853135
12875
853135
611317
12875
12875
12875
1169
1169
1125773
1169
1169
2903609
1133762
1169
264079
1169
12875
264079
1169
6506959
12875
1169
95201
12875
12875
12875
1169
12875
611317
12875
12875
1169
12875
12005059
611317
1169
1169
853135
2370718
264079
537256
12875
1169
611317
1169
264079
853135
12875
12875
611317
611317
12875
3685850
12875
12875
12875
264079
853135
12875
1169
35736847
1169
12875
1169
264079
12875
12875
2370718
853135
1169
264079
12875
1169
12875
18371347
1169
4871199
12875
537256
537256
95201
2185936
12875
12875
12875
1169
5522249
95201
1169
1169
12875
1169
12875
1169
12875
1169
752915
1169
95201
853135
95201
12875
1169
12875
1169
4137586
1169
537256
95201
611317
537256
12875
12875
2963282
537256
1169
12875
264079
12875
1169
1169
1169
1169
264079
853135
1169
12875
12875
1169
