210580
210580
210580
660295
358804
358804
358804
210580
660295
278476
210580
945465
210580
358804
210580
1536789
278476
358804
1863111
28916835
210580
358804
210580
660295
6694314
358804
210580
358804
358804
210580
210580
278476
2185318
278476
18695744
413206
803862
278476
210580
1536789
210580
358804
210580
210580
413206
413206
210580
210580
413206
210580
210580
803862
68555600
210580
3497382
4288834
278476
278476
210580
1536789
358804
358804
358804
278476
210580
210580
210580
37557764
278476
1863111
2185318
210580
210580
210580
803862
414927211
4865291
660295
210580
660295
210580
413206
210580
660295
126227856
278476
358804
210580
358804
210580
210580
210580
1536789
358804
6881659
210580
413206
11797176
358804
358804
2185318
358804
413206
210580
1536789
278476
210580
7960568
210580
210580
210580
358804
358804
1536789
278476
210580
413206
210580
210580
413206
358804
210580
210580
358804
413206
660295
210580
413206
358804
210580
210580
413206
358804
278476
210580
210580
210580
278476
1536789
4865291
210580
7297018
413206
358804
210580
358804
210580
210580
210580
413206
210580
210580
358804
14049051
1536789
210580
413206
210580
945465
2782128
210580
278476
358804
4538686
413206
210580
453147442
358804
210580
358804
138301395
210580
413206
6360724
278476
358804
210580
210580
278476
660295
660295
358804
358804
413206
358804
210580
358804
4922217
278476
210580
96146171
210580
358804
358804
358804
210580
4288834
11011834
278476
78997398
210580
660295
358804
358804
4538686
413206
358804
210580
210580
210580
413206
210580
358804
413206
210580
18695744
803862
210580
210580
358804
4865291
413206
4080591
210580
278476
210580
413206
413206
413206
210580
1536789
358804
210580
210580
210580
413206
358804
358804
358804
1863111
358804
278476
210580
278476
210580
803862
210580
210580
1863111
210580
210580
413206
278476
22379891
413206
358804
210580
358804
210580
358804
278476
210580
945465
4538686
278476
1536789
358804
6360724
803862
210580
210580
4865291
358804
210580
413206
413206
358804
210580
358804
69221149
210580
413206
358804
278476
358804
358804
358804
278476
4865291
945465
358804
413206
210580
358804
358804
210580
3497382
210580
413206
4922217
210580
660295
4288834
210580
413206
358804
278476
210580
358804
210580
6360724
210580
358804
358804
358804
358804
413206
358804
4080591
358804
358804
210580
4080591
358804
210580
210580
413206
413206
6554490
803862
278476
803862
114968947
358804
358804
413206
210580
358804
660295
210580
278476
210580
210580
4922217
413206
803862
358804
413206
210580
358804
278476
4080591
358804
413206
210580
358804
210580
803862
358804
660295
210580
4080591
1536789
210580
413206
945465
210580
358804
210580
413206
358804
123565978
358804
210580
358804
358804
1536789
11218145
413206
358804
210580
210580
10252683
210580
358804
413206
210580
4538686
358804
413206
210580
358804
413206
358804
210580
1536789
5910919
1536789
278476
210580
358804
210580
358804
210580
210580
210580
1536789
358804
210580
358804
210580
413206
358804
13902446
1863111
358804
1536789
4288834
210580
210580
358804
413206
358804
210580
210580
358804
358804
210580
210580
358804
278476
210580
803862
210580
210580
210580
358804
278476
945465
210580
358804
358804
210580
413206
210580
210580
210580
210580
358804
210580
278476
413206
63927304
413206
2185318
4288834
278476
358804
413206
660295
210580
358804
278476
358804
210580
358804
413206
413206
803862
11797176
278476
358804
413206
7960568
210580
210580
210580
413206
210580
413206
660295
413206
8211605
1863111
3628970
210580
803862
210580
358804
358804
358804
413206
210580
413206
1863111
210580
278476
358804
413206
660295
660295
210580
413206
358804
358804
413206
358804
413206
358804
358804
4922217
660295
63927304
358804
358804
803862
660295
413206
1536789
278476
413206
358804
358804
278476
413206
4865291
210580
210580
210580
68555600
278476
413206
358804
413206
358804
4288834
210580
210580
210580
278476
210580
210580
210580
210580
210580
358804
210580
9861080
210580
413206
210580
210580
210580
358804
413206
413206
210580
210580
413206
413206
358804
210580
210580
358804
413206
358804
803862
358804
278476
278476
413206
4538686
278476
13659979
210580
358804
945465
210580
660295
210580
358804
6360724
210580
210580
210580
210580
210580
210580
358804
21331682
4922217
358804
210580
660295
210580
210580
660295
413206
7746446
210580
278476
210580
8853625
358804
9462907
278476
358804
358804
210580
210580
210580
3628970
4080591
278476
358804
413206
358804
358804
278476
945465
210580
210580
210580
358804
413206
945465
413206
358804
660295
210580
278476
413206
210580
210580
413206
43394006
4865291
210580
358804
63987948
210580
210580
210580
358804
358804
210580
210580
358804
413206
278476
210580
413206
358804
358804
358804
210580
4865291
210580
210580
358804
358804
413206
210580
413206
210580
358804
1536789
278476
358804
358804
3628970
210580
413206
210580
358804
7960568
3628970
413206
210580
1536789
358804
1536789
278476
6360724
358804
210580
945465
413206
210580
413206
97533530
210580
3497382
358804
660295
11797176
210580
210580
358804
413206
413206
413206
358804
1536789
278476
210580
278476
210580
413206
358804
358804
278476
4080591
1536789
210580
6360724
945465
4922217
6694314
413206
413206
413206
660295
413206
358804
358804
1536789
210580
413206
413206
1536789
278476
358804
210580
1536789
2782128
358804
210580
413206
210580
210580
358804
358804
210580
660295
358804
210580
210580
278476
19540842
210580
210580
358804
278476
7163734
358804
210580
210580
358804
19540842
210580
4922217
210580
358804
660295
278476
358804
358804
413206
413206
1863111
945465
358804
1536789
945465
413206
210580
358804
413206
210580
210580
358804
413206
358804
210580
413206
278476
358804
210580
210580
210580
358804
210580
413206
1536789
210580
1536789
1863111
210580
24329608
210580
10252683
278476
358804
210580
210580
358804
278476
413206
278476
16198310
358804
4865291
358804
358804
358804
20475677
278476
413206
4288834
1536789
210580
945465
278476
358804
358804
2185318
210580
278476
1536789
278476
1536789
210580
358804
358804
210580
3628970
413206
358804
358804
278476
358804
358804
210580
210580
210580
2185318
358804
210580
210580
210580
210580
210580
1536789
210580
210580
413206
5910919
358804
660295
413206
278476
210580
413206
660295
278476
413206
660295
11218145
413206
210580
358804
210580
413206
358804
660295
278476
660295
210580
4288834
210580
1863111
210580
4538686
210580
500334269
358804
210580
210580
358804
210580
358804
413206
278476
210580
278476
358804
1536789
4080591
210580
210580
210580
1536789
278476
413206
358804
278476
7748040
210580
210580
4080591
210580
278476
4080591
358804
413206
278476
945465
358804
358804
413206
358804
413206
413206
6554490
210580
278476
358804
210580
278476
278476
210580
4080591
413206
358804
358804
11797176
210580
210580
413206
210580
10252683
210580
803862
278476
358804
358804
358804
210580
210580
413206
4865291
210580
278476
210580
6360724
358804
210580
413206
413206
1536789
358804
210580
358804
1536789
3497382
358804
210580
358804
413206
413206
358804
358804
278476
945465
210580
278476
413206
210580
152649197
3628970
210580
413206
358804
210580
224858465
358804
5910919
278476
210580
210580
6360724
660295
4538686
4922217
210580
358804
358804
210580
803862
210580
358804
358804
278476
4080591
7746446
210580
2104777
210580
278476
803862
210580
210580
1536789
6881659
21496701
803862
210580
413206
358804
413206
660295
4288834
210580
358804
1536789
1536789
210580
358804
803862
278476
210580
1536789
8211605
413206
210580
1536789
358804
278476
210580
210580
210580
210580
278476
278476
413206
210580
413206
210580
358804
660295
210580
358804
210580
358804
358804
278476
413206
413206
358804
358804
278476
210580
358804
278476
8211605
413206
413206
358804
358804
210580
210580
803862
358804
210580
413206
210580
413206
358804
210580
278476
3628970
210580
413206
1536789
24329608
210580
358804
210580
138952139
210580
210580
210580
278476
30018429
358804
210580
358804
210580
358804
413206
210580
26086652
278476
210580
210580
358804
413206
358804
327511470
358804
413206
210580
210580
358804
3497382
413206
278476
278476
2185318
278476
358804
1863111
1863111
358804
413206
210580
210580
413206
358804
24329608
1863111
278476
210580
210580
4080591
210580
358804
210580
210580
413206
278476
358804
413206
358804
278476
210580
358804
1536789
34080596
660295
803862
1536789
413206
358804
18695744
4080591
413206
210580
4538686
413206
413206
278476
358804
1536789
210580
278476
2185318
358804
660295
413206
210580
210580
358804
21496701
358804
413206
803862
278476
358804
413206
660295
4288834
278476
278476
210580
2185318
358804
2104777
803862
253967839
4080591
358804
358804
803862
278476
1536789
210580
660295
278476
358804
210580
358804
358804
413206
358804
210580
278476
358804
210580
210580
358804
413206
1536789
413206
358804
278476
210580
660295
358804
413206
210580
358804
358804
210580
358804
210580
358804
358804
210580
413206
413206
210580
660295
210580
358804
660295
358804
803862
210580
210580
210580
210580
413206
358804
1536789
660295
210580
4865291
210580
413206
278476
210580
413206
1863111
1536789
358804
413206
6360724
210580
278476
2104777
278476
210580
4922217
278476
9462907
210580
278476
413206
210580
1536789
945465
803862
210580
210580
210580
210580
413206
413206
358804
413206
12262878
2185318
358804
358804
358804
1863111
1863111
358804
210580
210580
413206
1536789
358804
358804
358804
278476
413206
1863111
210580
210580
358804
413206
210580
1536789
413206
413206
210580
413206
358804
413206
413206
6360724
210580
413206
660295
1536789
413206
358804
660295
413206
4080591
210580
358804
210580
210580
1536789
70741937
358804
4865291
1536789
358804
210580
358804
358804
358804
660295
413206
358804
413206
210580
1536789
210580
660295
210580
210580
1536789
358804
4288834
210580
278476
278476
358804
358804
413206
4865291
358804
9462907
358804
358804
210580
210580
358804
8209616
278476
278476
278476
945465
413206
278476
210580
210580
358804
4080591
278476
413206
358804
210580
210580
413206
1863111
1536789
6360724
4080591
278476
210580
660295
210580
210580
4865291
413206
210580
358804
413206
358804
210580
2185318
660295
358804
210580
4288834
358804
210580
210580
278476
358804
660295
358804
210580
210580
358804
210580
210580
358804
803862
134295307
413206
210580
210580
4922217
210580
413206
413206
358804
278476
413206
210580
210580
413206
413206
278476
278476
660295
278476
413206
210580
358804
358804
413206
210580
660295
358804
4922217
358804
358804
2104777
210580
210580
358804
210580
413206
358804
660295
278476
413206
413206
413206
278476
413206
358804
210580
278476
1536789
4080591
278476
358804
358804
210580
210580
1863111
2104777
210580
413206
210580
358804
1536789
210580
210580
210580
210580
210580
6360724
358804
210580
210580
803862
7219031
7219031
358804
15347873
210580
358804
358804
358804
210580
358804
210580
210580
413206
278476
413206
210580
413206
4080591
358804
210580
358804
358804
358804
210580
358804
413206
2185318
210580
413206
210580
210580
358804
36925573
358804
358804
413206
278476
1536789
278476
4080591
358804
278476
413206
278476
3628970
413206
110850847
358804
210580
413206
803862
413206
4922217
278476
1536789
210580
358804
358804
278476
358804
210580
1536789
413206
16674997
210580
1863111
413206
8550175
4922217
210580
413206
278476
413206
210580
15409410
210580
413206
10252683
24329608
210580
358804
4288834
358804
210580
358804
278476
210580
278476
210580
278476
210580
210580
413206
413206
278476
278476
358804
358804
266863417
358804
1536789
358804
413206
278476
358804
358804
358804
278476
413206
210580
660295
413206
991787441
358804
413206
210580
37557764
210580
210580
358804
210580
210580
413206
413206
413206
278476
4288834
4865291
358804
803862
660295
210580
210580
1536789
358804
210580
660295
210580
358804
278476
358804
210580
358804
413206
358804
358804
413206
413206
210580
358804
210580
210580
358804
3628970
278476
358804
358804
4922217
1536789
1536789
358804
1536789
210580
210580
358804
210580
210580
413206
1536789
4288834
210580
4080591
358804
4288834
803862
210580
1536789
210580
210580
358804
1536789
1536789
210580
413206
194016392
413206
358804
210580
1863111
210580
210580
358804
413206
358804
358804
413206
210580
210580
210580
413206
278476
278476
803862
210580
210580
1536789
14049051
358804
1536789
210580
358804
210580
413206
358804
59704900
358804
210580
1536789
278476
358804
278476
1536789
413206
413206
413206
210580
358804
413206
358804
278476
358804
413206
660295
210580
660295
358804
358804
660295
278476
278476
358804
413206
358804
210580
278476
210580
358804
14900087
278476
278476
278476
1536789
30758365
1536789
358804
413206
358804
413206
358804
278476
358804
358804
1536789
6554490
358804
358804
358804
7960568
278476
1863111
358804
278476
278476
358804
358804
413206
413206
358804
210580
210580
803862
210580
413206
1863111
945465
6694314
660295
278476
278476
210580
413206
210580
358804
358804
210580
210580
278476
210580
210580
413206
413206
1536789
278476
210580
358804
945465
358804
413206
358804
1536789
210580
1863111
210580
278476
413206
210580
358804
278476
413206
210580
358804
210580
7297018
358804
358804
413206
413206
1356546758
358804
210580
210580
358804
210580
413206
210580
358804
1536789
413206
413206
4288834
803862
413206
9462907
1863111
210580
660295
413206
1863111
210580
278476
210580
278476
278476
278476
1536789
210580
358804
25060061
9462907
1536789
358804
413206
278476
18695744
210580
210580
7674173
358804
210580
210580
413206
358804
945465
660295
278476
4538686
210580
358804
210580
210580
358804
358804
358804
1863111
4080591
803862
210580
413206
413206
358804
358804
358804
413206
278476
413206
413206
358804
278476
413206
210580
413206
14774212
413206
210580
803862
278476
413206
210580
13782944
413206
945465
1536789
358804
803862
6360724
210580
358804
210580
413206
210580
278476
358804
210580
358804
210580
358804
278476
358804
210580
210580
358804
358804
945465
358804
278476
358804
210580
278476
1536789
210580
358804
660295
210580
3497382
358804
210580
358804
358804
413206
413206
413206
210580
210580
1536789
358804
3628970
358804
413206
4538686
803862
210580
413206
210580
238232538
278476
278476
210580
210580
358804
358804
358804
358804
1863111
210580
1536789
210580
4538686
210580
210580
413206
358804
2185318
210580
210580
210580
358804
210580
413206
413206
210580
358804
210580
358804
210580
6360724
278476
278476
413206
3497382
413206
413206
278476
4538686
33715866
210580
278476
413206
358804
358804
210580
358804
210580
278476
278476
358804
210580
278476
358804
358804
358804
210580
1536789
358804
63927304
945465
803862
1536789
2185318
1536789
358804
210580
278476
413206
278476
278476
4865291
210580
9462907
358804
358804
11011834
210580
210580
7674173
278476
210580
413206
4922217
358804
660295
660295
278476
358804
210580
358804
358804
278476
1536789
210580
358804
10252683
210580
358804
358804
358804
210580
358804
210580
11797176
413206
4538686
210580
210580
358804
210580
2185318
210580
1536789
210580
210580
413206
358804
413206
210580
210580
210580
660295
4288834
278476
358804
358804
413206
210580
1863111
278476
1536789
278476
358804
413206
413206
210580
278476
413206
4922217
210580
413206
413206
278476
4080591
278476
10252683
413206
210580
413206
4865291
358804
358804
278476
358804
3497382
413206
278476
413206
278476
210580
1536789
278476
4865291
210580
413206
210580
358804
358804
6360724
210580
358804
358804
358804
358804
278476
358804
278476
358804
278476
358804
413206
210580
278476
413206
413206
1863111
413206
210580
803862
210580
278476
210580
11011834
210580
413206
358804
358804
358804
210580
278476
210580
21331682
9462907
358804
210580
278476
210580
1536789
1536789
278476
358804
358804
413206
210580
358804
4865291
210580
210580
803862
413206
278476
3497382
358804
358804
2185318
210580
1536789
210580
358804
358804
10252683
10754577
3628970
210580
358804
1536789
210580
358804
413206
660295
1863111
413206
13770942
2185318
3497382
358804
210580
278476
4922217
803862
210580
210580
19540842
413206
358804
210580
210580
413206
210580
660295
210580
358804
210580
210580
358804
210580
278476
358804
358804
210580
34080596
358804
210580
3628970
1536789
413206
7748040
358804
358804
803862
803862
278476
358804
358804
1536789
3497382
413206
210580
278476
278476
210580
210580
945465
358804
210580
210580
210580
358804
358804
1536789
358804
358804
413206
413206
210580
358804
210580
413206
210580
278476
210580
413206
358804
358804
278476
358804
413206
358804
210580
358804
413206
278476
278476
358804
358804
210580
210580
3497382
413206
413206
278476
1536789
413206
210580
210580
358804
210580
413206
210580
278476
4288834
210580
210580
278476
210580
358804
210580
1536789
358804
358804
24329608
109270013
210580
358804
413206
210580
945465
413206
210580
413206
210580
10252683
358804
413206
210580
358804
210580
3497382
278476
278476
210580
413206
210580
2782128
660295
358804
358804
1536789
210580
210580
210580
278476
660295
358804
413206
278476
413206
358804
210580
358804
660295
358804
413206
413206
413206
413206
1536789
9462907
210580
210580
358804
4538686
413206
210580
358804
358804
413206
413206
358804
1536789
358804
413206
358804
210580
278476
358804
358804
358804
413206
358804
358804
210580
660295
24329608
358804
1863111
1536789
9462907
210580
358804
358804
278476
210580
10582752
278476
358804
278476
660295
278476
1536789
210580
3628970
210580
278476
358804
413206
278476
4288834
413206
358804
210580
413206
358804
210580
210580
413206
358804
358804
358804
1536789
210580
358804
210580
413206
278476
1536789
210580
210580
358804
210580
4865291
2104777
358804
358804
278476
210580
358804
358804
358804
278476
358804
23755948
413206
4080591
278476
210580
210580
358804
413206
358804
210580
413206
413206
660295
358804
210580
210580
358804
3497382
358804
358804
210580
210580
210580
210580
278476
413206
278476
4288834
358804
358804
358804
945465
358804
278476
278476
413206
3497382
210580
14049051
210580
2185318
278476
413206
358804
3628970
660295
4080591
4922217
210580
358804
358804
3497382
210580
210580
413206
278476
358804
413206
278476
358804
358804
278476
358804
38406834
358804
210580
210580
210580
945465
278476
210580
6554490
358804
1536789
358804
210580
358804
210580
210580
210580
210580
278476
413206
413206
1863111
803862
2104777
6360724
358804
413206
22379891
210580
210580
358804
2185318
210580
358804
210580
210580
358804
413206
358804
210580
660295
413206
210580
413206
210580
1536789
278476
358804
358804
210580
210580
210580
278476
278476
358804
413206
413206
358804
1536789
413206
803862
210580
210580
210580
278476
210580
413206
210580
413206
3497382
210580
278476
358804
1863111
358804
278476
358804
413206
358804
210580
1536789
358804
210580
210580
210580
413206
210580
358804
210580
413206
210580
358804
210580
2185318
6360724
210580
358804
210580
210580
803862
36441267
210580
358804
278476
210580
1536789
210580
210580
413206
210580
358804
210580
278476
278476
413206
210580
358804
413206
4865291
210580
358804
358804
358804
358804
660295
210580
358804
11011834
210580
1536789
358804
413206
413206
278476
278476
210580
3497382
210580
413206
358804
413206
41490171
413206
358804
210580
278476
210580
210580
413206
210580
210580
210580
1536789
358804
210580
210580
413206
1536789
210580
358804
358804
413206
7748040
945465
358804
210580
358804
413206
413206
14774212
358804
660295
4080591
358804
803862
210580
210580
358804
210580
5905425
210580
358804
210580
1863111
210580
413206
660295
358804
210580
413206
210580
210580
358804
358804
413206
660295
278476
660295
413206
358804
358804
4865291
358804
278476
278476
358804
358804
660295
945465
2104777
413206
278476
413206
210580
413206
278476
210580
413206
11797176
210580
413206
3628970
660295
358804
278476
358804
413206
358804
413206
358804
660295
278476
358804
2104777
358804
413206
3628970
413206
358804
278476
358804
358804
358804
660295
358804
64056851
1536789
210580
210580
413206
358804
6312603
10252683
413206
278476
210580
413206
278476
278476
278476
358804
210580
358804
210580
210580
45027761
358804
358804
210580
24329608
660295
413206
358804
210580
358804
6360724
358804
210580
358804
9861080
1536789
59917403
413206
210580
278476
278476
210580
278476
413206
210580
358804
210580
358804
210580
278476
4288834
413206
210580
210580
358804
210580
1536789
413206
4080591
210580
30758365
278476
358804
11011834
803862
1536789
358804
358804
413206
278476
413206
413206
4922217
210580
210580
1536789
413206
413206
358804
413206
278476
358804
210580
210580
358804
4080591
210580
210580
358804
413206
3628970
358804
278476
358804
278476
3497382
2185318
413206
210580
358804
1863111
27019765
1536789
11011834
278476
358804
358804
358804
210580
1536789
4080591
413206
358804
3497382
210580
413206
4080591
210580
210580
358804
278476
413206
210580
660295
210580
2185318
210580
278476
358804
3628970
278476
358804
358804
413206
358804
210580
413206
278476
210580
358804
358804
358804
413206
413206
1536789
210580
210580
210580
210580
358804
278476
358804
413206
278476
12262878
4538686
358804
1536789
1536789
413206
358804
278476
12262878
358804
358804
6360724
278476
210580
413206
358804
7746446
210580
358804
358804
413206
413206
210580
413206
278476
2104777
278476
278476
358804
4538686
660295
210580
38406834
210580
358804
210580
358804
210580
358804
413206
358804
210580
358804
413206
4080591
278476
358804
413206
1863111
210580
1536789
1536789
210580
413206
413206
358804
413206
25060061
803862
358804
358804
210580
210580
413206
278476
413206
210580
803862
413206
358804
210580
210580
413206
358804
278476
358804
358804
210580
358804
358804
210580
413206
210580
59118066
1536789
413206
358804
4865291
358804
210580
413206
803862
210580
278476
358804
413206
278476
413206
278476
358804
210580
358804
278476
210580
3628970
210580
358804
358804
6360724
278476
358804
358804
278476
210580
210580
278476
10252683
13659979
210580
358804
660295
1536789
278476
210580
358804
1536789
210580
210580
358804
210580
210580
278476
413206
210580
358804
210580
278476
210580
4538686
114773854
6360724
210580
413206
210580
803862
210580
803862
210580
358804
413206
358804
413206
210580
358804
413206
210580
1863111
210580
413206
358804
413206
210580
413206
358804
278476
278476
210580
413206
803862
358804
210580
358804
210580
358804
413206
210580
413206
14049051
358804
4288834
22632266
358804
358804
1536789
358804
358804
278476
358804
210580
210580
413206
358804
358804
278476
210580
413206
278476
210580
358804
210580
358804
413206
278476
210580
10754577
210580
210580
210580
210580
413206
358804
803862
4080591
210580
210580
413206
358804
358804
210580
278476
945465
358804
278476
210580
210580
278476
413206
2104777
24329608
4288834
358804
413206
210580
22632266
6292310
4080591
413206
358804
210580
278476
4865291
210580
1536789
358804
358804
358804
1536789
210580
413206
358804
3628970
660295
1536789
4922217
210580
413206
413206
3628970
2782128
413206
210580
210580
358804
210580
358804
278476
358804
660295
413206
278476
210580
358804
358804
278476
358804
413206
210580
278476
358804
413206
3628970
210580
413206
210580
278476
413206
803862
803862
278476
210580
210580
210580
210580
358804
413206
210580
358804
278476
660295
210580
358804
3497382
210580
1536789
2185318
358804
210580
358804
358804
210580
210580
358804
210580
358804
278476
18695744
210580
210580
358804
413206
210580
1536789
4538686
413206
278476
2185318
413206
9462907
358804
14049051
278476
210580
358804
210580
358804
358804
210580
210580
358804
803862
413206
210580
1536789
210580
99764967
358804
210580
803862
1536789
413206
358804
1536789
51655947
210580
358804
2185318
278476
1536789
358804
413206
413206
278476
210580
413206
358804
3497382
210580
278476
278476
358804
413206
413206
210580
803862
210580
803862
413206
413206
210580
358804
413206
210580
803862
413206
210580
210580
413206
413206
1536789
3628970
358804
210580
358804
210580
358804
210580
358804
278476
660295
358804
210580
6360724
64375869
358804
210580
28657550
1536789
210580
358804
4288834
358804
358804
358804
660295
21695551
1536789
413206
6292310
4922217
210580
210580
413206
210580
210580
413206
1536789
10252683
210580
210580
1536789
358804
6554490
278476
210580
358804
278476
1536789
358804
210580
210580
413206
358804
210580
358804
278476
6554490
358804
413206
210580
1536789
278476
1536789
210580
413206
4288834
358804
210580
210580
126227856
358804
358804
210580
210580
210580
9462907
358804
210580
278476
210580
278476
210580
3628970
413206
210580
660295
1863111
210580
413206
358804
210580
358804
210580
413206
278476
358804
660295
210580
278476
58201382
358804
660295
413206
358804
2185318
26101035
358804
3497382
4080591
413206
210580
210580
413206
210580
413206
358804
413206
358804
2104777
358804
210580
358804
413206
7019173
278476
413206
278476
413206
945465
358804
4080591
210580
358804
210580
413206
358804
413206
278476
210580
210580
358804
660295
358804
4865291
660295
11797176
803862
413206
358804
4538686
413206
210580
358804
210580
413206
358804
210580
358804
278476
358804
413206
945465
210580
278476
210580
241197267
660295
210580
803862
358804
210580
1536789
210580
1536789
210580
358804
358804
413206
1863111
210580
358804
358804
7748040
660295
803862
210580
1863111
278476
413206
413206
278476
358804
210580
1536789
413206
210580
210580
210580
413206
210580
278476
358804
413206
358804
413206
210580
278476
413206
358804
210580
660295
1536789
210580
358804
803862
210580
358804
358804
4288834
210580
4538686
413206
278476
358804
358804
278476
358804
358804
945465
210580
210580
210580
210580
210580
210580
278476
210580
210580
660295
358804
278476
3628970
210580
210580
3628970
358804
1536789
803862
358804
210580
210580
358804
413206
7219031
210580
13336410
210580
358804
3497382
413206
358804
660295
210580
278476
660295
210580
210580
6360724
1536789
413206
358804
210580
210580
210580
358804
358804
1536789
358804
14049051
358804
660295
1536789
3497382
4538686
358804
358804
210580
210580
2185318
358804
358804
210580
210580
4288834
358804
278476
210580
278476
210580
1536789
358804
413206
358804
278476
358804
413206
210580
210580
210580
358804
210580
358804
413206
210580
1536789
803862
210580
210580
52626333
5905425
22379891
413206
1536789
210580
210580
210580
210580
413206
210580
210580
413206
278476
210580
413206
278476
413206
358804
18960775
210580
18695744
210580
210580
413206
358804
803862
803862
358804
413206
413206
358804
358804
210580
358804
1536789
4922217
210580
210580
210580
278476
413206
210580
210580
210580
413206
413206
2185318
358804
278476
6554490
24329608
358804
4080591
358804
413206
278476
278476
278476
210580
2782128
2185318
278476
15209207
210580
333864718
358804
358804
358804
358804
1536789
278476
358804
660295
210580
660295
413206
278476
210580
413206
3497382
358804
210580
413206
358804
358804
358804
413206
358804
413206
278476
413206
358804
28517149
358804
210580
1536789
660295
358804
358804
210580
1536789
278476
210580
1863111
358804
413206
210580
210580
1536789
210580
278476
278476
11797176
413206
413206
6360724
278476
210580
3628970
358804
210580
413206
100958093
413206
358804
10582752
358804
1863111
6360724
4865291
413206
358804
413206
210580
1536789
803862
358804
4288834
358804
210580
413206
358804
210580
9462907
4922217
358804
278476
278476
358804
358804
278476
358804
413206
210580
210580
210580
413206
1536789
210580
210580
413206
210580
210580
30156193
4080591
413206
2782128
210580
278476
358804
210580
358804
803862
413206
278476
210580
278476
278476
358804
358804
413206
1536789
413206
413206
278476
210580
4288834
358804
358804
358804
31986173
413206
1863111
358804
5910919
660295
358804
210580
278476
413206
358804
358804
210580
358804
7748040
6554490
358804
278476
413206
358804
803862
358804
413206
210580
413206
11797176
358804
4288834
210580
358804
358804
660295
210580
278476
358804
413206
413206
4288834
1536789
210580
210580
358804
2104777
210580
1863111
945465
413206
37557764
358804
358804
278476
358804
210580
358804
1536789
358804
413206
210580
210580
210580
210580
1536789
358804
50150264
413206
358804
1536789
210580
358804
413206
210580
210580
358804
210580
358804
2104777
1536789
4080591
358804
14900087
358804
358804
4080591
210580
210580
210580
413206
413206
358804
660295
358804
413206
4080591
210580
25060061
278476
4080591
210580
210580
1863111
660295
278476
210580
210580
413206
210580
358804
358804
278476
210580
210580
210580
358804
210580
3497382
4865291
210580
210580
358804
413206
358804
210580
210580
358804
358804
413206
210580
210580
413206
6360724
413206
3628970
210580
358804
210580
210580
803862
278476
3628970
803862
210580
1536789
210580
413206
358804
3497382
210580
210580
9462907
1863111
37557764
803862
358804
210580
2185318
358804
413206
358804
210580
9861080
210580
278476
50803252
278476
358804
11011834
358804
278476
1536789
210580
358804
210580
358804
55460119
358804
210580
210580
4288834
278476
413206
278476
1536789
358804
210580
210580
4922217
660295
413206
413206
358804
413206
413206
210580
4922217
37557764
278476
3628970
358804
210580
358804
210580
413206
413206
358804
358804
210580
210580
358804
413206
413206
358804
278476
358804
358804
1536789
210580
278476
278476
358804
210580
1536789
413206
413206
660295
278476
1536789
4080591
210580
210580
210580
358804
358804
358804
413206
278476
4288834
210580
210580
1536789
660295
278476
210580
358804
358804
358804
413206
358804
4080591
10252683
210580
413206
358804
210580
413206
210580
1536789
358804
210580
2185318
358804
358804
358804
4080591
278476
413206
413206
278476
413206
278476
413206
210580
803862
1536789
358804
803862
358804
278476
210580
210580
210580
4080591
9462907
358804
413206
278476
210580
413206
413206
210580
3628970
413206
4538686
2185318
358804
210580
660295
413206
413206
1536789
358804
2185318
210580
358804
358804
478243649
4538686
358804
413206
358804
210580
1536789
10252683
7163734
358804
803862
1536789
413206
4922217
1863111
660295
413206
358804
278476
413206
358804
210580
413206
3628970
358804
413206
413206
210580
413206
278476
1536789
210580
210580
210580
210580
358804
210580
278476
210580
4538686
1536789
358804
358804
210580
1863111
413206
358804
18695744
210580
358804
210580
210580
4865291
358804
358804
210580
358804
413206
660295
358804
413206
358804
358804
413206
15289673
210580
413206
413206
278476
210580
210580
210580
210580
4288834
358804
210580
278476
1863111
210580
1536789
278476
413206
413206
413206
358804
413206
660295
1536789
210580
358804
278476
358804
413206
210580
358804
660295
358804
8211605
210580
5905425
101393303
803862
9861080
3628970
4080591
278476
278476
210580
1536789
210580
210580
278476
210580
358804
4538686
358804
1863111
413206
4080591
1536789
210580
413206
278476
210580
278476
210580
6694314
278476
358804
1863111
358804
358804
413206
358804
210580
7297018
358804
413206
210580
358804
660295
1863111
210580
4922217
210580
210580
210580
803862
358804
17908277
278476
278476
210580
358804
278476
210580
358804
278476
358804
210580
239355099
210580
210580
1536789
803862
358804
660295
358804
358804
413206
413206
278476
358804
210580
210580
4080591
413206
210580
278476
210580
413206
210580
12262878
210580
2104777
278476
1405258
210580
413206
210580
358804
278476
1536789
358804
210580
210580
210580
210580
2104777
358804
358804
210580
413206
358804
1536789
413206
358804
413206
413206
278476
210580
4288834
413206
210580
358804
210580
4922217
122373126
358804
358804
358804
358804
358804
210580
278476
358804
413206
358804
413206
210580
210580
278476
210580
413206
1863111
278476
413206
358804
413206
358804
210580
3497382
413206
358804
210580
358804
210580
3497382
358804
13336410
278476
413206
210580
660295
358804
358804
1536789
210580
9462907
278476
210580
358804
210580
358804
358804
210580
278476
210580
413206
413206
3628970
9462907
3628970
413206
358804
210580
278476
18695744
210580
1863111
278476
358804
11011834
278476
660295
358804
413206
3628970
358804
26101035
278476
278476
210580
358804
413206
803862
2104777
358804
1536789
210580
358804
358804
358804
413206
2185318
10582752
413206
358804
6360724
358804
210580
210580
1863111
4922217
210580
358804
4288834
210580
210580
358804
803862
278476
358804
1536789
413206
278476
413206
7746446
358804
358804
358804
413206
413206
358804
358804
278476
413206
358804
210580
4288834
1863111
358804
4538686
358804
358804
278476
210580
358804
210580
358804
210580
210580
11799123
278476
358804
210580
1536789
413206
81423913
210580
210580
210580
3628970
358804
358804
210580
358804
210580
358804
278476
210580
4538686
358804
358804
358804
210580
358804
210580
46075660
210580
210580
4922217
358804
413206
358804
413206
428937952
278476
413206
660295
2782128
1536789
358804
45423936
358804
210580
1536789
210580
210580
358804
210580
1536789
4538686
3628970
413206
210580
1536789
803862
10582752
358804
358804
358804
413206
358804
1863111
413206
278476
4865291
413206
1536789
210580
210580
1863111
358804
358804
803862
3628970
210580
4922217
1536789
210580
413206
413206
413206
210580
358804
43394006
358804
210580
660295
2782128
1536789
358804
278476
210580
210580
210580
1536789
358804
358804
210580
358804
2185318
358804
30156193
210580
210580
358804
210580
660295
1536789
803862
278476
13336410
358804
210580
660295
413206
803862
358804
210580
358804
413206
358804
358804
278476
210580
210580
413206
4538686
358804
210580
358804
358804
210580
358804
210580
278476
210580
278476
210580
945465
210580
1536789
210580
210580
358804
278476
413206
358804
4538686
3628970
413206
278476
278476
4288834
210580
413206
210580
210580
413206
945465
6360724
278476
358804
358804
358804
210580
358804
413206
210580
1536789
210580
210580
660295
358804
358804
210580
278476
210580
210580
210580
358804
278476
358804
413206
358804
210580
278476
210580
210580
210580
413206
358804
210580
358804
1536789
210580
210580
413206
278476
210580
1536789
413206
413206
210580
660295
413206
358804
358804
803862
210580
358804
358804
1536789
210580
358804
358804
413206
660295
210580
278476
210580
413206
210580
14444781
278476
358804
2782128
358804
210580
278476
413206
210580
210580
210580
210580
278476
413206
278476
2782128
210580
358804
13782944
2104777
210580
210580
210580
3497382
210580
358804
358804
1536789
358804
210580
1536789
358804
210580
4922217
210580
278476
210580
413206
333084297
413206
210580
358804
278476
210580
358804
358804
358804
413206
803862
1536789
413206
2185318
61888234
6360724
358804
2782128
358804
210580
358804
358804
210580
2104777
358804
10252683
803862
210580
358804
210580
358804
2185318
1536789
210580
945465
660295
210580
413206
7297018
210580
210580
358804
278476
413206
278476
660295
278476
358804
210580
4288834
1536789
210580
358804
358804
358804
1863111
7746446
278476
358804
210580
210580
278476
1383876191
945465
358804
358804
278476
278476
413206
210580
278476
3628970
210580
413206
803862
1863111
278476
413206
278476
358804
660295
278476
358804
358804
1536789
210580
358804
4080591
413206
210580
2104777
413206
210580
413206
278476
2185318
210580
210580
210580
278476
803862
210580
11158125
945465
1536789
210580
1863111
413206
413206
413206
358804
358804
210580
210580
278476
210580
660295
413206
413206
413206
210580
358804
4080591
22379891
413206
413206
413206
210580
210580
358804
358804
210580
358804
413206
358804
660295
210580
803862
358804
210580
10582752
358804
358804
803862
413206
278476
358804
210580
278476
4538686
210580
210580
413206
1536789
413206
358804
413206
210580
210580
210580
358804
358804
413206
358804
358804
358804
210580
210580
413206
210580
278476
413206
210580
210580
413206
413206
210580
358804
358804
413206
803862
358804
358804
210580
24329608
278476
358804
358804
358804
413206
278476
11797176
358804
358804
4080591
413206
358804
210580
413206
358804
358804
413206
413206
1863111
358804
210580
210580
358804
210580
803862
210580
803862
413206
413206
210580
413206
3497382
660295
25258553
210580
413206
278476
4922217
358804
278476
210580
278476
358804
358804
210580
660295
413206
358804
210580
358804
210580
358804
278476
413206
413206
210580
413206
210580
1536789
4538686
358804
210580
358804
210580
358804
945465
413206
358804
81336722
210580
3628970
358804
210580
358804
210580
358804
210580
358804
413206
210580
26749627
358804
413206
413206
210580
210580
3628970
358804
358804
4080591
358804
413206
358804
1536789
358804
413206
413206
945465
210580
803862
210580
358804
660295
413206
413206
278476
210580
210580
3497382
210580
210580
210580
358804
358804
358804
358804
358804
413206
358804
278476
210580
210580
660295
210580
660295
413206
413206
210580
4538686
358804
413206
210580
1536789
358804
210580
358804
210580
413206
278476
358804
358804
413206
210580
803862
210580
210580
278476
660295
210580
210580
358804
413206
945465
278476
278476
358804
358804
413206
413206
278476
210580
358804
413206
210580
358804
413206
413206
660295
210580
6360724
278476
210580
358804
413206
358804
210580
210580
278476
210580
1536789
278476
358804
210580
413206
36925573
358804
358804
210580
413206
358804
413206
278476
358804
358804
210580
358804
210580
413206
358804
358804
210580
81336722
358804
7297018
358804
3628970
9462907
413206
413206
4080591
358804
358804
278476
210580
210580
660295
358804
4288834
210580
210580
413206
358804
210580
358804
358804
413206
11797176
278476
22379891
2185318
413206
210580
278476
210580
4922217
358804
358804
7960568
210580
10754577
1863111
660295
358804
358804
278476
413206
413206
278476
210580
278476
660295
413206
210580
413206
278476
210580
278476
1536789
413206
4288834
210580
210580
4080591
413206
210580
358804
210580
1536789
358804
358804
210580
210580
210580
210580
413206
24329608
1536789
660295
278476
413206
413206
358804
358804
1863111
413206
210580
358804
210580
210580
210580
210580
278476
413206
210580
660295
3497382
210580
358804
358804
210580
358804
358804
7297018
210580
278476
210580
210580
210580
210580
358804
1536789
210580
6694314
413206
210580
210580
413206
413206
50150264
358804
413206
358804
358804
358804
358804
945465
278476
210580
10754577
358804
210580
413206
358804
10582752
1536789
210580
358804
358804
413206
358804
413206
210580
210580
210580
413206
358804
1536789
358804
358804
278476
210580
278476
210580
1536789
358804
278476
413206
413206
210580
210580
278476
803862
413206
4922217
210580
358804
278476
3628970
413206
413206
413206
358804
278476
278476
210580
413206
210580
2104777
2104777
358804
210580
358804
413206
413206
278476
2185318
358804
945465
210580
358804
210580
210580
1536789
210580
210580
10252683
358804
358804
210580
210580
278476
210580
278476
413206
1536789
210580
358804
210580
358804
413206
358804
210580
358804
210580
413206
4080591
358804
413206
413206
210580
413206
278476
803862
358804
278476
413206
358804
210580
24907416
8598915
4080591
278476
660295
278476
413206
413206
15409410
278476
6360724
278476
358804
210580
210580
278476
210580
4080591
413206
210580
210580
358804
358804
413206
210580
358804
358804
210580
2104777
1536789
10252683
351735693
413206
278476
210580
358804
2185318
210580
358804
210580
4530734
358804
358804
278476
660295
1536789
3628970
413206
358804
413206
413206
1536789
358804
278476
9462907
210580
803862
1536789
413206
413206
358804
358804
358804
210580
413206
413206
210580
210580
3497382
278476
210580
210580
3497382
1536789
413206
358804
9462907
358804
358804
278476
4288834
413206
210580
358804
413206
278476
278476
2104777
2185318
358804
413206
278476
358804
278476
413206
210580
278476
1536789
413206
358804
660295
210580
210580
358804
210580
210580
358804
8209616
358804
4922217
413206
358804
358804
210580
210580
210580
210580
413206
1536789
278476
413206
358804
413206
358804
413206
413206
210580
210580
10582752
210580
4288834
358804
358804
210580
358804
278476
413206
413206
358804
2185318
210580
358804
413206
358804
358804
210580
358804
37557764
358804
413206
1536789
413206
358804
210580
358804
10252683
1536789
413206
16674997
358804
9462907
210580
210580
413206
413206
358804
210580
278476
210580
210580
358804
210580
413206
278476
210580
413206
358804
210580
15409410
210580
413206
210580
358804
210580
3628970
210580
278476
210580
278476
278476
278476
358804
210580
413206
358804
358804
210580
358804
4288834
210580
413206
358804
210580
278476
413206
1863111
278476
358804
49438529
358804
413206
210580
4288834
358804
413206
1536789
210580
413206
358804
413206
278476
358804
358804
358804
660295
210580
358804
210580
278476
660295
278476
358804
2104777
1536789
803862
4538686
2185318
358804
210580
358804
210580
278476
358804
358804
358804
9861080
358804
358804
358804
358804
1536789
210580
413206
358804
210580
210580
210580
278476
358804
278476
358804
413206
2185318
210580
803862
210580
278476
358804
3628970
358804
803862
24276645
358804
6360724
803862
210580
210580
413206
358804
413206
210580
13782944
413206
278476
2185318
210580
660295
210580
4080591
210580
210580
210580
413206
413206
1536789
358804
358804
1536789
660295
278476
358804
358804
210580
1536789
358804
278476
358804
210580
210580
358804
41490171
15336486
210580
26101035
358804
1536789
358804
413206
278476
278476
278476
210580
413206
210580
413206
358804
1536789
413206
4288834
413206
1536789
358804
660295
210580
413206
358804
413206
210580
210580
358804
413206
210580
803862
278476
660295
358804
413206
413206
358804
358804
358804
278476
210580
210580
1536789
358804
278476
413206
210580
210580
803862
945465
358804
4080591
210580
210580
358804
413206
210580
413206
7297018
413206
660295
210580
358804
210580
210580
1536789
210580
49896238
210580
210580
358804
358804
358804
278476
1536789
10252683
660295
278476
413206
210580
210580
210580
660295
210580
413206
210580
358804
1536789
278476
1536789
358804
210580
210580
210580
358804
210580
210580
358804
278476
358804
278476
413206
413206
6360724
413206
1536789
358804
413206
7960568
3497382
413206
278476
358804
413206
278476
278476
358804
358804
278476
358804
210580
210580
210580
10252683
358804
210580
358804
210580
4080591
413206
413206
358804
278476
6360724
210580
210580
358804
1536789
660295
1536789
358804
413206
210580
803862
660295
4538686
210580
210580
358804
210580
210580
660295
358804
660295
210580
358804
210580
9462907
26101035
358804
358804
210580
210580
278476
210580
1536789
4922217
358804
413206
358804
358804
210580
1536789
358804
155340507
358804
210580
278476
413206
358804
413206
1863111
1536789
358804
278476
413206
210580
358804
803862
278476
413206
278476
358804
803862
358804
210580
358804
278476
413206
358804
413206
210580
3628970
413206
358804
358804
9462907
81423913
210580
56433874
358804
660295
3628970
210580
210580
4922217
358804
413206
358804
358804
413206
278476
4922217
210580
413206
210580
660295
210580
358804
210580
1536789
210580
413206
803862
210580
210580
210580
210580
358804
4080591
1536789
210580
413206
10754577
4080591
210580
278476
278476
660295
210580
358804
210580
358804
3628970
210580
210580
358804
413206
210580
358804
210580
210580
210580
358804
210580
413206
210580
210580
358804
358804
210580
803862
803862
413206
210580
1536789
413206
358804
10582752
210580
358804
4922217
210580
358804
278476
413206
413206
210580
210580
660295
358804
278476
10252683
413206
1536789
358804
278476
358804
358804
278476
358804
210580
278476
358804
358804
37557764
3628970
358804
358804
358804
210580
210580
2185318
210580
358804
278476
2185318
278476
413206
278476
358804
278476
413206
210580
278476
14049051
358804
358804
413206
210580
210580
210580
278476
210580
278476
358804
278476
1536789
210580
413206
210580
210580
22379891
413206
278476
21331682
413206
358804
413206
210580
1536789
358804
1536789
210580
210580
358804
358804
1863111
660295
413206
45027761
358804
210580
278476
358804
413206
10252683
1863111
210580
358804
413206
358804
2185318
358804
210580
7746446
413206
945465
1863111
358804
22632266
21496701
278476
413206
210580
278476
413206
413206
413206
413206
358804
413206
803862
803862
358804
945465
210580
278476
358804
413206
210580
358804
358804
210580
413206
358804
210580
358804
358804
1536789
210580
358804
413206
210580
413206
210580
660295
358804
210580
413206
413206
210580
210580
1863111
6360724
358804
210580
278476
413206
358804
210580
413206
210580
358804
210580
278476
358804
1536789
24329608
278476
210580
1863111
413206
358804
358804
358804
358804
210580
2185318
803862
6360724
413206
413206
2185318
413206
210580
803862
210580
210580
4080591
358804
358804
3497382
10582752
210580
358804
7297018
210580
413206
278476
413206
278476
210580
660295
210580
1863111
210580
210580
358804
660295
413206
413206
358804
210580
210580
210580
413206
210580
210580
413206
413206
210580
210580
1536789
413206
4080591
210580
278476
2185318
210580
81423913
358804
358804
2104777
210580
660295
3628970
413206
413206
358804
210580
358804
210580
1863111
3497382
210580
278476
9462907
358804
358804
4922217
278476
3628970
210580
210580
210580
4865291
210580
210580
413206
358804
210580
413206
413206
1536789
660295
210580
413206
5905425
210580
278476
210580
210580
24329608
358804
278476
413206
210580
278476
278476
358804
660295
210580
358804
413206
210580
358804
278476
6360724
10754577
4080591
413206
413206
358804
358804
413206
413206
10252683
413206
210580
358804
413206
210580
210580
1536789
358804
210580
210580
2782128
358804
210580
660295
358804
358804
660295
278476
4080591
210580
358804
358804
358804
1536789
358804
358804
358804
278476
413206
358804
10691448
358804
358804
210580
210580
358804
210580
1863111
278476
210580
210580
660295
210580
210580
358804
236002781
1536789
358804
4080591
3628970
803862
210580
210580
358804
413206
1536789
358804
278476
210580
278476
210580
278476
413206
413206
210580
6554490
1536789
210580
358804
210580
413206
413206
358804
210580
210580
210580
413206
1536789
413206
278476
210580
210580
210580
14049051
358804
210580
210580
278476
358804
210580
413206
358804
210580
210580
358804
358804
210580
210580
413206
660295
210580
358804
803862
210580
278476
210580
358804
413206
358804
278476
37557764
210580
210580
358804
660295
210580
210580
210580
210580
10582752
210580
210580
278476
413206
413206
210580
210580
210580
358804
358804
358804
4288834
210580
8211605
413206
210580
4538686
413206
358804
358804
413206
413206
660295
4288834
358804
358804
358804
4288834
210580
945465
413206
210580
358804
210580
210580
1536789
278476
278476
1536789
210580
2185318
358804
358804
1536789
358804
6554490
210580
358804
210580
4288834
945465
358804
210580
210580
210580
413206
413206
210580
413206
278476
4288834
413206
278476
4080591
278476
210580
413206
1536789
413206
413206
278476
210580
1536789
3497382
358804
210580
210580
210580
4080591
413206
24329608
210580
660295
6694314
210580
413206
47395809
413206
1536789
210580
358804
358804
120734899
278476
210580
210580
413206
358804
6360724
278476
358804
1536789
413206
210580
9462907
59463969
358804
55645689
210580
210580
358804
210580
358804
210580
413206
358804
210580
358804
210580
413206
358804
413206
1536789
413206
101393303
278476
278476
413206
278476
210580
210580
358804
803862
210580
15336486
358804
210580
210580
358804
660295
660295
413206
660295
660295
278476
1536789
4080591
210580
210580
210580
413206
4922217
358804
413206
210580
358804
210580
6360724
413206
51917347
660295
358804
210580
358804
358804
358804
6360724
210580
1536789
3497382
413206
945465
210580
278476
210580
4865291
210580
358804
1536789
210580
358804
278476
660295
358804
210580
660295
210580
210580
413206
9462907
1536789
4288834
358804
413206
210580
2782128
210580
210580
18695744
413206
660295
358804
11797176
278476
30156193
413206
210580
210580
210580
210580
413206
358804
1536789
358804
358804
210580
358804
210580
358804
358804
1536789
11797176
278476
358804
358804
413206
210580
358804
210580
9861080
210580
210580
413206
358804
210580
1863111
210580
210580
1536789
278476
3497382
21695551
210580
358804
358804
413206
660295
210580
803862
278476
358804
358804
210580
4288834
413206
2782128
278476
278476
358804
210580
358804
413206
13782944
278476
413206
4865291
210580
210580
210580
210580
10252683
2782128
210580
278476
3628970
358804
358804
660295
358804
210580
413206
358804
210580
110850847
210580
278476
660295
210580
945465
210580
210580
470233573
660295
278476
413206
46608146
413206
210580
278476
413206
358804
4538686
210580
358804
358804
3497382
358804
358804
210580
358804
358804
413206
210580
358804
210580
358804
278476
6554490
358804
3628970
358804
358804
278476
210580
3628970
210580
210580
660295
210580
358804
210580
210580
210580
278476
115017570
210580
278476
358804
413206
210580
358804
210580
358804
358804
413206
210580
210580
358804
210580
358804
18695744
3628970
278476
413206
1863111
358804
1536789
358804
210580
413206
210580
358804
210580
358804
210580
413206
210580
1863111
945465
3628970
210580
4080591
210580
210580
210580
210580
1536789
358804
210580
210580
210580
413206
1536789
151531325
278476
278476
358804
413206
210580
7297018
1863111
413206
278476
358804
660295
210580
210580
413206
3497382
413206
358804
1536789
2185318
803862
6554490
210580
358804
1536789
210580
358804
278476
210580
278476
210580
21331682
278476
4538686
358804
210580
1536789
4080591
210580
358804
278476
210580
210580
358804
358804
358804
358804
210580
413206
210580
413206
413206
210580
210580
210580
8598915
210580
358804
413206
358804
358804
2185318
358804
358804
413206
803862
210580
10754577
21331682
210580
173499424
278476
210580
210580
210580
413206
278476
210580
210580
278476
210580
10252683
413206
10252683
660295
210580
210580
22632266
210580
210580
278476
413206
358804
210580
358804
210580
4288834
1536789
210580
2104777
358804
38406834
358804
210580
210580
1863111
278476
1536789
210580
210580
413206
413206
358804
358804
413206
278476
278476
278476
660295
210580
413206
210580
278476
210580
413206
210580
413206
210580
210580
1536789
358804
358804
413206
210580
278476
278476
4080591
660295
803862
660295
210580
210580
413206
210580
278476
6360724
413206
413206
358804
803862
413206
358804
413206
660295
358804
278476
413206
210580
358804
413206
210580
358804
358804
413206
21331682
210580
413206
358804
413206
358804
278476
358804
358804
358804
278476
278476
358804
413206
413206
210580
210580
358804
358804
278476
278476
4538686
358804
278476
358804
9254269
1863111
1536789
210580
358804
413206
358804
358804
358804
210580
278476
210580
413206
358804
7748040
413206
413206
358804
4288834
278476
413206
660295
413206
210580
278476
278476
278476
358804
10252683
358804
210580
358804
1863111
358804
210580
210580
358804
210580
413206
210580
210580
358804
6292310
358804
358804
413206
660295
210580
358804
57420071
358804
358804
358804
358804
210580
210580
803862
358804
358804
210580
803862
358804
22379891
210580
210580
210580
660295
1536789
210580
660295
5910919
413206
358804
413206
210580
210580
413206
210580
210580
413206
1863111
358804
2185318
358804
9861080
210580
660295
3628970
413206
278476
5905425
358804
660295
358804
2185318
413206
210580
4922217
210580
1536789
413206
413206
413206
1536789
210580
210580
210580
278476
210580
358804
210580
278476
278476
278476
945465
6360724
358804
413206
210580
358804
358804
358804
358804
3497382
210580
210580
278476
413206
278476
358804
358804
278476
278476
2104777
413206
358804
210580
210580
210580
1536789
413206
660295
210580
210580
210580
210580
210580
358804
358804
210580
278476
358804
2104777
413206
210580
660295
1536789
413206
34080596
210580
413206
413206
210580
210580
1536789
358804
10252683
4080591
358804
56433874
413206
358804
358804
6292310
210580
358804
210580
210580
413206
1536789
210580
358804
358804
1863111
210580
278476
358804
4538686
413206
1536789
210580
413206
803862
278476
358804
3628970
413206
210580
358804
660295
278476
413206
358804
803862
278476
358804
210580
210580
3497382
6360724
358804
660295
210580
210580
4865291
358804
1536789
278476
358804
660295
210580
210580
6360724
413206
413206
358804
210580
2185318
413206
358804
210580
278476
413206
278476
210580
660295
358804
210580
358804
278476
358804
210580
413206
210580
278476
210580
210580
6360724
803862
9462907
803862
210580
2104777
210580
1536789
1536789
358804
278476
210580
358804
210580
358804
413206
6360724
660295
413206
413206
358804
358804
358804
413206
210580
210580
278476
358804
278476
413206
413206
358804
210580
413206
4080591
358804
9462907
358804
210580
6360724
4080591
413206
413206
278476
210580
210580
210580
413206
1536789
413206
210580
803862
1536789
358804
803862
210580
413206
1536789
210580
278476
7219031
413206
1536789
210580
210580
3628970
11011834
358804
413206
210580
210580
358804
278476
358804
210580
210580
278476
358804
803862
210580
210580
358804
358804
278476
358804
2185318
358804
210580
358804
358804
660295
358804
358804
413206
413206
358804
358804
6360724
9861080
413206
358804
3628970
210580
358804
4865291
358804
210580
210580
358804
358804
413206
210580
358804
210580
210580
358804
210580
358804
210580
4080591
4080591
413206
6554490
210580
358804
210580
210580
413206
358804
278476
278476
6360724
358804
278476
358804
358804
210580
210580
358804
278476
358804
210580
358804
358804
358804
210580
945465
4080591
210580
278476
358804
30287176
413206
358804
278476
210580
6694314
278476
210580
413206
4538686
358804
9861080
19540842
210580
1536789
210580
358804
278476
210580
413206
358804
1536789
210580
278476
358804
84954870
413206
358804
278476
358804
413206
278476
660295
278476
358804
210580
210580
358804
358804
358804
210580
413206
413206
413206
278476
9254269
358804
278476
413206
358804
358804
210580
210580
210580
210580
210580
4538686
4288834
278476
278476
210580
358804
11011834
358804
210580
8211605
4922217
210580
358804
358804
803862
1863111
278476
413206
210580
210580
413206
358804
358804
210580
413206
210580
210580
358804
278476
210580
278476
278476
358804
4865291
358804
1536789
210580
1536789
278476
278476
210580
358804
358804
210580
210580
210580
278476
210580
278476
210580
9462907
413206
358804
358804
413206
210580
210580
413206
413206
2104777
358804
1536789
278476
358804
413206
413206
358804
210580
660295
278476
210580
278476
660295
358804
210580
413206
660295
278476
358804
358804
9462907
210580
278476
1536789
413206
1863111
413206
358804
358804
660295
660295
10582752
413206
1536789
210580
358804
278476
210580
945465
210580
210580
413206
210580
210580
174939699
358804
278476
210580
413206
2185318
210580
358804
278476
210580
660295
210580
210580
1536789
210580
210580
210580
278476
358804
210580
191328227
358804
210580
210580
210580
358804
358804
210580
358804
358804
2185318
413206
278476
358804
278476
413206
358804
413206
413206
278476
210580
210580
660295
413206
1536789
210580
358804
210580
210580
413206
21331682
358804
660295
278476
210580
210580
358804
358804
278476
210580
210580
3497382
358804
210580
210580
358804
413206
803862
210580
11799123
358804
358804
358804
413206
358804
358804
358804
660295
358804
7746446
278476
210580
122373126
210580
413206
358804
210580
358804
210580
210580
278476
210580
413206
413206
358804
660295
278476
210580
358804
358804
358804
413206
413206
358804
210580
358804
358804
358804
803862
278476
210580
210580
7960568
210580
278476
278476
83304777
413206
660295
1863111
210580
210580
358804
358804
210580
358804
4538686
278476
278476
278476
358804
2104777
210580
945465
358804
358804
210580
210580
358804
210580
210580
4288834
210580
413206
413206
210580
210580
210580
1863111
210580
413206
413206
278476
413206
358804
278476
4922217
358804
278476
413206
358804
413206
803862
278476
413206
210580
278476
413206
278476
358804
7297018
358804
1536789
358804
210580
358804
4080591
1536789
413206
210580
278476
210580
278476
660295
6360724
210580
210580
210580
413206
358804
413206
358804
210580
6292310
413206
278476
358804
413206
413206
413206
210580
358804
413206
3497382
210580
1536789
210580
413206
358804
278476
278476
210580
1536789
358804
1536789
358804
4288834
358804
358804
1536789
210580
2104777
210580
358804
358804
358804
413206
413206
4080591
358804
358804
210580
358804
210580
413206
278476
803862
413206
278476
278476
1863111
210580
413206
358804
660295
2185318
358804
210580
212954446
358804
413206
413206
413206
210580
358804
210580
210580
413206
210580
210580
278476
3497382
210580
2185318
413206
278476
1536789
210580
278476
358804
660295
413206
358804
358804
210580
4538686
278476
278476
358804
1536789
413206
6881659
278476
413206
358804
278476
413206
2185318
210580
413206
413206
660295
278476
210580
210580
358804
210580
358804
210580
210580
278476
4288834
413206
210580
278476
358804
210580
3497382
210580
3497382
4922217
1536789
413206
210580
358804
358804
413206
210580
210580
358804
210580
210580
358804
210580
278476
30018429
210580
413206
413206
2185318
210580
4080591
660295
278476
413206
210580
210580
413206
210580
210580
358804
413206
4080591
358804
278476
278476
278476
660295
358804
210580
278476
210580
278476
358804
210580
945465
803862
803862
210580
413206
210580
278476
210580
11797176
210580
358804
210580
210580
10582752
358804
413206
413206
210580
358804
413206
413206
4080591
358804
413206
1536789
210580
210580
1536789
660295
278476
358804
210580
358804
358804
278476
278476
413206
358804
358804
413206
210580
358804
278476
278476
660295
413206
413206
358804
10691448
413206
413206
413206
210580
358804
413206
413206
278476
413206
4288834
358804
4080591
358804
413206
358804
22632266
358804
10252683
358804
4865291
210580
1863111
358804
278476
210580
413206
210580
2782128
358804
413206
413206
1536789
210580
358804
358804
210580
413206
210580
413206
358804
278476
358804
413206
210580
3628970
358804
358804
210580
413206
413206
803862
210580
210580
4288834
358804
358804
413206
358804
358804
413206
7163734
358804
210580
358804
413206
660295
278476
210580
22815191
278476
2185318
413206
803862
358804
1536789
1863111
102386416
358804
2185318
278476
413206
278476
413206
210580
210580
4080591
413206
210580
6360724
210580
358804
1536789
210580
344533265
3497382
210580
7674173
24329608
278476
4530734
210580
358804
210580
413206
358804
278476
358804
660295
210580
210580
210580
1536789
358804
1863111
413206
210580
660295
660295
278476
413206
4865291
2185318
660295
210580
210580
278476
358804
210580
358804
210580
210580
210580
413206
278476
2104777
210580
210580
210580
4538686
210580
278476
660295
413206
210580
358804
8598915
278476
358804
210580
358804
413206
278476
358804
278476
210580
1536789
210580
210580
23755948
210580
3628970
1536789
22815191
210580
358804
358804
210580
278476
358804
210580
1536789
1536789
210580
413206
358804
413206
278476
278476
210580
358804
278476
210580
3628970
358804
210580
413206
210580
210580
945465
358804
413206
210580
4865291
12262878
278476
2104777
278476
210580
210580
358804
210580
278476
4288834
803862
660295
358804
2185318
278476
413206
4288834
210580
278476
210580
660295
5910919
210580
413206
945465
358804
3628970
23755948
358804
358804
20273354
210580
4288834
210580
413206
413206
413206
210580
413206
358804
358804
210580
945465
278476
278476
4288834
210580
358804
358804
210580
278476
7960568
413206
358804
358804
358804
210580
358804
278476
413206
210580
413206
413206
358804
358804
86837177
210580
358804
210580
358804
210580
210580
210580
358804
210580
210580
2185318
358804
210580
212231349
210580
660295
660295
1863111
278476
2104777
278476
413206
413206
6360724
278476
210580
358804
413206
413206
210580
210580
358804
803862
413206
660295
1536789
210580
1536789
210580
803862
278476
358804
358804
358804
413206
210580
413206
413206
210580
210580
660295
278476
413206
803862
358804
210580
358804
358804
358804
358804
358804
413206
210580
210580
210580
413206
6360724
1536789
210580
210580
358804
210580
210580
210580
278476
210580
358804
4080591
660295
358804
278476
413206
4288834
278476
358804
210580
12928107
210580
1536789
210580
35731978
210580
413206
358804
660295
4080591
803862
210580
4538686
210580
278476
210580
413206
210580
413206
358804
210580
210580
210580
358804
210580
413206
413206
278476
210580
210580
358804
413206
358804
358804
660295
358804
210580
413206
210580
358804
278476
210580
3628970
278476
278476
210580
210580
278476
278476
413206
660295
210580
15336486
210580
413206
210580
803862
803862
56433874
413206
210580
358804
4288834
210580
4538686
660295
1536789
278476
358804
358804
210580
413206
358804
210580
3628970
278476
358804
803862
413206
358804
278476
413206
660295
339559832
210580
210580
358804
358804
358804
10582752
278476
1863111
358804
358804
278476
358804
210580
1536789
1536789
358804
413206
210580
413206
413206
278476
413206
413206
413206
358804
278476
413206
4538686
210580
413206
210580
358804
803862
4288834
358804
3628970
210580
413206
210580
210580
49438529
358804
358804
2185318
358804
210580
3497382
413206
358804
413206
4538686
358804
3628970
278476
413206
945465
358804
413206
1536789
4538686
4538686
660295
13782944
358804
278476
210580
358804
2104777
1863111
278476
14049051
210580
210580
210580
1863111
210580
210580
413206
210580
210580
210580
210580
413206
210580
358804
278476
358804
358804
278476
278476
358804
358804
358804
278476
358804
210580
413206
278476
210580
358804
413206
210580
210580
18695744
278476
358804
1863111
358804
358804
413206
358804
7219031
358804
1536789
358804
210580
210580
358804
803862
358804
210580
278476
4080591
358804
358804
1536789
4530734
210580
47395809
358804
47395809
210580
2185318
358804
413206
358804
210580
1863111
1536789
358804
210580
413206
413206
358804
10252683
210580
210580
413206
358804
278476
413206
358804
210580
210580
210580
210580
358804
358804
413206
358804
660295
4080591
358804
358804
413206
413206
358804
10252683
210580
1536789
660295
10252683
210580
358804
1536789
803862
1536789
1536789
210580
358804
210580
210580
4288834
413206
3497382
413206
278476
210580
358804
278476
413206
210580
210580
210580
278476
358804
413206
358804
278476
1536789
358804
3497382
210580
2104777
660295
660295
13659979
358804
945465
210580
210580
358804
210580
210580
210580
1536789
358804
210580
358804
358804
278476
358804
3628970
803862
210580
210580
1536789
1863111
210580
210580
358804
413206
210580
413206
413206
358804
210580
278476
210580
4080591
358804
7297018
278476
358804
1536789
72903987
358804
413206
413206
7297018
358804
210580
660295
358804
358804
210580
358804
278476
413206
210580
6360724
358804
278476
358804
4538686
413206
358804
1863111
358804
358804
413206
2185318
210580
660295
803862
210580
413206
210580
210580
210580
210580
358804
803862
210580
413206
278476
278476
210580
278476
1536789
358804
210580
358804
358804
413206
358804
660295
413206
210580
210580
358804
413206
210580
225341975
358804
413206
358804
945465
358804
358804
1863111
6554490
358804
8209616
3628970
413206
413206
358804
210580
210580
358804
358804
413206
358804
358804
278476
210580
278476
210580
210580
278476
358804
660295
210580
413206
358804
4865291
358804
358804
358804
210580
1536789
1536789
278476
358804
278476
210580
413206
413206
1536789
278476
4538686
358804
210580
8598915
1863111
278476
358804
278476
10252683
413206
210580
358804
803862
1536789
210580
358804
413206
413206
660295
210580
413206
266882298
210580
358804
210580
413206
210580
1536789
210580
358804
210580
278476
358804
358804
210580
278476
413206
210580
358804
358804
358804
358804
3628970
210580
1536789
358804
278476
358804
358804
15209207
413206
278476
210580
803862
413206
358804
358804
358804
4080591
358804
413206
358804
11011834
358804
358804
413206
210580
358804
210580
413206
210580
210580
413206
210580
358804
660295
803862
358804
1536789
210580
1536789
210580
660295
210580
358804
358804
210580
278476
210580
358804
358804
413206
413206
358804
210580
1536789
660295
358804
278476
1536789
210580
278476
278476
210580
210580
358804
210580
210580
210580
4080591
803862
803862
278476
210580
278476
413206
660295
14557511
278476
210580
358804
278476
210580
210580
36441267
278476
413206
210580
358804
413206
358804
413206
278476
18695744
358804
358804
4080591
3628970
210580
1863111
358804
413206
210580
1598053518
278476
3628970
278476
660295
278476
1536789
278476
358804
358804
413206
358804
210580
413206
123549342
358804
4080591
803862
358804
210580
210580
358804
210580
358804
1863111
1863111
803862
358804
413206
4865291
358804
9462907
803862
210580
210580
9462907
15336486
1536789
210580
278476
1863111
210580
413206
413206
358804
7746446
278476
210580
358804
358804
413206
358804
278476
1536789
4080591
358804
413206
210580
358804
278476
660295
413206
210580
358804
358804
3628970
413206
210580
2782128
358804
278476
210580
278476
210580
413206
358804
15347873
413206
278476
358804
4922217
413206
278476
413206
1536789
210580
278476
210580
210580
210580
358804
4288834
278476
1536789
210580
210580
358804
210580
10252683
413206
660295
4288834
358804
4080591
413206
413206
358804
210580
4080591
660295
358804
358804
358804
210580
4538686
358804
210580
358804
9861080
358804
3628970
803862
210580
210580
210580
413206
358804
358804
210580
660295
210580
210580
413206
358804
21331682
358804
1863111
358804
413206
278476
210580
358804
413206
278476
413206
413206
358804
413206
4080591
358804
413206
413206
358804
1536789
210580
358804
6360724
4080591
210580
278476
358804
358804
210580
278476
358804
210580
358804
15683844
210580
358804
3628970
4865291
210580
358804
413206
358804
4922217
358804
358804
413206
358804
210580
210580
210580
358804
278476
413206
413206
1863111
660295
1536789
210580
413206
278476
358804
210580
413206
803862
278476
4080591
413206
358804
358804
413206
413206
358804
210580
413206
413206
210580
358804
4865291
1536789
4922217
4538686
28657550
1536789
278476
413206
3628970
4288834
413206
2104777
210580
278476
358804
358804
413206
210580
358804
358804
278476
110850847
413206
358804
6881659
413206
358804
6360724
358804
210580
210580
1536789
413206
413206
210580
210580
413206
358804
210580
413206
660295
210580
413206
210580
210580
210580
413206
358804
660295
413206
278476
20475677
278476
803862
6360724
278476
358804
413206
210580
358804
358804
1536789
278476
278476
2185318
358804
210580
210580
210580
413206
24329608
210580
210580
413206
210580
358804
210580
358804
413206
6360724
278476
413206
278476
210580
278476
210580
278476
210580
278476
210580
358804
358804
43548242
358804
358804
1536789
413206
210580
210580
210580
358804
358804
210580
413206
278476
358804
278476
210580
358804
413206
210580
358804
3628970
210580
358804
358804
1536789
210580
358804
1536789
210580
4288834
210580
210580
413206
210580
358804
210580
413206
358804
803862
210580
358804
1536789
210580
358804
210580
358804
358804
1536789
413206
210580
278476
1863111
278476
210580
278476
473846828
210580
210580
278476
278476
358804
210580
210580
210580
413206
210580
1863111
358804
210580
210580
413206
358804
413206
278476
210580
358804
4922217
210580
210580
210580
210580
413206
210580
358804
358804
358804
358804
210580
210580
413206
358804
358804
358804
11011834
413206
358804
413206
210580
210580
278476
210580
210580
413206
358804
4288834
413206
358804
358804
1863111
358804
660295
358804
358804
278476
358804
358804
4865291
4080591
210580
210580
413206
210580
358804
358804
803862
358804
358804
413206
210580
210580
413206
210580
358804
210580
358804
210580
803862
660295
358804
210580
210580
210580
358804
210580
358804
358804
210580
358804
210580
358804
413206
358804
532421995
3628970
413206
660295
4538686
210580
358804
210580
1863111
21331682
210580
278476
358804
803862
358804
413206
210580
278476
660295
210580
210580
358804
358804
278476
210580
413206
278476
210580
210580
19540842
1536789
210580
10252683
413206
358804
413206
210580
278476
413206
413206
210580
51655947
8211605
210580
278476
358804
803862
210580
24323213
1536789
210580
2185318
413206
358804
945465
210580
210580
278476
413206
413206
81423913
210580
413206
358804
358804
2104777
413206
210580
210580
210580
413206
278476
358804
358804
413206
358804
4922217
413206
1863111
358804
278476
