16199777124304
320890600
4446148677345
2177116992883
90754111887
90664497897
93671
17401
14432
13662
1635
206269343338
5947
11006
3597
11225
2551011573617
2490807726844
9156
10595
2009
2347
32989
6778
437
4283
1504472456917
2378
20083
493
50
8205
3070
10047
540
8841
22982540
5051
30029
2754
10608
3295
10803
4850
477
102426
3206
4675
13442
6247
44017
26135
16233
14163
13143
6415
24540
3031
13269
20834
8308
25018
18094
20931
12215
22539
29197
5001
6247
13378
4981
2478
16965
6650
57
19818062180
21543
5269
4818
4013
1753
3070
986
16510
11459
19603
11128
8040
9063
25611
4036
9198
7460
22405
7559
23585
15760
11473
8087
3186
674
15752
166
5707
20611
19083
17506
12592
15611
13831
4065
14709
1456
14021
1063
4192
1311
15590
6759
840
17860
11594
4424
6891
12883
5926
1624
1275
11978
2627
5983
19569
2886
3652
5699
4531
14114
14689
4745
11807
12915
3006
9690
13030
216
2714
6729
15497
5323
21247
24567
8273
17861
1617
3485
2069
1565
5138
44856921885
8426
5901
17146
6822
26911
17305
214
5702
21420
140
27137
1497726
10161
8560
2743
21517
4462
4514
14247
18374
8580
25829
10057
28039
15664
12584
6654
2582
21440
13784
8711662446
2918
590
622
9945
8314
19180
1352
1539
8171
1358
5112
4124
4239
11244
19481
6072
16338
10098
18841
12893
1432
3263
1919
4685788593
8384
12516
4317
20374
2380
4359
27071
12360
37912
13313
1593
13140
846
9418
19259
13441
742
12293
18052
402143
2649
8833
13186
10221
18573
9513
9947
13665
17802
2578
17782
11573
2041291
8654
1422
7154
8589
3670
11919
7850
2107
6356
174
5242
32023
5405
5358
1773
12772
19471
22889
20133
2829999
9050
8920
13058
2291
2065
9642
4730
29242
16114
432
2158
21514
5068
9197
14949
12267
7721
32448
15819
7872
15922
3416
7897
5392
9865
22104
11998
1627
14713
4911
5222
977
28360
574
7267
2047
21278
9267
1639
4070
547711
25536
8316
20446
20340
10091
11961
12329
5438
6913
63
1376
5964
17343
18882
2949
9303
1209
17383
13204
4743
18001
5184
7970
21520
9186
29242
26561
16169
5403
19728
3369
1600819
8455
17618
13161
9933
21041
7620
1365
14266
181924
13430
18262
11174
1815
13043
3230
21073
2329
7716
16655
5405
15043
13572
1261
4850
9916
17632
12197
20053
4050
5648
806
16801
7305
8399
999
4947
18037
15517
4302
27692
5255
21448
20724
9449
15083
22345
9984
6649
5289
24767
127
13726
683
11305
14659
8103
15538
874
14427
5345
18251
15688
18013
11145
16518
22878
10289
3659
3527
8289
23526
19221
20978
4860
2243
541
10163
4359
4655
15290
18069
11630
18992
5987
1127
9804
1733
19533
17251
20127
9192
9283
11016
9196
994
6736
16330
29565
8287
6091
4684
276
2275
8209
15876
4262
21363
18890
7799
20399
23885
7141
7803
16324
24425
13074
18519
4645
2024
18702
3761
19327
6106
687
10025
16481
318
11074
26688
25255
24273
930
2621006
12289
20228
9784
22231
19916
16603
12211
13243
1935
5440
25611
16149
29069
11231
13235
2772
9986
8688
8940
18091
12678
27119
12562
11379
10228
11773
4148
18535
3127
3868
1368
3926
8056
6514
3736
13994
3817
8999
20642
26166
19396
12043
8767
1804
26879
9692
474
11948
12807
9365
21070
29535
21303
8208
27455
29899
14503
1573
3941
8176
13070
6496
1541
1353
8513
11500
12337
8731
4950
1500
7359
13690
1055
11501
357
25678
18575
1848
12239
25979
1305
10661
18553
17732
594
11726
3222
3086
5959
588
19353
2769
10459
12303
5778
9437
6094
24786
7582
2371
16221
8492
4514
19376
14973
4641
11920
5250
6453
6162
6112
203
12327
3606
3674
4268
3007
3806
2963
12037
12735
57920
1085
19073
833
10299
5132
5103
13010
13313
7685
10603
10917
24826
4959
18904
7036
9672
10114
18298
16907
14021
10902
335
5863
14687
417
11079
17313
8226
5938
349
21478
3533
6963
25583
5699
18225
3852
13328
11680
10061
22994
3534
18468
9653
10822
9075
1425
16429
6047
6370
18158
22638
1864
30043
955468
12584
15064
13844
10413
5218
2793
1548
24410
16079
10907
18857
20791
6913854656
2437
20967
4657
3552
17333
4455
6341
7724
22373
9679
15853
290
19793
7178
15337
20562
15985
11449
28995
20981
20484
23673
11168
519
6965
6703
3904
2695
10821
13982
24486
16830
10714
2077
10410
2754
20927
9163
20500
201
3196
12704
5678
1557682
12403
1078
23619
7829
674
1697120
18608
15237
11902
6451
15620
7844
8733
8915
30828537920
7366
16072
7238
8128
11164
2370
8019
6562
5593
10502
7463
8273
4987
11258
7913
18269
11352
11521
8481
16302
19912
9056
2408
12581
7786
13135
23434
12020
7787
5465
11831
23893
18350
11614
10393
9126
1816
11148
8315
3837
2295
3843
1158
23510
21705
271
19446
349
7911
15504
17321
16890
8284
5513
18256
1162
22072
10006
3589
5164
10596
5634
26209
12076
15565
14345
6084
4725
11479
290
11265
13641
6115
3882
12942
15212
1419
31220
12451
666
3333
13781
1231
9279
1591
8463
12005
7875
14805
18347
19951
25025
22780
12445
15929
1652
3125
693
12547
10756
12133
5910
8026
6991
6533
5263
4239
22332
14395
23115
4001
19652
18649
8372
20498
15079
3306
21168
17801
25131
21298
14080
7259
2632
5399
4466
18022
10480
9759
7777
1432
2418
2854
17438
14851
27428
5233
21738
20428
2686
21727
1521
745
764
10641
4590
10919
27110
10430
6631
15137
1638
9252
12730
17271
14161
24500
1724
3498
3946
2595
12180
15227
4437
15648
10232
2131
6744
3790
19712
4163
12649
1663
13297
3239
8701
12956
4961
1805
8209
18609
12135
1464
5871
10110
18902
891
14433
15868
16597
1530
20856
7041
3963
249
5831
4480
13994
15204
14446
9511
1874
9019
6286
7606
12047
17720
2018
4416
6879
8523
9130
4763
163
13640
4134
5556
2021
8494
4849
11244
7
29508
1548
20474
26452
15595
11433
8009
4118
15597
4095
12323
23827
9659
30127
18071
22669
8911
21311
22129
12371
15079
20783
3997
4812
12851
10183
10021
22764
20093
9665
5704
6648
23097
4152
18562
15784
4244
20136
11191
10431
16952
6016
27330
807
25330
10430
21736
16722
1426
13619
180
14950
3126
12358
5974
1686
24903
1593
27458
1566
9068
8891
17738
11036
24489
2384
7277
13343
2402
17612
11371
5973
10073
14633
5871
17324
3573
18340
27047
16172
18485
1160
9444
13822
10867
15602
4768
5376
24718
7798
4714
6200
11193
9005
561
9198
14871
27557
3017
15068
13004
15693
11757
10430294231
19295
14798
10150
9334
12006
12916
667
11062
4691
9567
17785608814
11214
5478
13207
2102
18336
1757
2679
18206
66
7691
12029
15887
3320
14350
3257
14268
5718
23997
14068
1536
4808
14315
3617
6894
6655
17986
12195
541
1052
9382
20372
7157
10144
26732
4395
3428
1953
5173
27207
20165
3815
24562
9103
20693
1587
18827
15209
8330
16917
9308
16806
22467
3354
7653
26973
22216
9982
14520
19543
17053
4815
1867
6236
5960
3101
16396
11198
1906
5281
17636
502
11951
2425
13290
7436
15203
12526
11614
936
5852
18466
12103
13592
10415
4785
10350
8670
12467
25646
24777
188
23047
16557
12004
9914
8436
24892
1639
16611
19285
5682
9738
14388
2018
2522
14766
8597
5764
13181
11945
6267
17711
4358
12330
15460
3177
21241
9542
7518
2761
12785
8164
11834
3651
18449
24689
9082
8013
24196
5239
515
2619
3658
10824
15487
2747
12558
3878
12224
13618
665
11781
13895
4743
22615
20449
4660
5958
6883
13315
11557
6499
4683
21372
18250
7067
18297
6648
1568
7636
22548
12248
1125
28013
8664
1389
14325
591
14153
2685
10311
9358
2664
6615
6110
11389
8151
9310
16362
22130
14071
7890
6967
13184
12226
22553
4089
53
10253
10445
3885
9396
3955
29053
1781
6104
2416
18975
11113
16469
1683
14456
4072
4408
539
30613
13316
6956
9367
11588
1663
16214
4297
4710
19995
21122
29615
16812
5544
8141
14222
4523
4982
3660
25388
6792
24724
18427
3773
18949
7536
2045
18448
3822
1931
21820
11636
511
20949
6273
5718
10262
4593
8227
7532
14242
16757
2687
12928
15211
934
3876
20185
16434
313
2138
4760
1955
449
15512
21310
24140
17200
4660
1290
7746
19595
7290
6503
2705
1973
4333
23001
18236
2437
17186
933
6309
13165
19068
1075
24015
3366
2037
7118
14234
12024
13295
2606
15713
1446
18797
4204
132
14861
759
2386
17730
5256
14426
941
3167
1635
22172
207
2920
809
4647
17827
22733
256
8312
1041
9985
14326
2950
6556
20115
23057
25898
7473
854
1019
22239
13013
14103
29417
28033
5377
9308
17613
9458
9831
12177
15171
16221
1376
4229
13091
3585
9220
9797
6213
2365
14256
29854
6187
2395
5327
17705
7923
12886
22840
13518
3382
19219
20026
7730
152
4021
3605
25680
2333
2145
12183
4249
2443
2106
8961
17383
2123
462
22491
10121
14385
5833
2642
14068
13634
10986
6705
20528
22759
20755
11317
4014
7194
16137
4377
10936
13076
10514
6073
16645
12565
837
20624
1058
9443
2169
3903
142
20447
13147
27920
1391
17141
2048
16134
14024
7211
18554
17095
3428
791
1126
13904
10062
8649
4657
16313
3644
7949
4538
9867
22068
13996
10761
1102
1435
9360
578
30351
28725
15913
10674
6234
16689
8231
7143
16663
14158
11718
9129
13013
12910
4009
12455
5566
3405
380
9736
2067
4709
6837
19315
16587
11741
21823
5062
6903
2985
11946
16265
4597
6504
15088
16115
22338
1737
438
8852
17040
9806
10857
9226
359
24543
7553
18953
28225
415
14621
7706
1465
3877
2536
4199
6109
20184
24310
15073
18177
25543
18057
23259
10169
19997
19132
20984
13508
24020
7043
1891
21449
13311
3510
10182
18317
14005
5370
1700
24992
1553
22073
6954
2099
26289
3021
14373
12917
7517
7540
12742
4070
16518
4356
9586
18964
15273
6025
21094
10839
8865
16347
24464
7323
10594
16783
15796
13450
21479
10352
773
5704
16188
4605
16602
14950
3329
24930
5106
5908
7871
8374
4740
9947
12333
9341
20319
14758
274
10991
18368
5714
1199
663
13699
9740
64
16209
3651
1104
9417
4452
702
18904
3902
17481
23880
13921
20460
7201
9954
8223
1639
25108
11820
26613
9939
23423
12167
7091
7085
28173
22995
11549
888
28182
3478
23033
24802
17108
14985
1812
1500
13372
2091
3538
3698
13921
3578
4646
16002
5687
1372
11794
7935
12453
22177
766
15295
8894
9236
6902
3549
19572
6865
12875
3081
10555
7519
8834
2490
3774
10051
2850
2404
6372
1668
1337
16346
3148
14415
14369
4523
7825
10455
8194
670
16383
15356
15123
12611
17913
5762
4518
7956
22750
6153
10615
10827
24995
10970
6735
18528
5900
6199
6509
4463
9245
13100
11389
5946
13836
1445
15325
6554
6453
10885
10385
2514
17409
13879
21287
15549
17628
3322
2882
17857
12019
17288
22137
25532
24627
27240
3934
18705
2810
28599
10316
15858
160
19804
13890
22116
8785
15380
8540
4230
7421
25020
2093
13434
14269
4350
27219
1936
24558
20746
28155
15119
7756
565
4742
11015
24675
8347
18304
19490
6225
16352
5017
1145
12162
11111
9887
954
3733
17332
9390
8054
13700
9636
17679
23373
807
4831
625
5033
15092
23022
30961
19140
20500
6925
7373
23325
25
25951
12674
14278
6995
4870
46
20897
10339
2278
11605
15208
27867
7854
4025
3097
9026
28584
8874
11742
5412
6852
23898
20481
13039
16715
15721
21342
24806
5316
6357
8746
31566
3547
7904
4898
1713
12889
20550
15889
3557
7411
8634
4664
71
12162
4334
7242
10110
14504
1427
21094
1716
10272
4749
3772
18289
820
10354
8310
447
15537
9147
2876
14396
778
3543
21127
18190
18334
1899
23478
29624
11800
405
11327
76
24209
17624
17717
26427
8421
7363
4723
1650
18197
2103
789
11247
16480
4689
9703
132
9811
1405
9938
12222
9242
8611
19340
6130
19681
8428
27054
10426
18266
5323
1770
2042
6300
23612
12534
9643
10550
1083
3526
1185
9223
2809
17144
4001
1138
8451
4432
23584
22528
10942
7436
5330
2255
17929
193
20223
2656
5603
14620
7890
4802
4823
7213
7476
5420
6243
17900
4785
7541
20625
13858
13949
393687
14237
11095
18031
20215
17109
20352
18868
181
19908
6932
20453
9970
26168
6602
26303
12273
551
16198
5777
15090
21580
6488
13445
2778
6924
201
5888
3497
17340
5967
12661
28209
1552
9393
20846
24830
11277
4443
4394
14414
1313
300
21817
19858
9089
9661
9420
17652
24818
4536
5962
644
19827
8080
19820
17201
23442
6709
7720
3340
11768
1276
815
22365
4416
4405
5588
2402
25093
15682
965
12479
2520
1556
12017
19841
4938
15126
5991
12682
5841
27452
2961
10437
7456
7590
9530
15411
5478
5118
4382
12393
20334
6291
16046
2308
5332
19281
15031
18789
1667
3993
1504
15273
6981
294
6464
14701
16529
4605
2264
18253
14322
15924
5629
7623
16933
22030
24049
24194
10843
7844
16859
6309
5492
249244
16420
2332
6417
15046
15760
15355
10786
21125
4185
5028
22051
7854
23134
1051
15466
15736
6295
10784
8393
14266
3567
893
15555
22748
2850
22515
27777
16000
5734
7752
17666
8883
7113
9553
23408
12949
6450
12910
8784
26391
1747
15382
15815
641
4455
2671
2602
8584
8555
1540
860
21125
13890
20323
23030
5853
8316
6795
14796
14611
5829
2445
2737
20969
22584
678
4170
14552
188
5226
2339
17642
29056
3454
5006
20892
8332
4334
13731
1268
24681
7365
1976
10890
2095
20671
7723
9088
253
17300
2128
3609
6632
4993
13890
9820
2780
8538
4508
4148
7114
5082
2493
11971
16939
11918
27649
14194
10077
16741
11205
21176
10910
4247
5224
2755
23703
695
22532
17920
1581
10542
12018
19615
4092
1582
16054
9062
8396
16436
12219
17246
10001
1416
25823
14240
10201
19162
6969
21736
14428
13336
435
20307
21563
5115
395
6985
10705
19465
5225
12793
10388
2938
24199
2849
28147
3607
995
8744
7075
4382
2795
31318
12308
12592
1169
8928
28142
8696
4936
2517
19101
7657
8062
12154
27374
7800
10367
19332
5200
10880
14646
9627
6256
15536
1725
844
1176
10228
14183
15912
20171
7543
549
3227
20401
1547
10579
4373
11183
6881
18
10366
22545
6734
1831
11414
7331
83
16003
8337
4790
5325
12464
20079
16443
4129
5542
6807
3293
79
3598
22963
3202
25360
13721
2863
15276
1700
11878
14697
4807
23718
824
7261
10029
4847
10952
3510
17108
2021
22431
4430
17311
5619
1452
2224
10988
27591
6422
31303
29424
14527
502
2942
8231
6938
3787
10575
13177
21606
11865
11553
18282
6079
1413
5937
28412
15760
9478
3997
13426
23769
16169
4875
21237
108
4778
12767
2996
13102
14928
18833
416
7184
6965
16531
15774
16467
15539
8565
13656
20661
15271
4964
28967
4848
12404
24065
26456
695
10338
24511
8133
4408
5139
3779
3427
9445
21904
10510
20074
4290
3378
9809
1482
16703
10192
6874
4730
9123
5718
4437
1700
858
21803
3091
1857
11016
9508
5664
432
1252
7813
8954
21682
13902
6314
12054
19758
2634
13563
24615
7681
11987
21188
9581
9013
2537
257
302
24975
6863
7651
1272
6443
10953
541
2311
10804
10000
11642
10021
2123
22654
3729
24542
144
8852
2888
22262
8047
21685
4274
8062
3018
20214
19410
4003
22654
19665
9018
3707
3653
11867
19615
22665
27
27903
22063
1227
11303
6783
12282
8175
13887
17246
5367
2309
8665
1792
4715
19624
974
2084
17066
3676
3341
27289
7854
9719
13732
2489
2346
7962
30017
3165
16472
5564
9853
20949
7963
10139
15374
6435
9373
26931
5886
489
11195
689
681
1676
17821
20466
2496
8738
1905
1822
5993
390
3151
4869
23531
487
151
251
16393
4409
28590
10065
13844
3778
22959
3274
9098
16378
6452
8786
9621
6739
14179
14027
2967
1114
8504
17720
8691
3499
7763
19280
22282
16624
26539
14319
7495
8751
323
6799
4763
7156
11735
1010
5927
6556
6354
12543
1549
6220
2858
15100
222
2260
18961
17872
11604
5806
21689
22537
14915
16521
9933
2680
12240
9959
2275
5510
3834
3724
6937
13263
19360
19367
763
11763
8003
19234
3320
2838
340
507
7516
22296
6510
11650
14867
15046
19465
6302
15898
5830
3468
2123
16939
7736
22358
9412
7625
5138
4950
21859
23100
11058
18949
7204
30393
13886
2164
27594
15848
17229
858
19338
20815
6943
19427
11361
17428
3602
1694
29657
16198
544
9621
6570
18697
79
11061
2894
22513
3286
24173
4080
9281
2534
5349
13369
16633
18267
15405
14465
9797
22571
5666
3816
16268
7608
5116
6255
22061
16036
989
3526
1891
289
22244
370
10136
12339
4746
20571
31633
8818
5472
6752
6800
6188
19126
3421
2849
3715
26960
8565
1297
14453
11128
4032
11002
23457
21754
27481
21895
3173
8638
21363
5057
6220
7855
3947
7284
19232
1735
2246
8594
15901
14649
21306
2612
12053
9680
5767
7270
9995
10625
6073
3927
940
13641
5046
9099
18901
17647
14493
28922
18951
1929
4062
3172
4027
8235
26385
25516
3591
3876
7859
9717
9763
10895
4691
19325
2175
2973
2543
12749
17572
3276
3270
11414
24
1586
13572
26314
8773
5208
2224
14743
7539
4519
4494
2183
28857
3138
1799
15415
2306
4216
5515
3956
19360
5095
18506
26034
854
14248
20870
15389
4439
337
6901
6628
1054
25346
5625
19472
22726
4615
24608
1854
10777
6992
326
17611
8357
9341
11600
15945
5448
3797
21935
13737
20397
5067
3947
955
12742
1067
2102
16954
3805
26177
4487
5943
25366
1622
28227
17724
4914
126
14502
3225
4552
10300
12507
14166
6166
3916
3316
2569
11913
11019
16206
27945
28328
952
4544
24878
10996
27336
18238
642
1213
8112
5512
2390
14377
12459
8212
13663
16915
5013
19969
19433
5699
7379
1908
9754
2599
2195
7867
18471
3931
13728
29825
19054
19769
5549
5367
15576
5263
7944
1969
3367
874
4475
25142
2100
509
2197
8725
6751
11684
552
26525
16153
6438
10102
4249
10456
17893
9375
13286
5719
19769
8970
5482
9638
1579
25561
19496
3610
16901
2343
2172
7965
14237
22681
1012
11501
21391
11304
9486
25094
15603
2028
9765
2496
3175
9647
21035
3072
3227
2572
2747
16570
16994
8435
23203
27344
10370
24284
20104
497
10155
28674
13752
5369
12031
8153
19261
11147
464
3312
1186
18839
1057
8080
2794
19505
5255
12283
25767
3965
1031
11266
8488
7700
20883
8697
5719
24666
1608
17465
19544
8717
4315
8955
1720
10763
23633
6233
3213
22428
27354
310
17382
714
14380
157
8517
7063
8940
5850
14451
1088
4463
17786
1802
9184
23298
6452
26785
8204
12907
7212
5147
22928
7365
1914
1647
12809
26020
850
8172
1091
2253
1780
20010
3920
544
19641
12125
3196
2834
9367
4671
14679
3315
9156
14008
4650
22486
295
7204
10322
16336
25969
18710
13794
10622
5230
11924
20100
254
2396
8293
689
25108
24801
9475
8966
5950
2254
10778
11363
16883
18710
17298
27364
7079
5614
6354
4504
6041
166
6165
8856
3745
10590
7237
15718
14602
10074
4891
12740
6622
23090
17934
5259
6499
3167
10528
7749
1515
3763
3252
4243
21280
11260
6318
4497
28190
746
26220
21349
10767
16634
3800
3798
5571
197
28950
3229
3789
10549
30390
7352
15444
7704
6862
15648
19560
4319
8198
1252
4724
7747
9060
9051
11001
9963
25177
11657
1380
1166
3546
20639
9139
26606
6068
1630
8624
6796
3269
9681
27462
5221
12600
4655
20964
20340
18946
27442
17794
24447
26524
20170
17489
22207
1692
4964
25597
24906
20622
1941
25141
4106
3524
28002
21606
8382
24715
24584
10032
14926
22408
21734
464
9778
4394
21974
348
16515
7751
16412
100
1727
17316
7377
27040
14556
1080
12170
4646
16497
10569
1721
5223
9901
26233
2786
310
2738
11759
14774
12499
13478
21864
14506
24814
1661
16310
17044
4376
299
18800
21176
860
6575
6717
19962
4111
4404
26116
11604
5152
25683
4682
14554
9244
3071
19327
8004
16339
11523
23699
14571
11824
13497
14606
4042
20272
12607
7053
9014
12766
14369
3747
18188
4967
3743
23844
1215
17249
10399
12440
6444
22468
5661
8831
4822
19011
5529
6189
1331
8126
3012
627
3664
6120
11072
286
13738
10994
19514
4434
1678
29859
6004
1796
5599
20021
26936
1656
24562
13362
1669
377
10273
9620
17366
9683
19579
23436
12150
3331
11678
17367
4927
1706
15388
3493
4003
4827
23465
3151
7937
16160
8087
7190
2249
22489
22526
17885
11364
16538
27330
12750
983
14911
3678
27567
22402
5208
16746
1310
4746
2683
5670
769
5157
17678
6690
4844
6394
9215
8775
6024
10384
7923
1089
7175
12908
14548
20984
12622
7934
1391
8856
806
7486
3913
26181
18452
10164
16188
17260
9431
4852
6067
586
252
3701
5137
7445
349
8632
11011
13529
3335
10699
12426
4681
6619
29916
3946
13400
7553
5779
3246
19204
3161
2520
682
5809
7066
19162
14768
759
6786
1576
21600
5841
17148
3449
8780
16051
23653
3376
23704
16424
10360
5196
10723
10113
10398
6089
2639
6940
23816
11259
11759
9485
13690
23502
14743
11473
4305
4021
5039
1773
1482
57
8216
8242
20
19798
1556
969
16496
21271
13155
30065
9245
3380
8658
1411
962
2440
77
2693
14908
4847
7549
1705
4234
18217
12907
55062
1891
11889
22110
14255
18363
287
20415
9711
2097
1386
15570
23187
660
17839
13725
9339
310
4888
10948
880
8991
30022
15208
1773
3804
15482
169
4131
6051
8080
9632
29132
3882
170
27533
15791
5208
11467
26375
5114
13058
9009
5235
16066
4902
5999
7840
2172
27814
22712
11449
15360
9762
10849
8462
2358
6431
7558
438
5247
4809
3139
11756
11125
5067
6144
16129
10952
3266
762
6822
1865
4899
7244
10406
9606
2600
17136
21937
9894
29123
3295
28727
8340
11158
12249
4505
3602
1144
4167
8894
4810
20974
14316
2198
4615
2875
1736
12351
8514
207
27790
24875
2114
1842
7379
23709
19939
10269
16212
12458
1186
27475
29185
7630
9711
4428
3673
21590
4833
4879
9584
1635
7625
13318
7474
5114
3756
15748
2918
20962
202
8891
24915
5059
4406
10578
14167
19820
5767
20429
18778
6106
8753
1085
4462
14318
1758
4618
19099
10882
10412
13713
20446
1078
16494
1820
19893
3019
28218
17225
4036
4677
14004
15005
9882
17956
7257
9853
1592
15396
110
14834
27348
9245
21208
7130
23312
26321
682
10547
111
11134
16809
12280
391
8725
5304
6910
1221
23506
14391
9781
2211414982
22533
21112
25457
18459
2216
4542
11982
10740
3583
3643
1068
7693
7089
14276
189
3878
12064
14609
2341
14170
27179
1268
14710
13572
11597
9354
12516
7159
1887
1471
1453
21318
1849
359
14450
24379
5454
862
2174
9548
2323
10823
26147
6638
20090
6762
27978
11889
18726
3970
28260
5027
14071
7923
2191
17748
16044
2306
9266
24560
13562
14423
20549
9160
9493
1624
6991
9934
6521
9330
7113
10820
2566
29828
17763
1379
15302
7118
7955
9484
27419
2479
11662
16545
5505
2794
7760
21654
3977
10860
10796
847
5185
22467
2896
9820
4295
2941
10720
7868
16622
25644
12677
18653
8710
9986
28454
20501
5209
16102
2925
11017
5141
13408
23374
5943
20890
19684
3468
5378
3477
6597
19586
29371
2546
126
12486
3819
14547
4160
1229
2639
4394
3434
3432
19865
3085
22900
4358
16121
6049
515
4114
10379
15653
9112
9251
7186
1854
2408
12731
11715
43
3575
11404
4184
13960
1042
12993
30321
16347
1530
2769
6810
19183
8170
3444
13265
4023
13757
808
720
18249
20169
22824
26710
16902
208
1612
4587
13674
3925
27989
5659
6165
15144
8541
1861
6443
18949
16425
26913
9801
11829
6516
4945
6128
2646
11725
2667
7861
1151
15105
14281
26508
6276
504
4331
7969
8691
21621
13191
473
26355
24831
4698
432
9543
2984
1519
12748
9480
14265
1782
692
10575
25253
1453
21681
5853
3090
8691
2983
1403
18411
8751
14378
15655
2683
23776
733
16896
4877
23402
21746
16422
7758
17066
15047
9009
4621
17089
265
9156
5077
10829
3290
9178
8644
9541
1699
17878
10639
5404
11607
2909
18525
12779
13450
708
6042
7442
20632
7039
1122
4936
16548
3717
4626
19007
4447
4213
9986
2383
743
8887
12810
23091
2204
15736
6498
14960
6299
5403
7431
16797
20557
275
14575
19161
6352
17133
336
8817
1013
16302
22318
391
3563
8860
15608
1449
6423
19199
23082
8058
25460
20393
11702
4509
18845
26782
16460
1168
13195
6244
3132
14527
3651
4540
8523
11850
8056
2204
16391
26704
13026
19503
3692
12382
20959
361
9166
3281
714
2836
810
12347
6779
2021
22248
858
6135
4315
18373
2890
111
2606
22471
15091
11124
16445
5277
19184
20557
3247
11850
5149
3772
15391
21063
15556
8644
13183
6699
2889
16225
20091
6790
15910
15853
4907
19927
1866
30272
21727
16681
26070
22022
1266
492
27051
920
426
27404
170
6053
2106
2530
10476
17745
3882
4240
2412
10171
1359
7296
24202
783
662
6621
2958
23789
1720
1260
22653
23174
12259
18614
18042
16741
4059
18788
7950
12822
29766
17838
4797
14724
3944
3840
17205
1252
13913
9003
6651
1542
23576
7547
3821
8114
16717
6179
14034
18998
26890
15327
15006
6482
3162
23356
3392
2644
5558
11876
22533
18192
7350
11535
2038
10339
3226
3877
16636
1184
14795
774
28830
5420
2436
59
984
9909
5556
8515
13456
3817
156
1919
17148
13449
13183
4138
6614
2747
7527
831
4515
24088
4196
4201
24437
14279
6604
16606
9187
8333
29664
15578
1198
6794
5574
11112
23879
414
5354
304
10750
15230
4983
6348
28335
11999
5034
11192
17063
7526
7686
2388
12686
13355
13817
7646
6494
26083
18226
338
14800
12361
10424
158
14130
5387
20217
8104
14521
8435
28609
4220
5292
4042
557
5227
11818
1485
4460
3209
7298
16370
9874
19235
20979
474
6993
620
7503
3215
4519
450
10046
12906
6795
6228
14448
1893
12803
21242
21101
11144
813
26339
10819
14487
5404
11693
3656
2900
313
1417
27198
7201
12394
6579
141
28401
13691
2154
19945
31361
14042
5270
4927
11959
7557
6822
11100
1826
1210
22678
27260
11216
18594
6650
16596
17865
1893
5784
17565
5681
2267
11633
9320
4326
21672
7725
6885
21252
11751
20756
20564
78
2510
1741
9059
19378
19372
24504
3431
6234
3626
16675
15274
8705
5919
813
21683
770
8910
4114
12374
13243
3820
1215
7606
18378
12898
5901
17054
9275
11390
11747
18193
14629
20244
3887
14461
5293
16538
4308
1086
4808
22633
14065
10989
1839
18185
8458
267
14192
5088
10534
16571
1912
11977
4412
11198
22714
17430
7479
15806
3674
20146
8823
12654
30261
18688
10009
18692
5287
8824
2946
8148
16542
4855
15428
5548
8010
1693
10688
4589
22321
9192
571
11240
9805
2605
27559
2932
1023
29853
19428
25996
18886
7032
3644
10307
14655
9563
6638
5556
10674
4904
13244
155
29620
3195
2207
2779
954
2690
199
10035
7159
4332
4936
17342
23013
21140
28768
2498
4963
11820
12668
6966
9922
524
3723
16979
14247
17245
31102
4865
961
16968
20149
5935
9465
4769
28689
11317
7337
12521
9175
13585
16937
74
27447
950
22431
20230
21896
8896
419
10464
3410
9022
6684
19950
25179
25448
20213
1244
16494
3223
6778
9984
7529
8652
13524
3740
17782
6525
5126
6478
22436
8111
26375
2020
6234
14594
13007
30344
11420
19399
1027
12106
11408
21792
3084
6537
2204
18882
27824
4656
164
6192
17910
1090
6232
16187
5855
4946
15882
2522
10382
5802
9754
3564
23578
7755
8083
17651
15793
5648
23356
697
15684
6248
1374
6862
8890
2586
593
21259
13496
17427
539
5906
6337
4742
1274
8257
7416
5957
5805
12910
21603
9968
19612
962
676
5486
9940
15933
26441
3733
5355
14021
9140
4641
3648
4704
13168
9457
12636
8711
8142
25671
6067
14743
20785
2537
3203
16677
5512
2042
4094
28143
7764
18688
9577
5540
5515
21382
18268
9728
14257
16384
20771
20636
3592
13779
3836
6127
15769
12062
25589
6284
12247
2758
3263
9689
30064
1699
754
6219
3273
3771
8268
13603
12282
6025
9096
22408
13668
15845
1031
18527
3937
5245
16293
8742
4571
21032
4472
24995
5540
2897
2335
977
7459
116
9037
17203
17811
20737
4764
9279
14776
3300
608
11612
11255
845
8707
1771
28662
5109
3770
800
4086
15170
2100
6233
2021
664
20881
26552
10828
7155
12606
23705
12178
18633
7261
5401
9878
7516
20004
24553
6144
2717
2751
13733
309
432
1921
1817
18416
14230
21597
29438
4611
17558
1936
12639
11812
3782
661
4559
15750
9987
26730
4612
6562
8143
5563
20679
18481
3928
17949
18311
8082
5186
13540
2194
7132
23414
2193
14303
2341
8350
3333
21311
2162
18869
13238
10955
11848
1775
23518
5973
14259
9822
4199
11998
18644
13289
3656
29537
20404
18803
23311
2529
214
20445
2575
6238
9296
12316
22843
18737
15757
16840
9670
27360
14528
15429
9332
5445
5352
16606
12680
2936
3295
4514
6454
23181
10080
12022
9111
27656
3767
4029
11271
6931
11413
19533
2753
20059
9126
10167
26277
26037
14226
8327
2907
13065
11241
2350
6338
592
15168
5615
16253
12485
18896
11882
14697
15245
10298
5026
13390
12226
1355
17936
2752
20496
1021
14877
13977
2697
9381
1147
4484
13136
4623
24931
6369
9642
16422
1098
11650
19191
3220
16646
9842
7853
2445
6213
1307
19276
11916
415
9420
17301
16618
10586
10690
14278
10345
918
13211
8299
1600
8279
22928
22703
16468
10471
21099
10787
32
3364
13570
19773
14564
23836
4601
4112
4457
8978
4745
20084
22677
10060
7602
15672
1013
11579
8115
10974
5931
1957
6361
10918
22025
6884
7596
9070
8226
21606
13830
8501
6443
5182
9330
17144
12524
15955
15536
5696
14839
4671
851
17189
797
22232
8424
2033
24210
23718
5712
13571
3206
10226
733
59
10339
4139
6956
7475
12502
1774
3993
7022
3849
7618
3976
17559
25918
7221
7724
3206
4821
10440
15701
1847
367
12902
10370
7403
9271
4615
19430
28778
8404
7379
1629
6800
10628
17996
10815
1075
21588
19492
9741
12097
12143
9381
3377
5733
14570
8149
5618
5797
21336
533
23640
2459
8987
9804
27293
7004
16351
23758
4882
605
8340
14382
23386
1860
8160
27540
23001
7135
2582
4518
18666
14483
1124
4791
5933
6289
18790
785
5180
9703
20789
6955
1755
4483
2588
3232
3821
18110
4270
10771
1526
5146
2685
14143
9678
19324
8656
7546
3890
11810
22911
18580
7904
10156
13387
5127
1691
1960
10024
11048
11685
3244
5167
210
5568
11449
13602
14536
18594
22547
22471
1097
648
18169
8897
27463
20398
8186
21773
16686
14537
3496
1141
7940
18638
11083
19583
12455
14054
9085
1156
11020
512
14372
1759
5721
8965
8514
2012
9286
21601
23170
11221
2999
5227
7751
943
18792
27806
12474
4450
5241
2609
8479
4017
20043
133
4219
1437
3483
4941
22196
15672
7755
9536
176
30910
7309
23181
4703
1257
6240
11991
15008
15819
18491
23102
121
3625
2351
419
3669
4445
5168
16813
12892
3156
6085
3484
26720
31781
12372
4250
11100
3
15475
2499
11810
11749
17615
13453
1148
4165
4635
1442
12353
12795
9503
2933
9026
17877
81
11149
28689
12477
19250
6500
5782
10281
5096
7780
673
1777
1136
2444
5430
18799
14435
15001
17045
8049
12775
22196
5494
5956
781
2308
28910
29723
14783
4706
10414
23655
284
978
2799
8174
14598
3614
5234
8887
12874
20449
7646
16312
16692
27009
3897
4740
13943
5679
27280
5133
7917
17212
24
18881
18008
4683
26744
19203
5572
4345
6966
2332
21120
10282
368
10722
22560
15926
12698
12311
28135
15794
4683
16584
244
18118
13359
9182
13439
9616
28727
19290
13022
11342
14824
14411
6545
10849
18113
10448
13882
45
25161
31205
19575
23641
3567
3823
4759
5090
15929
17837
19839
21953
23596
5043
5773
10755
26249
15201
17385
11013
756
7666
11180
5672
3571
13154
5904
8799
18239
16867
11210
2569
5828
7379
7170
17751
21942
2189
6952
10170
22006
17138
11324
27692
788
24869
9152
82586
11105
10969
7936
4210
5492
23649
5362
16892
24122
12342
6988
9475
11417
9863
16545
12227
9226
3273
14393
19264
8824
930
21792
2338
6586
25457
2040
25588
4473
7836
23966
12249
3136
862
7660
13928
2683
4568
2166
8443
12239
8827
2097
2472
4665
25066
13120
12199
21374
7159
9992
12559
8386
21122
3638
12837
20537
12929
11324
26516
25998
7525
5081
2041
18739
6880
15417
5833
7047
575
5966
7994
12199
9328
16921
11490
13678
24756
12661
9481
19493
3248
13039
18483
4806
1987
1518
5896
3173
9465
17889
4805
13401
2883
14617
18694
18903
320
13430
23274
2647
12435
9424
7946
28592
23506
4759
1285
14443
183
4852
8005
860
1352
8391
1008
4081
4856
15434
8500
1359
10286
2016
1547
15555
5578
927
10181
3743
9071
8357
9205
18227
1728
5137
22504
6636
5721
20485
23590
2728
6049
16116
9923
9673
6952
13022
7110
8396
4896
3609
7867
21459
17010
8251
6838
16584
638
4396
18156
3560
836
25140
10185
6614
6910
2392
5877
8099
1049
69
4253
14326
12917
21462
6375
3410
3444
22296
9226
1082
10868
14372
26836
12217
14262
14300
4409
27517
13391
19905
8561
19086
3682
8936
16606
19280
16327
12047
3044
25478
834
18493
1245
18571
18388
12966
25164
2065
8284
7756
8497
10627
8930
1532
23757
1303
5049
8126
403
17006
14706
4898
5913
13357
19825
11444
16157
3728
106
6525
12292
1091
27277
4272
24502
4893
15977
20288
2628
4927
23630
9727
3297
6394
11354
17257
42
14095
18737
10471
4066
3824
23099
17426
3603
3690
13727
5873
7467
18130
21162
3575
324
8142
12489
17627
4707
7303
10112
7603
14460
17949
4564
14010
1514
276
25894
19779
6574
2335
10591
12593
8804
1837
21574
958
25159
4611
6559
16697
2897
16749
11366
1881
22898
7137
4608
12094
7470
18213
14685
15927
8594
27294
5091
7256
3648
8291
2116
27415
13650
9507
3595
13555
17213
3462
12128
17011
6858
4731
7272
7009
3865
19261
8860
26331
18345
19935
21977
24974
20568
23249
14057
586
3984
9936
1864
23002
6216
25737
9215
8290
107
6197
9433
3521
3307
2738
9330
3115
14771
10127
22076
15104
4823
22121
11620
1540
3406
24381
16549
14189
329
14516
10328
6405
11181
9621
4892
2525
9735
11457
13658
6069
13599
7803
6203
11031
21336
10779
4469
27246
1600
250
6480
22480
15340
2065
1880
8202
15180
13078
8110
17995
6939
26571
23686
6748
17228
5452
9660
13613
11191
22847
19077
7763
11481
5426
18527
5422
30115
24874
2933
6355
99
15014
19566
17085
14240
13399
20194
28141
23692
15043
4582
4367
1348
14395
3730
22877
1621
24650
12293
22107
2802
5626
11489
5137
4341
7089
22048
10165
7195
14400
13942
8049
14485
18517
8487
4732
10296
7839
21766
5923
1863
19042
1434
6465
3268
5079
6960
23298
5610
11536
12935
27476
4570
13734
13296
11346
11657
8027
27711
3218
21832
15897
15031
2565
21630
5805
25221
6820
5242
8039
5891
1068
13045
1121
4198
18801
2979
12119
15055
13372
9971
30830
5367
11229
9219
4524
7819
17911
15586
15423
10320
17284
7364
11676
439
13967
8549
13358
21260
3591
8226
7068
10701
12212
68
2958
18015
7652
5934
25493
12070
6568
19628
22491
12586
8798
15863
21507
9692
13879
8565
5258
3899
13328
5430
2771
685
5971
9388
603
8247
13339
12452
9256
1616
4897
16992
14383
7002
25661
25333
5912
7461
3202
2561
7224
9135
20105
6846
13940
9694
24148
12834
19162
22802
5665
13768
4967
19986
594
9988
8380
8815
4628
12311
8599
3503
19765
1343
3561
14939
10971
5348
3815
24870
446
19575
10221
13387
9776
6678
6626
24846
1195
6390
870
6439
18172
3478
9264
20627
4692
13651
13234
846
484
3040
13651
14745
22904
13507
17536
2816
2834
10652
3537
2099
6308
7574
20991
7353
12873
22326
20928
18821
11130
3466
1617
14626
2522
22138
21154
5527
8089
14825
5075
9825
21425
12404
2656
7215
7565
1801
1268
8476
11265
26093
10478
20614
11379
10153
11492
7348
6414
14822
7127
285
8401
11141
1175
11400
15297
8281
1379
4793
21475
1376
14889
13035
7376
17517
12515
6292
682
6070
5885
20118
11824
17703
2871
15577
9842
7324
20283
8019
9660
14208
1214
4897
377
2565
1028
6055
10658
7534
9493
19965
5457
24297
12273
3946
29584
11934
21397
12338
26845
22167
2552
15058
5323
5571
1039
19893
3320
14493
21464
22699
11379
27333
189
30558
13263
16256
13555
5153
10240
2207
16776
23390
8777
17662
19236
5168
7786
3484
4131
11806
22642
5199
5434
15545
2403
9615
3908
15916
13245
22540
3564
10847
15139
5728
6904
15442
21459
4970
5972
1685
19977
3417
23180
13701
23386
1463
13325
22738
24461
6880
12436
583
1912
8889
2350
22234
12509
11094
16342
3858
11384
16494
17922
13944
22574
14379
8933
16044
8918
14135
13835
21138
8473
1769
26203
12225
10957
19644
16738
21751
21255
1236
3591
6402
12167
10697
18717
18463
7491
2389
8445
22492
5429
159
5090
17769
16489
14286
9927
2644
3613
10175
10332
15835
2569
11738
6774
1467
4332
20129
6755
6096
6944
23882
14139
13236
2151
23219
3919
11655
3404
6483
509
8847
7892
7005
6622
3197
6789
11762
15229
5625
6131
3449
14627
1343
27102
26195
8342
4563
21042
20057
17314
14735
5855
11780
13273
9793
10949
15026
19632
809
7117
4355
2442
4032
21173
16354
2303
8985
4619
443
7637
19549
14233
5588
16431
672
7761
8220
7589
7563
16235
3265
10204
7005
13789
1081
22089
2863
26960
7061
11541
7298
5377
19215
14405
21238
28706
545
13909
20064
380
4784
1200
14209
2573
12776
7453
16661
18498
3348
6666
14456
14455
7366
6527
14509
1014
290
10735
2035
15745
30848
25609
16692
5309
9461
13567
12095
14343
31490
3568
2259
1726
15805
6186
12742
25883
12913
2308
2176
3097
2166
19917
1406
16383
15140
841
8416
17214
15827
16847
3539
3737
439
12515
14871
9079
9904
2519
3697
5871
9403
9013
13785
9386
3055
6768
9895
17413
16143
16858
5678
14538
4801
14423
2400
11221
1201
10015
2603
4704
5322
1937
26798
17956
14737
23498
21417
9298
803
6305
5532
19627
17089
8578
6577
8748
15517
22204
6309
23019
12604
2638
3497
18993
30536
15744
7357
3447
12703
7478
2479
2279
13788
14063
10970
19335
2406
16274
2097
3062
14048
41
9656
15439
10552
802
5318
5418
28605
6339
995
9686
12743
26422
3515
11260
27362
1571
2088
13355
4426
20038
2299
389
23257
3155
340
6212
419
6196
8405
1856
6643
13796
104
7653
6925
17897
4372
7675
16638
20028
4062
1409
18876
20092
22983
26413
5882
11158
1936
15744
5011
9833
6561
8427
18015
7004
4335
823
2467
8373
14180
21471
6144
6902
13647
13333
14342
16883
13228
19071
11521
26998
4306
12035
671
2429
6610
6823
25100
4832
5239
2766
24112
971
1083
7076
26162
10375
6984
9595
7559
9669
11800
3023
11206
9641
7303
12398
19279
16465
6731
16149
851
9944
21116
1574
2999
2948
12378
1962
3572
10927
3655
6465
4913
3767
10404
21051
5873
11839
626
15726
1333
16341
3524
9092
826
5774
129
196
2861
15673
3058
8742
3734
21658
3791
11100
12500
2652
7182
3668
7469
3658
20890
6762
5658
17210
14705
9198
1715
6057
3615
10607
3640
10021
3207
5992
1069
16509
18730
5406
18750
2644
11457
9719
24933
3046
2688
14000
18317
23267
5802
27437
25785
11227
29926
9851
12882
11840
5052
21560
19224
10910
10930
8108
5612
7642
5534
16762
7419
841
9317
25492
11156
19834
4376
27723
20510
26218
17763
4084
3540
8307
45
6369
9884
4450
11733
10658
22151
27412
7586
18564
16453
2276
10061
1557
20195
21
18272
1575
29780
14677
16241
6166
9003
6338
11225
2988
1735
18354
4040
22487
2549
6712
10855
2166
17478
5253
17662
18222
762
4176
2517
9157
7017
2772
4031
14469
9215
1085
11939
18553
4417
7393
527
5413
10341
17837
6389
1251
16058
3611
8784
15523
20953
10099
7241
30135
6036
1720
4833
15473
2164
20655
9320
15758
10136
2741
16689
5938
6082
9456
5121
3848
20244
9616
3953
11335
22222
6938
13391
21272
16161
23044
11413
8512
2573
13565
15827
12215
16148
6328
20310
3648
7882
3059
20133
10999
2083
4429
4517
26084
19801
4607
8575
23154
10190
21
14057
2675
10783
2394
11715
25041
12320
8180
15777
2919
5604
8778
13668
2157
6457
7352
194
9759
4371
11491
28895
23021
729
5424
6107
10194
8049
13055
16400
17305
8558
9272
4972
9170
2092
19010
789
15562
17636
19042
19095
16086
4843
16361
24047
1081
853
10173
14227
12214
5371
12048
5233
18675
1427
11072
20627
1948
638
19627
20755
7808
716
2643
407
9812
5931
298
3533
20080
12312
10666
710
17978
7971
26351
3179
6670
23339
17710
7187
3095
27971
22209
2819
15769
19704
9263
21469
22613
8344
7617
21078
6041
18561
2713
11369
23254
3766
29458
2552
210
3687
16652
12939
491
3346
2723
3035
9454
9363
3889
5134
17796
25515
1470
17977
23876
6278
14615
5260
26047
459
6343
22735
1960
2762
7039
11842
3752
4555
2091
12623
11073
13962
6714
2784
10934
2463
18155
747
6584
25752
20441
10913
10828
6516
4185
6855
969
1350
8426
10938
11325
2539
243
10245
14943
23502
25786
7938
18227
13086
18310
20221
11979
19147
6259
12547
25704
350
5360
2690
5134
15968
3271
5330
11336
13169
15633
126
1227
4721
25260
1344
7688
224
3938
16412
2402
16085
12069
12294
3057
5946
14768
19136
10228
19779
4822
21757
18958
412
2226
3275
1362
3074
11441
4137
414
313
12054
12697
12450
13428
7936
27797
19450
17062
13968
3761
663
7967
929
6879
2630
847
3272
19288
8105
10550
3201
8981
513
19077
4924
13406
10078
1463
6621
13685
1646
24390
7368
19521
20049
14128
29033
8364
4058
2974
8283
2880
5059
4446
13693
15243
11336
5235
705
5723
11449
12286
25315
15536
26466
25269
18643
4254
16448
12725
189
21382
3620
4316
19025
6188
3248
16602
7671
22058
6086
14367
11122
14463
9452
13786
7822
2885
16528
19135
7622
23959
8166
14730
2857
18555
5566
17220
11700
3942
3272
11482
20295
6982
5853
19217
22824
9307
6735
10265
16284
10173
13136
3680
11289
4768
11229
22359
669
657
16862
2785
28029
21572
9283
2637
8261
9655
7475
18316
15500
2476
19238
4618
7944
12192
3309
18488
29182
1675
4679
1906
11487
4973
19782
4155
3224
15825
17963
14513
15545
25544
23912
9145
9425
14546
13836
14770
1143
18109
14095
7885
20522
2001
11685
6964
1512
14745
4973
4188
20286
1766
20890
6484
13510
11708
2167
6928
7
20941
16259
4200
22204
11682
10405
20406
28342
3895
4681
11812
8185
25006
7244
6015
19899
16206
11156
482
2427
4824
14086
11548
8273
13808
18545
9092
20527
10310
22463
14288
1052
1566
13895
6626
2682
721
1928
8595
2001
2863
18336
14584
20621
3542
17420
11218
11923
6457
7818
1854
1409
23764
13180
14834
19388
6127
18846
12768
7738
112
4342
1493
9468
1159
6380
10973
11206
15028
25055
8932
17339
9605
18700
21859
3404
29575
14181
16964
9383
23656
12134
14565
17752
11490
23883
21810
5885
6930
7369
10412
1147
22571
9859
5064
26130
3070
12970
13027
26184
3763
4643
25152
629
1753
17146
13277
21665
1263
10279
13552
12300
12774
8481
10006
11651
10568
20156
18185
22286
21478
16549
8102
14971
14050
235
37
18305
6947
5372
10749
3849
13129
9959
20316
11105
13549
16536
3267
20491
16792
7984
7754
4592
2886
6746
11058
13605
2256
18714
23191
8669
4048
13511
6974
9680
11011
17505
15668
19488
7113
9718
2708
13395
27790
23646
7623
5197
2329
4997
8037
24196
1678
366
22295
1764
3798
21829
11145
26803
13632
11656
18254
6909
23041
26464
1508
2261
5520
9547
3833
4922
8750
1807
11628
13417
2099
15011
20254
73
10646
1947
21943
4711
21267
10046
5604
5542
14868
2477
5369
16698
16951
3137
7779
10008
9039
7619
3640
13656
190
20472
10501
13806
29622
11268
5970
2668
15733
2249
1154
1983
2918
15834
10622
3274
15652
2837
1627
1028
12682
13338
6218
23095
11454
12070
3122
20074
5706
14220
6151
13833
5316
11388
22683
5214
20627
19730
14833
22234
16153
14983
270
7402
24715
7217
26769
26819
16853
2650
2440
22858
6417
5505
25948
16577
4339
256
11018
23572
20144
11568
11772
3719
5379
7385
5091
25542
2684
8642
3100
18313
4821
13698
4041
22036
3372
5966
2786
85
3882
2497
12675
1827
18727
14164
11792
14761
4629
4282
7649
7117
5291
3129
14600
19395
9235
9588
3592
1778
1155
3525
1967
4871
24556
15839
20507
790
308
12621
11902
12504
362
26715
3084
27885
16330
9993
16610
1297
16900
373
19824
4704
19402
4610
13998
2952
6058
9076
20083
5319
4742
5488
3269
11164
23787
4287
21188
25568
4875
11533
11302
7064
17352
13219
1960
21686
289
10532
14380
15010
982
1961
22472
2792
18537
5607
14370
25719
13920
11224
6307
20558
10946
8172
7444
11462
27547
20681
11598
2145
324
6415
2390
10015
9163
11556
19345
6798
10849
10500
17956
3677
27255
4771
3069
4122
18573
11281
6135
8193
18812
10073
1465
16102
21238
3777
13278
5296
239
22601
3389
10795
5402
13392
15587
18833
1644
8884
24860
6677
22716
20974
26999
2678
13978
15644
913
2865
401
15781
11478
811
12659
13659
1658
16431
716
22227
10023
2443
5070
1793
1483
12473
8992
1920
19241
2067
10240
12069
5302
9839
17689
22210
2784
20832
7694
24688
6035
10428
16130
1729
4225
6761
1536
15285
568
6551
4325
4500
11408
16603
9809
453
8446
17858
2405
27629
6414
11409
24705
17902
1328
5883
6869
1000
16164
10200
1269
34
4769
11589
10306
17196
1914
2433
5933
1458
3099
18416
1502
12395
464
4698
2211
16838
4875
24610
2808
3127
4610
13330
13546
249
16717
20155
754
600
31610
14662
17453
4132
884
14803
4496
6973
28425
9612
183
18071
22197
1956
25202
7418
24951
20179
3850
9000
9256
870
4539
14809
16181
3905
17256
590
1536
550
12757
22534
16485
19888
21003
13846
24847
6455
191
12991
22441
19365
1811
439
19834
15360
12869
32238
2117
17963
9181
5090
5209
535
4623
14000
10228
25558
21630
30194
5530
16026
14648
4263
25130
7403
14071
10193
2987
320
4576
14445
2103
8828
14243
14382
16598
8107
26117
20557
9135
16209
978
18565
2783
11358
16236
23152
642
16558
13543
1827
18988
9049
1777
11159
12142
16054
18244
515
3848
17046
3922
6157
6028
2573
1603
20014
16171
9978
25498
26666
3277
1034
2810
5854
15120
2405
2406
14332
11735
4680
777
14267
5890
8567
1969
8382
1131
9227
24630
17430
4427
15457
20013
23995
26765
2645
24131
16168
10287
186
3489
6787
15346
14700
7389
9280
8108
6111
6095
18215
13238
1260
15951
5167
8027
3644
9257
28649
2824
29267
17986
4955
7503
242
7412
9841
10998
11543
3235
10808
6520
6440
15688
3716
495
18890
7769
9817
2047
20202
9686
19343
15499
24910
4582
12757
17699
21612
1583
4395
6145
1014
17871
2739
861
4280
9843
196
8372
1381
7029
7692
21148
5285
1495
25795
26348
7886
2644
6457
16453
346
452
9129
17554
8418
8024
19854
1212
17527
4156
4803
3678
5517
13629
19339
5939
693
9766
14389
12965
9163
1243
20120
11682
13506
17366
4666
5269
7062
11971
1967
2761
22489
5520
21368
9677
1062
8181
4175
12594
4107
4050
1589
17245
6646
5966
4527
256
3569
24018
3948
24562
1414
1883
22055
86
10616
18048
16679
3839
12713
7073
12214
29039
11184
601
2404
26579
24156
3873
5358
8684
12407
7134
16507
4019
19328
8016
3090
18691
15028
17629
11931
2544
31299
7187
8790
20970
6944
13442
13547
3108
27218
10828
23570
5145
6860
9683
627
577
10771
7301
6361
5866
8026
11170
20202
17492
14240
5156
13353
4591
10287
7200
13095
636
18884
13924
6908
16911
9741
6774
2400
4380
4194
3047
16343
20165
5815
10179
8518
10910
9886
5054
6100
7745
5976
14855
12277
2126
1474
11714
8984
9010
7460
1660
503
10923
4813
299
6966
10944
7220
6734
14746
18567
5635
7293
4885
8214
4372
17587
20236
4354
388
17072
5206
24218
12077
7576
9187
14667
8791
22052
8043
6648
15958
6988
14339
880
3306
6967
8839
3594
3462
1154
21045
12142
15741
1560
9526
1539
1309
9965
13801
16203
906
3049
8884
8500
2830
12204
14348
13618
26270
11233
12575
15768
20841
7502
10480
1904
17995
8936
3889
2590
8758
16089
3197
1769
2704
3580
11404
5345
4983
9139
20634
185
7280
6191
8194
7518
6306
7571
4027
16189
23437
1882
11278
5096
12464
12137
6361
2834
28192
10550
17889
469
30375
11699
8098
3499
23753
6776
6892
5303
2250
17360
5517
160
5898
11673
5625
4589
9733
5007
2841
7979
7232
222
4645
1649
14049
11313
8331
17967
10887
12969
17529
3695
13077
10511
1775
264
17981
628
2046
334
24679
11696
17880
7379
19055
8168
4865
6337
641
19646
17483
2005
15056
2648
217
6003
2508
8561
11663
9397
1809
5105
14586
18829
16802
8920
4798
10728
2604
17
4838
23846
11936
9198
8506
1745044358
15815
21211
9394
20731
6464
2876
12232
7600
5908
5653
17709
1476
16345
1153
23585
367
10536
8373
7283
9729
5859
6716
5553
14645
21434
16888
9229
18900
20994
3522
11646
10244
4832
26467
18266
14838
26248
3003
16712
16406
9172
7251
11698
3978
21632
15886
8680
7402
3700
8511
11168
2966
26593
8927
2001
5251
2309
15773
6689
3272
7793
17910
16430
1732
545
1459
9252
12034
19026
11956
5424
7138
6283
2757
2278
28161
14333
6303
16412
13435
8358
3483
12700
4509
5550
9026
22517
5308
27309
23016
24149
1291
10849
7483
25157
5075
8879
8576
103
11830
20393
2773
6767
2098
13888
631
4699
17487
28607
18921
4200
2945
2829
7108
8755
2871
1324
10307
11218
20170
18812
25240
14049
10774
1991
18984
3807
8477
11380
1648
6363
8730
11497
13352
17181
16444
11787
4326
12421
21704
19656
4162
11463
4616
1861
4596
23632
77
22022
10064
16413
12559
23051
20559
3839
16884
16036
4745
3460
12810
16281
9472
18558
317
19227
23711
3555
23323
13667
3489
14455
4388
14168
8172
3075
17249
1285
22317
1708
9381
2257
15932
1161
3906
2447
5633
10773
11433
13067
3897
25261
10424
15428
27738
5036
4148
5398
9940
4628
9766
3364
16974
14208
15013
11584
7885
7527
3809
12129
13094
1393
708
21430
12957
4167
8658
14381
18479
10756
19934
9690
1715
1490
25445
17391
4756
22716
9081
12372
8784
3595
5468
4102
13400
3680
5444
454
128
2566
11969
1239
182
5619
20373
11197
13245
6726
3190
1443
15910
13295
2869
13573
934
24451
15140
10715
3953
12870
22212
72
4718
10138
6829
28785
11676
6402
1525
10628
13537
22335
9884
3269
8768
15050
9786
17952
20757
19948
17537
23999
10757
7838
5934
1232
5931
5443
5356
6614
10119
2553
13706
1353
14314
4596
19
11081
10272
630
6499
19597
3014
21553
23065
14635
11860
2953
14247
21726
10717
14140
4114
20682
110
12869
9672
19893
11622
4289
20752
10275
3669
9646
29760
23877
1851
3086
8547
10728
7920
2775
16074
19845
29965
921
6501
8300
21443
142
80
18023
8457
13448
522
8287
23114
27705
4885
4503
3248
4324
17034
3335
4634
4254
6070
16895
8330
8563
19824
1038
1070
4988
12579
16886
16633
11760
15509
15240
1075
1936
1962
6515
7213
15096
21070
12919
1622
14912
4136
20134
3501
6218
20934
5852
7444
4726
15682
8885
27298
5402
7167
21992
21645
2942
2561
3668
8422
649
2486
1759
18901
3572
3490
19884
21930
13706
26388
25758
9538
9259
1817
6382
5292
1275
6363
12019
1319
15746
20264
8285
8440
23894
11156
22095
14298
13501
3804
11658
8984
7923
2553
12910
14641
13095
8303
19017
1334
457
15851
1511
5815
7693
19417
2888
19994
12069
19129
12254
23876
4891
11147
2819
3912
10340
11147
25102
542
23108
8203
11981
23385
14069
11668
17970
17127
4589
9582
18213
7322
213
1948
16212
26541
21481
9406
5918
3148
9081
25482
5547
1253
5956
17192
12253
5147
1379
1047
11678
7482
4763
8323
16516
7463
14560
4286
4838
23919
10218
118
6260
3620
285
868
5331
4605
10781
5618
203
15073
15262
16019
9807
26078
1613
23705
3744
10182
16012
725
10022
13962
8560
5526
5104
29002
11030
61
5735
133
154
5677
2379
27997
12310
3853
20333
14404
4987
7194
4420
2470
14278
17598
1386
3846
3658
19250
16160
27117
1063
23164
5181
10227
7774
10824
2876
22793
5517
17740
1229
26980
1026
176
18311
21423
3074
11030
16345
24442
12761
5178
12742
12052
5528
18312
23618
5826
9565
3545
17074
17867
6999
7043
3821
12278
7023
9706
15384
3337
10801
1786
17440
5027
23174
16922
7325
4815
3714
4595
8433
2256
8044
16020
5617
7505
616
2735
4737
305
1477
7399
22785
6695
172
22803
15235
1285
10765
15075
7067
12330
2016
4721
17563
4155
24169
18319
21919
10951
6723
6617
18333
18626
14749
15321
14775
2393
1327
1337
20829
26474
20399
11336
4506
14202
27514
6069
13491
8231
15942
11227
2228
5157
10754
17082
1496
12453
777
2553
1591
11151
18575
16042
11220
14807
9641
16542
9140
9408
15784
626
14126
153
2535
17370
12299
8012
22076
5728
7602
7391
13234
14148
11157
9355
20712
9133
4383
638
4539
1116
17427
6383
11069
5838
63
16146
15729
5576
17741
13136
24909
4697
12749
9960
19550
13277
12070
3628
19108
19165
5378
14952
16649
5383
4394
4406
409
6009
24873
1755
899
23259
6359
16352
8485
177
59
10878
17394
2430
9983
5700
7633
19765
4438
14832
11242
5210
4233
12262
16799
17005
22355
18609
7466
188
3035
7711
15351
17140
11021
8083
14407
19144
13594
31474
26107
892
14346
19141
2554
11959
5946
9199
13675
2851
14150
3530
12719
8435
13723
15870
9967
4894
8069
2543
11086
3003
3723
18808
6548
17018
14671
16554
13674
3679
2428
21130
14870
12050
25356
7463
2461
1201
3933
4641
5249
836
1517
22698
11485
5814
3589
3397
12361
20452
592
18332
298
22298
24947
128
5788
7646
19592
9465
17901
1004
10743
6559
26455
8028
6917
11796
16220
11294
19433
250
14408
25089
4847
3514
20180
2389
25819
23733
5931
10195
10409
928
4485
7845
15761
12647
12937
17112
11149
10006
4535
7506
4906
16572
21498
6123
21165
19849
23652
7367
13423
7592
18341
1198
7455
2846
4617
17077
22420
1902
17855
13600
23885
21330
748
7316
9695
7877
12352
21586
18559
20412
7879
7419
21126
15632
15068
19808
24584
9755
9647
18360
6998
2451
2688
28752
2084
243
2639
10914
26599
2137
13033
26228
18451
8096
3320
21871
1753
11645
24250
11864
13364
15931
2490
16808
13166
7260
26781
5498
13050
1611
524
9174
21409
5591
3631
5708
1204
1423
7694
668
15008
5413
19918
7579
14549
4632
5541
15483
11191
473
9831
25740
3727
7155
109
8550
5571
15379
26654
15780
3074
1454
8943
13627
13880
23586
20476
30156
18138
9996
7661
2633
628
14166
22687
3306
1561
2655
16867
6242
6014
4513
16284
2862
784
7667
4748
22798
10456
26699
7021
14384
12373
16801
12673
14066
1767
2997
9787
4794
21556
2781
2739
23092
18334
5796
13414
14987
5131
3529
4442
5105
8195
21820
28265
10273
8989
3228
28716
10984
2814
6660
18797
5962
752
17960
1311
18239
8691
5366
8511
1354
15875
14309
2792
1336
8184
24536
4780
14391
6013
5283
4059
7517
1901
15163
5736
6395
10534
2788
23820
13014
1457
14802
12910
19614
6210
22656
9994
5683
7617
1003
14403
670
2723
23927
4814
13408
6695
11484
10022
15526
18577
1467
10750
1388
3230
5753
20184
28923
8188
6317
22415
5613
7440
5741
334
10819
1664
16187
4730
3832
6097
9087
7949
16488
14364
10020
6071
12536
8898
49
2650
9749
15142
5175
3068
6778
12544
3264
6082
4679
13217
26455
5603
18152
11490
13786
8447
376
7707
15268
11404
24600
3363
9531
13406
81
5168
1415
8582
324
17189
832
7468
9794
16700
4794
10654
16591
8447
3687
2332
15356
8908
4409
4379
18379
1261
7579
16296
1997
19924
13449
233
5539
16842
4300
16533
14938
19618
3752
5155
16895
9905
1470
12142
6530
19441
5767
2584
14861
20052
17726
9852
4489
10997
8011
23697
27059
21026
2612
13602
11898
6252
27862
340
27003
7054
16692
17918
2264
12045
5102
11080
2429
14677
8761
13172
7953
1613
10254
21152
29143
7748
16338
211
15293
12412
11217
2628
2671
15798
13402
2602
12368
15985
1271
15225
11267
11678
10480
4281
15107
19495
425
10443
8968
12020
1631
24261
14048
21407
16032
8146
2165
877
4565
7549
26490
8733
1022
18100
12746
10
24589
23941
1990
7256
7774
28817
1379
1875
22091
6587
14474
18842
13107
3663
11187
3948
7005
26900
15050
1078
84
2938
2336
9559
26601
12840
22763
3103
2753
20545
26681
12815
5205
21766
8623
15401
19305
11751
291
15
6822
10581
11214
14633
4485
23213
17710
21314
2673
28787
16468
8881
17255
26811
22189
9573
25924
80
14284
24933
11419
18887
10838
8402
19290
18216
15295
18111
6919
21482
4622
3441
6599
8626
6176
11970
25415
11677
12755
10570
12714
29112
13756
9772
22914
2555
25391
19093
18913
28978
3355
1857
27322
7309
1644
8630
979
2527
7799
1861
3166
4127
5482
885
18292
8265
17479
17914
21500
21499
412
2393
16069
20528
3433
20816
4957
10131
2222
6055
684
10162
25468
1756
6489
4839
20274
6375
16321
15846
3752
16904
11519
3346
15612
1473
4121
10648
9616
211
19454
23114
3065
6964
16540
12853
22703
16437
10684
14834
9345
16897
5594
5479
1229
5321
7751
21973
3343
9108
2921
3461
26012
3728
25958
21201
8027
4955
19173
3859
21304
1027
20999
14555
17928
2371
7834
7955
5483
27433
10176
14107
693
4986
29377
4136
952
12760
10197
8915
21899
4959
8765
25291
3854
1042
743
20494
10136
8646
5291
23124
20891
14730
3951
4576
3379
2665
29224
19481
10139
28810
6065
3796
18786
7959
19337
25603
13047
20017
17823
3638
16355
6989
9102
17567
2871
4753
13709
5024
13964
18820
7758
3647
2574
1872
11438
5683
21953
5615
12963
5141
4807
14839
20515
28705
16406
7697
6621
3403
3233
11659
11119
1347
5594
14859
19196
9352
10223
1608
3385
109
11002
1198
15645
9063
815
18213
12201
14575
5551
23079
13495
16316
8003
4194
6248
2233
16106
5422
28
5259
23071
11598
7488
326
13696
18609
7959
13551
12771
18574
5395
5896
1960
1630
16378
6940
16223
11205
15874
12660
6368
768
4915
26737
2888
21221
4266
11982
6722
5588
1226
18533
4371
8384
29502
27056
19842
20794
15656
6640
954
9963
25296
15408
15421
26245
3275
7728
5202
21723
11095
12516
10945
423
5326
664
12712
21079
9356
3843
19007
13564
14850
2552
3242
2389
372
4281
4508
4756
16999
14214
14430
3239
3615
13509
10945
13684
5124
5865
11992
18829
24755
8603
25644
5721
9971
776
714
2974
29532
9990
25526
4357
7624
9469
19934
8163
4431
1245
3104
22265
6791
4463
2826
20795
24450
1331
20659
394
16316
12140
5610
11090
12357
1535
16763
19594
4168
8361
17511
4034
5240
12324
351
8794
28197
2608
2324
18413
6693
8872
6509
5220
8618
17750
21826
6777
15785
8994
12943
1855
1162
10437
982
18347
8652
15648
18095
1575
10775
18720
25125
958
1389
1987
3380
2123
5655
2907
13209
13594
24492
25407
13219
1463
11310
13326
4952
17478
11938
2698
2721
2643
3544
23087
6194
2938
5661
8187
11201
9537
5659
3080
2198
17585
5496
3353
7207
10938
1886
1367
1224
10776
12330
23695
22106
12086
6463
4658
5037
2977
15580
15213
14597
5149
13283
18423
1097
2810
8047
12334
2044
23525
6268
11167
542
13458
3106
7645
3022
8846
12735
18679
12507
10910
8100
6112
654
19563
9411
6118
24008
24798
22127
6938
11965
7818
2850
21172
2341
3816
27
27703
1062
12286
994
2079
16900
23851
7840
912
10355
12958
6169
2026
17903
10256
17734
5268
5190
20077
2881
5195
4408
1669
17777
18236
141
13912
2313
1066
3576
5225
30394
18110
13589
17358
4977
15791
14578
2417
2433
25975
12818
5175
6552
30617
25318
13785
20484
26616
1439
13822
22344
11844
10682
15189
25110
15654
21505
218
10694
760
136
15671
16942
16970
2534
17328
2273
12513
25719
2261
3603
24999
18983
6865
7251
15729
2365
6587
1256
22207
11462
27018
17250
10361
7381
13016
23834
6984
7449
8038
5164
26598
3657
12117
1014
22797
11768
7336
4197
3145
4889
3488
10019
17723
30269
13322
19143
21412
6527
1743
812
20493
10812
6054
3112
6545
8088
24811
10236
18918
18478
8591
353
1425
3233
11400
17186
11439
22026
103
11930
18346
8781
3376
2424
26758
19107
1865
17404
4935
6679
185
18953
16492
440
5238
8058
17214
16540
15076
11367
11748
28174
23900
3946
8644
1845
20550
7022
1901
8364
25615
13189
8255
26418
23473
969
9076
10896
21367
5552
1064
13819
14714
10988
12268
2799
3886
15183
4587
16489
7748
18566
21404
11496
5962
4380
13486
1359
17120
3194
18993
7906
6445
1109
4282
9326
1200
28550
8445
20317
8026
3855
14348
15187
4329
1991
9921
21358
5603
1379
7409
2263
18005
2944
13811
19201
15544
386
22830
13266
10697
2341
11197
1588
9175
10773
4440
16179
12831
9238
6230
15382
1395
5764
10970
21547
12003
1491
19863
2827
13825
3959
15021
8433
7127
26900
24462
23182
10770
13727
3179
16136
8607
735
131
7646
7274
24799
14614
29323
24615
17133
9387
21452
9866
5464
9530
10069
7618
20758
3426
3360
10702
10120
574
23169
8221
1539
14020
18423
357
2823
2104
4739
17827
18780
30226
14717
19900
16465
5331
13958
29484
7089
15556
2137
1261
7740
15336
6512
10612
12543
9360
14140
5482
22542
7267
23406
1331
2442
5555
5737
11368
2107
20041
5028
21201
14901
741
15222
7734
8939
21397
11808
5481
6518
31040
5888
14696
13587
14004
24800
15521
6639
13022
19962
6188
4961
1368
4302
11282
6103
4810
15881
2653
4695
1832
7010
6550
1791
16777
2271
606
2282
1541
24012
2172
7721
20920
6368
7826
2001
13772
995
5208
3273
687
12736
6426
21830
9564
15685
24472
5701
16490
24502
20612
2044
12005
5349
1212
15993
9037
13321
8463
22200
2124
23836
6847
8623
6977
26918
5831
17516
21421
9659
1604
1419
4215
20652
10512
29207
6389
11681
397
21922
2683
20056
12321
19928
17652
17602
280
6445
2163
1425
1017
3885
8857
1345
11519
17443
1439
5074
16716
23308
14299
12175
485
5342
5602
1674
15405
20431
11453
1306
24052
8609
1284
5822
12450
10269
20227
1803
5629
3053
4304
465
23505
22276
2986
1777
17302
4988
14283
933
17901
19346
5566
9625
29944
979
13051
10217
3986
2816
12725
16719
3883
2050
17184
24914
10495
6963
387
9974
29017
9239
25179
9254
28445
17869
10006
3972
8600
15214
16015
12819
12709
23273
1044
1823
18737
8647
26080
14949
13825
8263
9347
15330
15463
1351
11460
8735
13502
8813
8321
3222
28499
9334
2180
6054
25188
10085
10184
12070
6918
16887
19439
4993
6484
895
4238
4461
14466
69
13430
8118
4259
12151
27260
4806
9982
7495
25724
7798
10267
25744
18265
14554
12436
5809
8743
16892
3839
1220
15358
5015
6043
13052
13102
18008
14723
16399
17570
25500
10741
7584
4227
9069
5214
917
5864
21670
24810
16922
7080
4244
22589
6381
13481
15858
18978
7334
2371
10917
931
23285
14839
14273
4606
1757
8999
2644
1906
753
7182
19209
15448
12269
3451
721
543
12398
9532
465
7344
2562
23786
9237
6633
4518
21678
2143
20839
10818
1013
840
6362
21045
19440
10235
1686
14339
16975
10604
21280
7094
1732
24586
16385
11139
12351
18741
17017
1468
8218
8612
13766
13469
3837
13140
6641
11106
19660
7505
4754
4375
2666
12960
4432
19398
3998
13418
13467
4431
13192
4662
4616
12127
11081
22429
9188
3814
7488
9215
7393
8290
25405
16611
19255
2894
17968
7779
2253
19286
21244
14533
3186
7867
961
7049
12880
13
15028
27000
1913
1422
5421
2900
15489
22887
6052
2894
5739
29297
27981
5534
14413
17945
21555
8343
10390
25066
3357
13297
5411
8281
3857
1275
10974
5691
3903
16248
17451
22634
4787
19424
4260
15534
330
9392
2003
14083
22701
1067
7188
16919
13879
25865
28032
3145
1143
12189
4265
1658
8700
2480
4463
13796
9371
15218
16321
29891
23989
30197
2771
12423
21596
30580
6483
16939
19368
13255
4417
10781
5784
12463
20577
9396
19028
9912
17642
7220
23274
3552
3737
21653
20943
18293
2565
9394
10653
24822
1881
8041
9826
3845
13490
11096
10538
8005
18804
8920
8089
10831
904
13142
2431
4171
16821
18611
27173
425
4373
20137
24733
5510
12212
23208
23920
18159
26556
14832
21889
7977
14015
3119
6238
13483
19722
8334
17835
22567
3773
378
5432
4701
14136
4730
2195
16602
14023
16670
11381
3943
21085
25733
9984
83
9886
22540
13955
7371
12896
7363
13608
26627
5643
2584
5700
1080
20828
16233
9645
9458
1360
3665
10926
10486
6313
23617
3868
943
680
13273
10318
2299
6135
6759
12278
6743
21934
19293
17982
2599
13554
4002
4640
6348
16909
16481
4454
17920
4398
657
3734
3100
457
9826
1711
7173
14298
10153
22389
12099
7973
15414
13416
23873
14633
20898
24630
22262
10845
11419
8891
6942
14800
6344
14326
23067
4554
28159
2581
28896
29
2575
6314
14135
22137
463
20455
24092
4676
3663
16644
3968
10043
7012
20161
9823
9418
27171
24355
9566
21620
21695
8246
4867
20900
1130
16445
20230
6071
2262
6647
1631
238
27774
7797
2363
786
16432
12614
3617
17214
12702
6722
13607
7042
9122
5054
632
13771
2878
10478
11301
8448
16172
2961
26314
25726
7341
13926
2894
9337
25305
3091
11401
3144
5525
24196
3800
6406
2290
14229
4083
9918
2429
27216
18457
1966
6774
23908
9705
2252
27721
12005
11679
5798
9112
817
11187
23872
20368
10416
3350
7380
2400
13391
4315
6396
17088
28199
263
1034
19812
20849
25048
16141
13582
23336
10473
9484
2438
27316
21807
6180
2157
11364
21198
14798
22513
8038
21134
10124
2707
17879
9794
5874
1973
21004
11321
1277
31284
9566
18699
1291
3707
4246
26487
23955
28790
6155
1581
25268
8969
4272
12750
8288
1112
21579
7665
3169
7532
19382
13451
795
16483
12002
5610
5841
1873
16810
6538
14016
5118
19331
12535
1697
1278
4832
11087
5884
17874
9085
6145
4751
9319
23517
30098
11651
7203
3128
9947
6889
9122
6033
15355
6003
27608
4210
2110
12717
5012
10059
7611
29517
2015
13540
741
10673
5336
1802
4612
9305
5618
21080
1365
5982
17885
4239
16040
13868
15547
12021
899
16667
22446
14503
17683
11357
21036
1407
21692
7580
6063
5503
19300
18740
23291
1445
1765
2647
3709
3843
5156
11345
12961
16427
12508
7054
1797
919886362
9050
18455
2529
3152
18301
13523
7929
1181
13433
7702
14476
3625
15838
24855
17181
1004
996
13075
9346
8680
22333
29726
712
8870
1929
9540
13557
1092
3523
8472
8468
14547
10208
12700
5127
2593
1724
25479
601
15527
3486
6326
16494
14956
2514
2548
12227
10132
9417
7405
8986
713
6105
14219
11396
4500
3352
170
25027
228
4924
570
13362
7380
11506
19682
3056
3582
20546
11264
2621
2219
8829
14643
5330
12370
9801
6762
4805
4541
14451
7105
11481
20183
565
17568
3323
10626
2421
6104
23526
2134
11355
7733
18000
947
13554
4368
1154
10421
17389
1849
20947
16490
23839
1303
4143
20958
2441
7157
13387
2873
31768
11565
5381
21548
8234
5311
291
2127
12938
15518
8167
322
3272
27137
268
22538
475
5187
3172
973
8685
8067
9235
10234
5046
21805
5031
4226
25336
13113
24187
26
7297
19282
20920
8464
5542
318
21936
909
9982
28897
3107
2067
10077
10875
875
475
26307
1870
27546
2773
25460
9941
10151
28188
11408
12087
3606
11939
4325
28036
9651
3841
15058
11974
16827
17
6222
761
1553
9520
11751
18252
16389
3033
16239
4643
14643
1863
8119
8223
19958
6663
7671
19771
20489
6844
17553
27902
13415
12590
19357
9899
3070
11673
15322
11772
1872
13395
22242
8557
6662
3520
23652
7827
6037
3099
13185
14236
8949
2568
19311
11229
7265
98
298
9483
2079
8891
21711
8646
23908
7998
769
17858
739
14105
4519
10584
359
1153
1856
8620
14960
4032
4378
2787
20788
13099
2731
4373
5541
5413
2985
6850
5798
9907
18727
6979
6266
3569
14451
21299
7475
24502
7634
7597
4678
4460
9205
4311
8006
8219
23498
897
19093
27588
5093
20443
4220
5534
7435
11319
15084
9521
2249
7582
16238
13284
2895
4710
2153
12019
25973
1931
23279
7428
23227
16993
7521
21785
29823
10934
3931
4854
25
1182
5967
7538
14889
3035
1549
4201
3248
23645
4037
18756
22256
1381
18621
26134
13841
19301
8855
17230
206
16917
2263
367
2426
15053
5686
18956
18535
7051
14947
21814
11876
13035
15366
8346
6141
17724
10427
25380
24851
1869
4846
1088
23737
13519
14141
3803
3418
9123
16489
5229
11807
7092
12131
5396
22248
6378
5456
4756
1196
12956
11640
11071
20593
4868
19443
3549
24869
13843
13368
12322
4023
15670
12421
22632
17690
23744
28355
15167
1889
19082
11761
25297
14606
9225
3853
27395
15703
10037
7116
11113
13426
5275
950
18916
15632
23634
1405
15139
13210
8191
6758
6730
5620
7957
1093
4262
607
6490
28789
14080
11513
5151
2450
24292
3742
11169
6378
9161
10295
18814
5746
20
14938
10542
22278
5376
3200
8523
26166
5078
2342
14131
2776
601
4706
8445
3249
12494
1734
9842
5428
776
8391
20468
19259
7733
4035
10782
2194
1279
5432
13634
7444
1988
6883
20224
6023
3446
8327
2233
16677
4835
7344
5923
18657
6406
3452
9389
11968
6905
9260
3216
17391
4190
3435
20100
6827
19889
12918
16607
17295
9302
13529
269
24539
9872
8223
14976
2305
14665
8077
2161
8267
14797
20666
4153
1746
6100
18800
11177
548
4052
19151
4576
6822
17366
26609
6439
13716
8731
28193
27882
16972
7785
7080
7010
3443
22782
21244
3012
21307
7933
7827
20157
25014
13713
12313
13775
14956
5249
6003
4765
4569
7950
1512
388
23600
9431
9257
20614
21258
12780
19436
19975
4864
1373
2844
2518
14841
21908
3063
16938
10666
9592
1631
3417
8999
9520
7666
3697
20946
11360
10449
20129
9744
2217
15619
20236
4593
543
25689
28967
20341
22122
3964
2314
12229
8447
18958
22928
16345
12114
18439
3672
6445
29184
3766
9002
20902
18557
1639
23152
7565
2816
14719
2656
3271
2366
8970
15835
13810
10521
12549
9033
20192
4690
20582
23223
4064
14419
4030
4432
2485
12332
13097
3283
7099
8853
16155
49
9889
20509
1656
16007
8930
13769
7762
25704
3474
2071
1059
12722
19943
19089
2621
930
12041
9345
10031
14093
6312
3578
14106
10175
20696
9989
20386
9682
6163
13299
8657
1546
12369
2308
2825
351
2835
6748
873
10784
2843
30061
25677
13985
4949
9202
1898
19818
12357
2490
27913
7121
6617
5628
8463
10428
7224
12175
11500
19536
5049
16351
6823
17988
14550
18965
791
14351
12244
12668
13372
9000
9356
3693
11535
25054
6854
1626
11423
7151
101
705
11682
22581
6007
19359
8233
27225
4419
13689
10737
9013
6874
28183
626
13559
17714
1773
19675
15248
19082
1146
10148
20848
6734
30642
15266
1857
2559
29288
9185
21584
276
8170
6449
14290
6270
1730
14547
24801
7693
14324
3671
3707
5186
27762
1620
1874
4325
7670
3021
5383
17217
7312
9611
1105
9921
22115
6777
16310
3479
17051
7955
15336
10669
3691
18422
17656
2523
9543
5211
1036
4898
9742
1520
416
24452
14488
11911
6844
3130
4913
12963
21818
18545
42
20529
4579
29324
15420
977
23627
26605
16078
18301
11959
5225
15333
2990
927
4393
5843
14075
1010
6585
6160
16807
24686
11908
15549
4044
7249
2064
5091
5822
24046
14178
7323
13346
7986
14294
26513
7358
7272
577
11125
9223
11564
8055
15028
7530
14588
15393
5457
14433
5446
3406
5676
5455
7176
11254
8731
8287
16158
10022
8448
10243
13766
24165
3328
16676
17525
17930
3251
12174
399
11070
14066
2470
455
4550
7126
14841
6402
16239
26886
26517
4357
6822
16284
23505
20539
21465
18407
4808
15121
19787
19417
4677
20508
28707
1692
23456
774
542
12551
3606
9982
11503
8518
28272
9288
4760
9657
17759
18742
3547
15458
19332
1070
24301
74
2140
451
10704
5749
23861
17389
12445
3845
26067
18050
5132
4148
20782
1913
20994
18052
7921
1242
16100
4269
7265
17644
6946
1252
16650
27648
5755
9487
19178
4342
24150
2006
13449
6600
10030
7868
6783
21681
24395
21919
5089
28452
4209
3002
22181
14759
27936
5021
9335
7816
2719
18306
20881
5058
7136
18519
11058
5198
3546
4758
3434
887
25796
6326
542
7362
1693
1540
4680
6214
3166
5711
5088
8316
11560
13789
7235
15714
2237
21915
28510
14898
3738
7209
13614
21106
7555
2871
7564
6358
11696
3422
13210
27002
15433
2687
9027
6199
2856
19379
15194
4313
4711
7976
17888
10029
24108
2004
18289
22764
7991
19185
10695
15849
23529
10929
20491
19730
9130
14811
8901
1539
14676
2866
20486
23475
12584
11864
23549
5526
4735
3707
23754
14306
11650
18698
20210
15477
5332
24549
2229
21149
11407
8091
747
3312
437
12878
5747
20841
20848
14299
13706
19018
20668
21734
8760
946
1767
2904
4977
15674
2112
7718
3599
14168
2821
18433
9857
14607
4664
22622
2279
9851
16114
5068
16223
11410
5828
4470
15029
2697
6213
6044
15069
565
14776
2317
161
11757
3050
23342
15884
7883
4201
9413
12824
1421
10448
15673
7083
19045
3723
6537
25465
2801
5582
9524
3355
19146
634
5138
8578
6946
18184
1841
513
9198
2405
14896
17740
18039
7487
272
10772
4096
17932
19259
5653
8523
16347
8154
3725
11700
19586
23616
12071
1636
3506
7296
17996
7113
5880
9895
8543
15631
8102
11426
24316
15701
6339
11572
20182
8357
6008
9754
13445
13317
13564
4849
9504
3727
10117
21901
10144
3956
8086
11581
11318
14720
11003
1229
7090
628
7852
243
30722
4002
27517
2385
6700
1903
2554
6246
11233
11652
6359
7665
23346
11066
10120
10276
10343
723
9202
14616
5288
20349
8052
23623
172
5387
10432
16672
3750
15449
28893
16962
476
22237
2302
2692
8312
4368
5108
4633
8008
6607
27501
2392
8071
14459
16312
20272
3282
10875
21919
5919
24735
6125
16749
14616
4791
9979
27468
16172
4269
26551
7579
4409
13232
19036
27
13229
19714
25888
12456
1837
3760
16859
32
7286
18390
11965
366
158
4534
6909
14812
19005
20874
11653
4497
13809
7418
6592
24391
1664
17329
16745
27723
1532
21950
5459
1257
9556
11885
29246
15173
21130
25095
982
19528
9263
7405
11193
18485
3603
15344
313
10223
4254
15228
21202
9825
23255
4867
19288
675
11528
14453
12120
3229
14986
17091
2301
5490
5469
7712
20627
14937
21328
2815
10379
58
8287
4912
9387
4514
4772
27379
9806
8295
12635
16865
13372
8557
6878
4827
599
16309
7954
1459
20057
5656
7959
25018
7041
5842
7451
19688
4176
15510
2296
6738
25553
11927
18290
15240
6852
5464
675
5628
23425
6496
3641
1180
5165
18163
16650
8928
50
840
3952
4640
1278
1833
7326
14494
5078
682
3940
8291
1380
8606
11071
11033
7095
2993
25586
16620
14223
524
3240
8745
8740
5637
192
3175
21120
16859
18463
6938
19426
6340
14781
18566
926
6249
6721
15324
1929
5278
10828
2555
7528
13098
493
7671
7161
6153
21673
4076
11070
6634
15673
23706
27822
9354
6138
926
17712
662
2133
4379
17670
13618
806
15482
3928
1169
11647
15834
21989
12714
15905
28307
1546
4198
14298
25150
11565
8469
29017
184
182
10065
24151
8264
17818
3366
15624
21741
7590
4293
8588
11392
30208
18606
2789
15929
5210
10793
3811
13420
9618
29493
6049
696
22021
7989
10822
5428
24691
3824
15958
1310
5527
10117
2963
6794
22461
17227
5597
2100
4112
14704
17394
7381
28313
4177
6124
6786
302
1550
7773
18084
9879
8323
1426
14743
22623
21757
25992
6662
14674
2975
4135
4740
27364
5057
6861
12437
9864
3697
25988
11483
655
14164
3321
3388
26444
8456
7395
2216
9136
26721
7770
8144
4869
1895
8382
27980
17263
11218
10682
7401
19164
2237
14604
17110
8055
6490
5504
17667
9169
9402
5078
12651
8740
8456
1900
8012
2329
5748
6808
12162
6386
5996
20363
7939
14798
14011
24832
17642
23307
23103
2870
57
9743
507
15991
31911
2103
1216
7613
12113
3793
11987
7586
14610
6963
22387
771
7228
270
22264
14403
2734
29968
10040
1437
2187
20646
3747
6136
6702
6444
17185
16165
599
26750
4310
18212
4598
4974
1763
27844
13369
8327
2114
488
6318
1599
7417
4774
5151
15678
7420
4812
7134
22023
1431
12993
15698
2392
12050
3899
25593
1787
6245
3011
12423
25028
10909
1029
5560
14619
6355
4090
8714
19683
11203
6898
11088
8859
30445
5415
20148
27442
24583
16614
931
3511
22880
21293
14892
21894
6286
24259
7706
6263
18816
12586
19015
9637
10574
3099
4456
1038
17312
19749
20001
13345
5186
17193
18004
4696
11968
25933
5038
10889
2218
16963
30541
13661
24515
27535
22756
18726
11544
24068
11870
7162
4549
13034
1758
10164
6434
18466
13541
14577
5234
19060
11344
278
10352
6176
1140
8442
12733
28558
13278
14316
25478
22918
23011
8697
21212
17025
9589
16749
1870
26395
3812
14289
22155
4789
2776
12842
15951
19539
10895
20868
1407
4675
30572
2477
15028
17340
956
23639
15261
12277
27352
12281
23294
4034
5862
14704
24013
15688
6703
1629
22086
12098
12187
17780
21239
11858
5926
17966
12973
15492
12016
24309
26865
784
10492
6011
17560
12653
2799
14578
19741
6998
3476
3917
3467
14022
12159
16840
22309
4034
6597
2618
14517
446
28860
15260
27757
20706
6815
12529
2054
12802
918
10244
5541
7834
27955
23755
4626
18755
17925
3585
21671
3587
11431
8697
23936
3143
18814
7762
15929
19434
15978
13428
2619
4097
19955
5364
5086
11439
23217
30497
3954
1602
886
6401
13049
10579
14493
11646
4604
31543
26717
3995
15940
2103
943
9862
8891
6014
11661
5365
5527
20311
2502
1165
4051
327
8935
8684
6412
16376
4484
1393
11427
20586
20596
8085
11863
19025
13567
772
28286
6980
10950
18397
1518
20375
8396
3600
12327
3437
19290
10189
28439
19209
13630
5631
21643
18774
27222
4587
20311
2051
3833
4585
13915
6571
7463
22497
19408
8550
6488
14872
16130
353
2434
13980
13752
12597
4881
16556
2535
8690
9121
2539
19901
2514
21851
18746
914
396
2755
344
6501
7615
405
6659
6332
17203
587
12808
14107
11513
3308
7262
17955
7060
21200
15121
24561
14912
19832
17261
10054
4175
13963
4487
12780
18564
17983
2097
15851
24936
7197
3916
3736
10620
3943
25519
10167
13482
10228
2840
10776
17122
6403
10671
937
21684
4513
2090
13638
14924
18100
8950
8253
2187
14138
16577
11551
8420
16763
10928
16764
5614
10312
13438
10369
10353
4791
7013
5038
6912
15021
11538
9116
26749
7843
10743
19682
20617
11514
10727
14375
12551
1568
15327
15857
1269
1466
697
14361
2469
25928
10161
1786
11927
1954
7727
11112
24717
8744
4790
6592
26453
4289
10085
446
8773
4936
608
15446
1759
7541
18725
25132
20627
20951
4447
15309
10670
30500
4478
3750
16361
2709
15310
4593
2745
124
190
9881
10495
14416
7517
21588
31134
6144
5486
10724
15107
14135
24833
13469
21192
1561
2490
10354
9129
15349
22299
14621
11433
20886
12669
7688
6662
5149
22244
16966
364
325
6613
1179
16011
1243
8285
4962
5694
4772
10352
5071
7489
28156
6775
278
1342
26056
92
27797
7484
17264
7870
14133
19770
22705
20203
9556
4877
10194
2352
1293
6081
9972
803
13692
6622
13038
261
17369
16968
23667
19877
12877
13527
3286
18799
1297
8633
13433
2831
14869
10386
6335
5252
11376
1978
16812
6672
4185
288
16454
16648
6632
8503
2472
4358
5057
8601
25587
7569
10217
15458
17400
6095
4412
16717
10610
4063
5705
6982
7877
24880
4805
30764
6949
10720
19929
12926
14638
286
450
1334
2808
12092
4123
26046
4983
1798
23245
3190
843
26284
2978
27603
1277
5076
19156
107
8414
22535
14151
11665
13859
4942
5685
6720
2999
2614
11248
20357
3074
22161
780
4919
2586
11579
8166
3353
9804
21108
8089
17911
13147
4517
11282
19896
1126
24068
4726
11718
1062
2104
5683
754
26286
2449
13479
3449
264
4809
5927
9494
4202
6086
10039
17428
12247
7141
18068
17055
20424
3197
3727
3291
5736
250
9345
13489
7393
17059
135
12686
13064
4715
20012
19939
15049
3451
2123
31555
7329
11196
14320
4754
14102
7120
9
4446
5346
16912
11803
18123
16244
15598
5376
329
13378
1694
4515
696
11972
1801
10949
2104
25061
3353
3859
7392
1654
26051
5438
7805
4468
9579
3110
8304
19982
1138
12586
3007
19739
13035
10995
867
7777
7944
4776
11100
11899
16770
13062
12750
16381
6606
4431
18806
14389
1237
832
1475
6709
5866
14086
23514
2309
10953
5680
18294
2228
10427
1652
23191
846
4641
10369
13853
2355
13370
19747
28411
26446
2984
6923
22737
5208
8344
13152
11664
12395
4115
22794
13638
13830
622
6530
12766
13005
8830
10320
74
21803
7742
17101
9677
20706
11783
22119
2960
7355
4239
270
6859
14868
7778
17997
11990
20885
16496
18112
10336
20185
11082
9859
12335
16419
29160
8671
18416
2731
7492
5249
16072
1899
6416
23377
23890
5628
3288
11330
16397
21631
13004
8512
3003
12199
6358
16630
2953
1320
12468
12984
12146
2548
20734
10141
21249
3741
1972
2251
6510
5169
25271
16266
8641
8964
22309
13484
23062
2664
3071
2613
4154
10069
4946
14499
15654
1759
21078
21907
16224
5513
10525
4495
11810
5541
2807
2948
18117
5666
6041
28712
17961
209
10749
27949
15693
26631
24879
20755
3767
11110
19442
3813
5768
11748
3508
19431
15853
7173
10143
3022
1132
17220
19422
14526
3161
14674
17445
8805
2617
12345
4387
11728
6852
13985
23558
8077
22117
15449
9489
5507
14477
3894
8217
17493
1385
4219
28932
397
16200
9267
18453
28802
7305
26270
3000
25708
8258
22227
1099
18313
3738
2382
13639
17480
4060
7694
7234
1055
3124
25023
1593
16340
8548
23094
235
12850
23805
2737
24676
9382
5183
15566
23203
22374
8864
1878
12150
7239
10641
7511
16216
12324
17772
27081
729
24303
11680
5347
7107
11883
16815
6700
5456
27394
8781
15691
25320
1955
21384
11287
23304
12773
3375
2446
19460
15243
12576
1646
14117
6247
9650
6079
16244
20180
14347
5819
8811
13401
5457
21030
3220
7182
4291
6142
21940
5276
206
10587
18349
8133
12508
27606
5213
10533
71
18504
7525
6718
26945
3368
22928
17434
7286
3155
3590
18993
18959
16253
6592
1447
264
14151
6092
2905
11
4240
8055
23683
15994
5219
3374
22471
21356
5992
16545
14479
22685
24643
256
15070
12190
43
15267
2052
7104
813
9748
2741
4796
27436
2345
10441
4080
18488
9524
1011
6519
9621
2323
6483
15099
21145
6303
10118
26008
9271
7231
83
3095
26092
2966
17809
9806
7954
4328
1717
4693
513
5180
6559
12348
15114
719
12289
15338
28861
12459
16798
30
23159
9578
14700
17192
11339
20572
15692
10757
1446
23326
8290
661
2059
10059
3194
7452
12999
13606
2023
15783
30757
4193
4260
26425
24306
5686
9267
4890
8329
14029
7396
4024
15750
14223
94
10858
7251
9199
21272
4437
9105
14401
19162
21528
1902
1561
1649
321
9106
5908
2276
6781
3161
15638
1560
2606
925
5764
15372
8132
10950
15127
2280
20432
27674
3723
7126
10873
1387
5580
9679
1269
9709
17916
17537
19397
8651
4091
2313
19215
11240
17433
6094
18928
15940
17492
672
11911
11237
5701
4407
2290
5415
1102
27732
24304
2685
21249
9808
7196
6155
10749
15369
3147
9735
21550
9596
25243
20460
914
6428
11987
3986
4597
4404
5690
10326
8950
259
3970
7945
22969
18340
27395
15844
8589
30125
6573
11381
17262
4738
12905
6997
13478
3679
1141
11732
339
8183
38
6241
16543
8180
7116
2660
13612
1526
28122
10524
15738
7294
3101
66
8709
16426
4135
14057
12132
25222
14008
3942
2342
981
18936
5406
4781
2328
3420
5708
15643
12461
8267
4324
14628
5613
6419
11261
8228
12488
521
5141
6225
18305
1836
861
7383
9448
14110
5068
5102
8451
16555
2957
13205
4808
6548
4679
17185
11943
18926
4173
6279
8287
14646
12415
3147
935
20867
3805
13024
10820
1088
12160
11451
7794
4953
21645
20624
1413
8911
4572
13393
1377
788
2150
9604
22984
586
11040
16183
18376
3063
6047
4064
22661
7384
9202
2573
5119
9402
19853
20992
11883
6505
7097
14027
7675
1315
13601
2266
5662
5475
209
6638
428
21680
2655
7562
11198
9368
6708
14530
12318
25225
13355
15804
1632
2967
28131
24868
19445
4054
30672
15720
5453
21053
1863
23031
1465
4328
11602
3526
4986
13809
