37102091934344
23322340354088
18326228724789
20170209311172
130058912
176104087
5007969768332
5911387378843
12464185719537
137120450
11411109921434
97462313
4116558521260
2859477476100
2362691683837
2742452799516
3447598841360
770254
265195092
833046363542
82958731
18982445
123993306
8415
47932
18471
12272355
27937381
7585
53360
27550
3788
24248
998
21016
8933
34852
24542
4717
6232
77226
632133301887
19190
16721556
18359127
59923
23003
2457
7188
5982
11065
8139
4337
15568
8206
110859
17880
946
2399
15349
8992
15435
18550
20415
13644
10388
3778
16425
14804
23868
14201
6
15574
29858
20447
19822
30373
20652
51
22954
24898
8846
14854
14270679
15978
38137
14306
20307
14625
706
8326
2654
11894
4229
2101
3589
13643
26440
3528
15660
8852
9701
8407
14998
6678
27533
17050
66760
28285
7613
14157
10842
10860
20194
21221
2668
921
6459
7218
29798
6369
18136
1688
9771
11685
3951
26400
26172
18226
146
2896
13678
22484
23524
2851
1797
30804
18736
31175
1399
213
13206
9301
29226
20648
6624
23539
14424
2315
2084
11879
23407
7884
6633
6553
1722
298
31368
7053
9648
22580
33480
357194
22325
16484
2537
587
63732333428
21677
9847
8049
4056
8199
5267
5216
1349
3122
18412
20944
4396
39033
18047
39615
7587
29476
6671
2723
903
2476
10427
31579
12146
31749
10591
33645
7102
1338
3156
21090
20731
29804
2815558
6811
14517
11630
535
20702
34601
13051
14421
11151
17958
9470
13544
16086
3145
19164
8156
4385
18168
9863
4590
7911
40216
8269
4455
332
8790
1272
14608
15913
3854
15135
9014
14901
11043
16288
7094
2449
15918
6021
8443
1039
9009
2944
3005
3987
1553
5579
2724
9488
16842
3341
4727
5060
76058
6605
23947
1726
5320
10674
1788
1597
22194
26330
21833
20162
7826
6700
14745
14147
29362
4369
2904
24806
33949
31774
4272
12285
1210
6564
11455
13179
22298
10639
869
36941
7521
22942
23725
5596
30457
20115
19288
25319
17328
7544
18759
7523
7550
542
38324
24235
20668
5902
2552
6532
36970
10436
7457
9973
15688
26625
33510
14368
33735
2030
15331
8383
13214
11469
6231
2263
7036
31820
2424
12328
4931
16180
704
4367
16812
9065
823
30018
7055
1719
4437
15841
6859
31417
18116
14460
14261
2025
18891
29309
5049
6328
38018
2051
17670
4223
15465
22210
2485
3312
934
798
1587
4842
5860
4685
4152
11720
2369
14573
24822
40856
15989
19643
14899
33405
25974
7835
13966
2998391
3948
6158
13359
7168
31654
3403
15271
11607
5769
2695
5619
16047
11686
25460
10283
3472
12
20363
26885
64
1130
24027
18945
285
30618
2600
25685
7295
14290
8958
4997
7228
13726
5667
9457
1116
4308
7653
1804
3253
31991
9332
719
2833
19391
5682
30376
10230
15535
3120
16968
25124
14793
26548
2176
10385
13874
17142
23143
21920
11837
25114
7650
17046
4763
16340
2621
4769
29146
15831
33190
11143
6784
4243
17294
15143
28890
5711
24313
15751
5855
4211
16542
4168
29397
36282
12921
9571
11741
7332
23173
33920
16024
6481
8295
25087
11190
31744
7062
14987
7816
3421
15345
21303
33851
8577
36976
2285
830
10755
19159
5047
10128
27
24475
9336
3578
1574
5384
37639
10328
5497
4055
13151
19331
15553
2190
7712
27659
11736
18792
8241
9699
2409
14616
978
5040
5929
12377
22839
2795
25933
3868
5311
23208
8633
4964
33473
18253
7476
18668
18722
10182
885
31846
11913
328
19137
22100
15495
4513
31814
7882
19074
13000
14817
5181
31237
1961
16519
15869
567
29781
33771
264
3137
33365
12524
4094
29855
3567
3720
11105
21117
12523
6533
17517
24349
2502
22554
11167
23382
8791
909
26035
12419
10730
1186
10145
6246
15304
19613
18882
17858
897
9441
4770
35385
18826
5183
27738
18551
1174
14876
10735
3570
28018
2753
17783
8643
33622
16504
4571
26732
4902
3319
1306
14685
222
10995
33994
126
31019
5333
15255
8059
27960
3732
4278
10193
32997
1242
9963
5529
14586
30239
1148
723
16738
10259
10657
29143
16724
4762
1223
24035
1564
20287
689
1506
19905
1388
4969
6456
2366
3880
22957
12714
11430
9556
39176
13577
4554
6390
545
23502
7168
23023
41154
5791
21787
12887
18822
35791
17525
10721
6168
603
22882
1029
10762
6922
1695
29234
18653
1147
745021
586
21459
5675
29981
8446
6767
5449
5530
4437
7417
29332
14420
27703
8257
25810
13498
8039
16620
5313
4179
17547
6098
13128
9210
12477
21151
13896
30450
26466
1985
3796
199
18872
18627
7188
28793
11261
25259
8398
10395
24595
10734
7803
925
19696
7325
11969
27848
26260
1732
3173
10424
9765
14738
26203
12571
12464
5797
15022
13325
8748
24939
5109
3972
874
10213
12867
18558
20517
33274
8680
8984
17053
19490
17855
14286
12976
22720
35457
5440
16306
20422
6692
18377
1165
10045
11531
35985
4233
4741
8570
983
38760
2758
3129
15239
33518
23503
24147
23292
708
1524
5415
49163
16530
12391
2682
2035
20852
9483
1501
13626
18070
34453
21067
2090
2758
3503
4049
23116
24621
33038
20674
2046
30459
16401
5157
35692
23826
2800
15691
8186
1195
13110
5442
16357
2920
19907
3739
9722
6739
11388
343
19372
4094
13812
11290
38418
22177
17428
15406
10090
15310
35441
1516
10347
8292
8541
19504
29597
26645
27143
6547
10426
12647
104
21227
13725
6810
17031
9852
2887
1649
37169
37781
12714
31673
25339
11564
24977
2509
37042
9575
23694
17465
389
16210
5061
14405
15486
1022
3472
11446
39258
15663
27643
8460
9873
6331
2525
9293
11025
3057
11439
8799
7388
12057
10135
14203
4308
9305
2399
25556
12522
23479
33300
750
480
11822
1703
193
17511
8463
12854
1201
12265
14970
36857
2997
17752
6505
29264
1686
20647
7065
764
565
4580
15614
17781
8328
25716
31499
11170
4648
6380
6083
13933
13377
7148
10500
9331
7845
3098
10758
19967
17532
216
27269
20861
3956
13194
29759
15461
26235
20035
9766
4683
297
20674
4801
19926
4476
1920
2806
7283
3002
614
19906
1367
22672
1881
22866
15450
39976
7081
25912
13895
3262
9994
27242
19107
1083
13042
25745
1319
1036
19102
7853
9604
29966
18476
24657
10728
16503
13367
25748
22007
18933
21120
16164
6265
36534
1849
14701
5796
15801
6964
21234
34414
3365
22208
15918
12345
11615
30759
20446
19948
27510
17648
5961
26715
12710
24866
31341
13241
15711
7531
22214
1932
3892
3207
27272
30061
7170
4685
22072
8234
22451
3842
4009
25898
14539
393
25499
15303
12798
9419
7918
8489
10998
2506
16362
13189
27092
35445
30096
24161
6799
30873
1533
13976
1352
1090
222
2469
7737
6247
20153
1080
1119
17027
12154
19286
16978
18322
1233
18345
3523
3472
21990
2798
8355
8422
33933
4067
18842
5260
9955
18709
16397
15
7208
16310
24407
4644
3106
11679
6219
15150
9925
21029
6401
12548
10900
11809
21996
24803
7894
4729
18359
1342
3547
3231
21156
10923
6257
13809
1782
14144
25755
26661
34922
21053
6682
22079
6225
25587
14005
6314
22036
28717
16066
22737
9641
28541
2152
13749
16060
24950
1593
17872
3281
23105
13032
11170
10142
11293
18486
916
26026
37151
1646
3429
12005
10470
32904
12088
5867
15172
15335
3962
1794
9883
3878
22453
17755
26359
1769
7777
6615
15034
5192
30572
5276
17590
2895
12177
9027
13678
5424
28797
22446
12860
14143
11593
62
31149
34215
10609
9382
19584
8733
37838
25320
4656
6960
2447
2512
11678
10828
18566
513
1015
10619
12887
18438
27532
8378
1876
12101
7439
3189
19551
25108
7254
23509
1459
4824
18270
13499
543
18385
5010
2557
3620
3463
39324
38318
21485
18300
14341
2678
2915
24848
16458
1940
15976
14538
5580
3200
26746
30177
8907
10580
34314
18710
28958
3062
11530
18201
23348
5504
33836
33615
14084
1413
17376
2268
4806
24151
29511
9098
12585
8302
11837
6671
25178
18927
3491
11488
26961
16013
11623
19
4611
10064
32971
12146
19605
357
5337
7778
33260
10167
13152
4265
6870
25292
4784
15337
5816
9178
24311
7379
846
7073
12756
13945
35572
13621
5855
33981
2653
3165
722
23682
15240
2928
35208
7154
918
4929
7454
6040
5941
12414
515
1528
13808
3368
10281
3940
10091
5286
20636
8520
5095
12906
8842
1228
5967
5198
604
19644
8156
11159
17651
31315
15157
33207
23622
9085
4788
23889
18047
18298
17919
7869
13565
3505
20442
14721
9806
6584
6159
6049
22863
13180
8027
3968
14640
24013
9018
2343
25414
18430
22710
15981
3369
3284
10138
6200
1856
10821
36703
12746
38812
2219
37571
184
15591
8335
980
6605
22235
22478
1928
4763
7464
6823
4269
29486
20436
19740
9072
20214
23900
6214
8980
38357
1674
35491
13412
21759
36956
148
14301
17166
16676
5283
6344
19456
16376
7978
16647
12068
4159
26180
8152
4980
6560
32197
8170
9271
33740
15651
18527
12683
3012
12496
20192
11005
6265
6350
15909
17690
1062
18023
28052
10870
4582
29734
2715
5763
13577
5296
3722
23541
5940
22475
10534
17393
16923
12329
1361
12660
4458
15833
4748
22570
15948
30955
22385
15432
34576
5126
21015
14047
12926
16177
14290
104
13762
9045
22635
29684
871
20003
26884
3250
20346
3614
7368
9065
10342
2185
3456
13769
10358
16256
4572
15573
16990
17803
27745
11524
11983
15963
10044
9957
3897
35319
2004
6514
18868
19143
2339
6002
18024
19363
27702
20740
17441
7920
4351
31405
38760
957
10414
6004
10388
9002
26360
437
6082
13450
9796
5214
21925
7858
7543
10849
22721
21927
11722
640
29645
25266
497
11047
1289
2794
6507
14027
17683
15086
24742
10392
14650
11013
20027
25680
24321
32779
12673
39720
8169
6688
34911
7575
18782
2816
1361
14360
29525
3403
28178
4678
6918
15831
2471
18870
13337
7864
7216
15814
22331
39938
1356
4030
10395
12336
7847
1440
912
34693
15050
6094
2764
21801
6486
13564
15647
23859
5059
3844
3128
4166
10632
27830
1898
25134
19239
24194
192
960
775
15687
13514
11446
19438
8714
6335
26941
14879
21308
17723
7762
4750
8317
16654
8969
5425
93
14198
25627
17806
33560
4191
9260
1839
164
1289
5477
30790
18542
18493
19897
10210
27462
24187
13732
375
8934
21997
8359
1652
18131
18901
18632
4265
16265
22185
5641
7274
5700
9233
14921
1329
13454
33359
4914
25212
17177
18137
22089
17150
10719
307
16490
38927
29348
6738
10306
15424
20029
16220
18031
8724
16644
26385
15273
9325
13077
393
13655
11604
6939
14890
5806
4958
6915
16161
5645
10029
14799
8362
14474
8170
11670
27278
19913
19269
22352
5613
28442
20177
18785
2690
611
16595
29588
25252
22507
37548
4351
22766
4908
1467
1257
2549
16808
16897
11043
36740
31595
22510
16283
23023
3267
29344
37506
31223
30415
755
18680
37969
8024
5463
3049
2965
7080
9289
30566
32622
9700
24203
4455
2706
27675
13628
156
15342
8858
12638
19087
19196
8740
21676
26248
11417
18732
19267
11212
2612
5902
19339
27661
12950
4732
1
4510
8203
33135
14539
15315
1337
4131
14519
3107
5637
17868
14792
9269
979
4860
3760
1328
32393
12941
7371
26303
31461
34805
24192
29798
144
32882
15877
1464
27613
36118
1590
21240
14726
46
1188
17800
697
9557
2699
8546
3194
512
6425
11983
21259
227
7365
11465
32219
2918
18355
27412
38
15134
18045
20184
399
4196
20078
4987
19601
3825
13581
4245
7265
31089
34245
5415
13499
4976
4626
17565
11409
15021
19981
6757
12217
9759
25902
14917
5542
8625
2128
6800
15427
7961
41688
2111
8875
11598
23542
19958
29902
3684
5159
20751
15551
24835
22081
8343
2310
15054
12767
6733
12655
4973
3204
9959
3514
11251
3817
287
15556
32104
18064
3742
13858
26406
1971
25731
27766
4047
416
603
32993
3129
4476
6596
5332
212
7951
17061
18011
5322
9835
3476
256
26874
13860
17495
3555
1248
23106
8641
17550
6872
9502
2693
5254
5918
7719
23935
19705
1962
37614
42001
14520
23710
18027
9051
1295
19650
26721
5035
32311
11095
20114
16553
26255
6123
16980
2690
13708
830
14052
459
26561
24483
6997
18762
6619
21854
16642
21453
10524
4243
2724
27565
22695
25921
6218
316
2735
7953
6965
36149
7077
932
10962
8139
10447
6961
22616
5161
3472
1730
1950
20376
4373
407
13135
3851
13066
21037
3704
4410
19601
8592
23613
1472
967
3452
6766
33124
4130
11705
2364
23747
14854
9902
1269
6659
36840
7340
14557
17064
24237
17112
35207
20841
1996
6805
6598
30820
36150
672
10453
20162
26373
3076
24787
1546
26847
2825
29246
15465
12866
5812
34854
8005
23761
16742
17512
25158
13736
203629
2845
8386
7500
34145
2607
18836
10995
255
23791
15543
10675
27445
34155
5866
9772
37902
6562
12084
27908
934
12331
18801
16709
17028
1427
9482
3978
27912
7320
37807
16984
7405
19546
2813
26697
28681
8410
23686
20319
15439
38263
18415
10651
15072
12009
22672
25384
5455
15566
8338
16292
22372
29445
13361
1619
20407
10361
25298
5285
22739
13521
12699
5624
133
23601
14539
5851
14045
15694
5948
5634
15239
21889
9533
1574
13206
14907
13870
917
5263
23702
7932
20795
6142
6331
3650
15751
15509
874
25787
20417
22306
23005
8133
29794
15756
13339
13559
11753
20542
7490
14688
22618
7836
27666
466
27819
11330
31361
12846
3915
15721
7167
29812
78
17062
90167
24979
10526
24739
36899
35555
6354
19777
2655
14294
1205
9196
17362
14405
15744
5909
18314
56
4636
5801
11933
354
2812
338
6059
2834
32090
35078
19630
5541
1803
10998
31103
2270
513
8197
1755
6117
6325
7339
19829
12684
4956
3785
10146
23484
29752
2207
2017
28949
4028
12275
32318
11108
23146
7997
13207
7211
20558
3733
2107
8113
33917
11328
4513
20816
18144
14669
6906
21483
2156
34069
7595
30427
5817
19010
16059
3427
21514
6735
1994
8234
7317
535
28675
24010
4494
7719
8383
17871
38176
26454
12382
21865
16416
22034
1910
888
13675
29573
1589
21067
19808
3869
1341
3384
11542
7649
494
16710
7518
15118
19071
119
20840
38443
3420
5245
2145
351
16979
4950
4321
11903
7072
21465
6030
446
20981
24849
16665
27575
17891
4822
3633
22827
15408
21254
6661
111
24208
20167
1854
4610
4024
2626
8612
6644
23105
15837
8242
21474
9291
12703
30637
1597
24249
9544
13659
28230
31902
20463
2810
16995
38926
5308
17538
3628
2447
38099
27960
5742
9923
8254
7905
8581
24790
4620
1252
22937
3114
9289
17433
8019
34270
20092
28781
996
12253
2066
3722
10515
4696
11894
13869
2408
6656
6681
34408
11506
92
15274
1286
14578
15563
38721
13505
6527
15820
27106
26996
2411
6873
4886
28551
33197
18733
2138
21805
17473
6149
23768
22858
24776
12441
19374
10575
856
4701
7265
13758
2444
16958
14082
20245
24231
17467
18443
1934
35974
12817
23013
12790
15748
23874
1706
10153
8459
4218
18749
28196
29629
14723
9790
6709
3808
21921
21279
26773
13458
3966
2513
28370
27143
12091
7080
20367
7230
6616
14932
28227
6044
23790
6667
16282
14325
6816
17148
25101
33429
10028
7119
7123
10163
2507
16173
34618
2107
14645
410
11680
14984
11022
24185
25211
21140
15176
2304
9215
26028
24501
3499
5134
25539
12190
7076
4387
13408
6400
12111
24810
14577
30821
24246
14796
21386
32461
29828
39171
16718
19352
16646
22940
4826
3120
8857
20324
20324
15514
1337
34830
2239
16558
12738
9443
10286
11496
8356
35754
5389
10909
15485
37366
8533
29440
7080
15477
13096
5453
6731
15844
5208
1036
2502
4353
19693
32155
4746
14916
18762
19258
32211
10765
17387
29015
4099
11369
4166
19750
18879
20070
1146
34967
29817
11831
16714
19444
1116
1864
1951
5444
27502
16299
8933
24788
1206
27982
8386
11051
3901
1005
7962
28611
1458
2450
10445
28709
33913
21212
27496
654
2644
25034
3839
20919
13115
16134
31547
9008
23052
2951
21891
16625
31811
23911
96
21377
8553
13206
34630
27538
18822
19477
4345
24175
8257
7430
12018
18000
26713
3598
5607
4187
24397
6562
3832
9845
20506
11554
15941
13609
21328
1881
32337
2531
18297
14200
20595
1392
6255
9678
1689
1479
27472
1965
9460
5225
18675
13915
15052
8997
30110
20529
35807
32734
5642
7609
19444
4935
27891
339
25088
15650
25376
9661
4467
13508
29953
34712
5449
4619
9161
30047
3713
18673
19311
9207
3349
15790
33669
35429
23759
10143
1387
9026
3368
13212
13904
18172
16576
35303
22121
21450
12562
22373
23353
13791
26626
19326
10053
25520
5113
17706
6340
5876
6873
10913
14209
843
25194
30717
206
684
4333
34113
2939
9904
36526
14815
6032
18002
7264
1344
1969
7103
23278
27056
1592
13470
11193
30576
9883
35294
1467
5245
19564
16546
1253
18848
22211
31686
13337
9351
24184
7311
17728
38517
11771
3260
19198
17477
10780
14297
17752
21060
6737
19830
9257
6430
13907
10019
9606
17912
39454
2773
9443
20182
34687
7918
7251
16333
4892
6474
4188
7256
23096
32658
34335
17972
13303
33877
14609
3014
306
17968
4770
25660
2895
16213
13084
17486
21628
27770
34034
9579
33918
17992
2906
12501
3510
6437
5833
7514
4127
29632
9759
19196
20093
9562
38024
9154
1657
13482
12323
234
829
18902
31137
8517
5766
15567
10485
10906
13982
10618
5398
13699
26026
26231
25483
33748
16624
4803
12551
8566
11674
13606
19458
18498
3161
7554
2242
13309
8256
22846
17348
9490
29176
15051
12198
9085
12246
11400
15689
10707
8349
5706
26197
44
11595
2193
11770
3667
2839
7948
9231
15445
269
6120
2375
38530
14476
7070
1815
15391
3473
7295
32307
19988
925
16006
23127
31133
8581
3109
13878
9545
12543
21589
16106
9291
18925
28492
1494
9210
8176
9218
16782
2368
10798
14436
18267
33551
29084
1835
27762
5036
9756
6594
2593
3833
6522
20532
18403
28570
8628
14245
2698
7990
11120
8366
7900
18430
3147
12058
17649
21896
24181
11626
8567
22090
11483
11086
16268
4117
10424
11626
2472
28201
18860
14698
6807
23783
15546
28523
8030
5893
10740
3381
2235
8184
10035
3266
16645
12078
22081
3101
1807
30367
4159
1322
1399
6315
11074
21762
9644
14536
9681
19904
2503
5888
12320
2189
20932
20634
13891
5160
7209
13050
1800
26419
3580
30316
2981
28359
9249
6550
9763
17652
7376
16255
1970
10373
8478
7353
1002
25248
14702
23021
7375
5071
11039
3171
26265
14200
7044
33294
2962
27166
20003
6987
2356
18328
31449
11940
12805
21796
26569
8691
8229
22269
13772
27493
25101
11274
32389
28968
776
1530
782
15278
237
28744
14976
1159
16416
9397
9698
24234
10000
221
26293
1314
2764
9557
11993
2042
15340
15398
8117
25522
7603
8098
19198
14448
36915
31802
19
9218
3579
25906
20008
22731
121
28462
14302
26683
12211
3524
11123
2467
21303
5776
315
13032
31058
20370
7560
777
543
4113
5200
23193
16308
25105
14848
10329
27267
23373
4584
5944
17267
7751
20280
30981
32272
28095
592
8771
332
5770
20282
29703
28913
13803
2088
8986
20769
26277
20233
2865
33021
5757
18069
2685
9868
12215
13884
26294
12237
25256
8884
7490
2265
12845
39056
3277
17474
25352
25348
16785
6592
12757
4891
2319
11630
5141
8898
15224
2727
12722
5331
3295
26490
377
7531
21691
24738
22695
498
12411
2000
4389
13374
12151
919
4961
16956
9192
27573
16881
1796
5801
18403
29420
31044
6372
7963
3047
17855
2117
9997
10591
2659
29657
9273
40349
28818
22250
36238
34019
28978
14832
1690
22057
8426
1981
19960
3027
16103
5627
14314
20049
5457
22296
16656
18800
17408
1630
6778
6677
8675
10193
6398
22977
24746
25759
20659
8034
3483
12564
27105
8442
13900
714
14812
13507
4161
2201
33371
12353
14101
8568
15033
6269
33449
15851
2768
3589
26273
28583
7686
9878
15614
17783
13274
29522
16165
2414
2350
37465
236
2927
20533
9374
5583
8008
5692
26286
10076
28084
34706
39545
16584
12231
32855
15746
16252
3685
2370
6198
2835
29021
14260
5327
8258
20332
21511
14207
6330
26306
7946
22066
8935
1369
27906
8026
5538
23529
33610
20539
9009
14179
3610
26098
24883
15282
21469
27000
13900
20828
31852
23445
19246
8601
12778
5921
7951
6443
9737
5461
15203
28908
7920
11122
4739
29841
23226
18564
5082
21075
20829
21431
23953
10367
5953
2976
20504
4307
9260
23756
7770
10163
2791
11389
3668
17696
10243
16560
4301
953
25544
13764
6485
18311
13096
11288
7367
23836
2767
9581
16453
12194
11510
120
11851
37607
20014
913
7043
26908
8528
18340
27260
121
2008
1138
15597
4260
388
19775
3277
31214
2284
16291
8236
16488
6660
12257
8736
2414
1781
5049
4524
16678
9737
2468
8859
6646
34187
31893
7573
29995
2578
28137
8350
3872
95
18948
21091
17368
7321
21633
4183
6679
17054
14165
10667
22186
4388
7010
1634
13284
13839
18077
5501
29797
14461
12206
18686
13755
34275
25553
13671
23828
20470
12221
21282
5254
10307
1276
8447
12779
15412
17639
15805
22252
1624
102
5249
7651
83
28580
29860
27735
3648
3277
2399
6032
15384
2425
391
24657
5700
783
21764
298
25967
24807
4664
9505
14218
29567
13878
14298
10426
836
6312
4942
25658
10025
25422
4906
723
18153
14706
794
25885
4060
9140
8817
3693
7267
15374
20416
8120
19821
19195
33304
13486
9618
4499
8470
1806
9327
5491
4371
36774
5446
4268
26839
18708
16997
17230
7001
6640
21775
27524
5240
15407
5673
5635
3980
362
666
7538
1007
937
1585
1272
16461
16855
12020
2805
8629
9055
5908
4678
3628
3749
2798
14297
6482
11402
6331
292
19908
11961
4561
16270
16776
14533
586
479
7193
28096
651
19262
671
10105
24830
11727
114
7953
7999
32345
26665
19142
6560
3484
23739
8237
834
6725
31260
17052
9376
10098
8688
6080
1452
15696
24966
16926
1027
3969
28815
18821
1774
10819
23210
16072
906
14522
15234
10840
17683
27637
22264
7076
4998
7312
11965
296
19553
830
15261
15659
1581
6280
4796
18796
3478
8386
1058
9862
11596
13823
610
12074
5242
9432
31059
2310
41125
19000
6174
17084
11895
26489
3297
4431
2297
23471
4436
3363
30052
33831
25957
601
5433
1340
16618
19991
8542
21644
6120
6853
1030
6709
27044
4679
21754
216
12016
16131
3796
11422
309
12289
1869
5924
20922
14470
31003
1290
13877
5763
4609
1891
26635
5543
6434
1356
25341
2855
22366
15425
1112
8146
562
14952
9884
18612
8863
9026
367
20059
9665
15926
21781
6558
3309
9864
5582
1309
21916
6482
20258
15287
19582
37319
19118
12793
9096
12993
23657
24477
8943
275
5614
12460
6297
21575
22754
5606
11218
2665
12761
2689
6740
2445
23367
12307
8298
4758
18184
10412
7464
7007
22202
29594
8286
797
4503
15088
30935
2911
21432
8572
3475
20128
291
30919
13021
541
10566
6866
22832
9612
3168
27702
9051
12781
18384
16685
31039
8470
778
29948
5267
2050
14500
4600
23606
4176
8533
4343
11555
1954
984
14083
8596
23384
5675
6345
21308
14399
15584
29650
10569
774
2448
1049
8399
12376
22147
19642
2294
13314
19566
4047
2443
7976
740
775
9681
36752
26214
834
4048
4757
7735
13359
26829
18877
4092
1099
15591
6471
14756
2564
22896
10439
3188
23308
8159
4277
15011
10971
6222
10880
3661
9200
28664
6304
22390
9744
20138
17709
83
18782
13653
12068
8
19691
1647
21164
3831
4124
14562
38854
2653
30456
9486
27445
32416
17615
27852
9383
26807
4134
4394
17150
3865
16479
18194
15642
8675
3594
5406
8488
6087
28445
1340
2306
12014
15569
115
12289
5855
6576
1658
7798
30453
8083
9179
13852
5169
20751
11829
5427
37108
9314
1129
14458
14128
2031
12253
31215
27857
19126
6329
922
1300
17618
3516
9890
12409
27923
16183
17062
1837
10756
3628
16580
11587
903
17333
30132
28377
5643
7550
3650
4106
7290
1856
32191
5488
16843
6131
4911
6070
1285
4639
8311
16240
6732
1188
16086
10672
7060
21736
3588
23922
13857
942
7535
548
29166
17318
7651
1907
5253
10357
2699
31972
2823
1742
15425
14268
23250
725
11029
13796
3607
5257
14036
20668
1512
11738
10808
603
4029
19952
9823
3385
4412
3432
30789
14526
1258
3844
5169
5670
398
11196
2817
11470
4602
20729
11864
4462
14269
14246
7168
9079
2172
1248
1344
29791
1721
19323
5156
7528
17587
19118
23394
6417
6275
3441
10679
20039
16098
15752
10145
5437
14332
9848
21301
6997
26583
3854
29086
11355
8120
15594
37705
14724
34824
21675
19117
5418
16617
14034
428
17266
30879
7192
23085
10332
3374
16368
25224
25634
97
1478
7897
37648
12600
775
5935
15601
1310
4676
751
12689
650
28671
425
6466
24662
808
34522
14381
19150
19432
12559
1949
26433
11435
14217
11134
2209
24235
19418
22342
12031
10289
31499
2954
18280
12183
12281
9248
15705
2170
5232
1209
14060
22176
24891
14056
9443
18950
2235
3931
14848
12879
1144
28502
15971
35535
21273
19863
4424
24516
28782
4872
14560
21180
35979
13243
15656
6472
17658
7682
25933
23999
15390
40380
17356
6793
1100
10517
8623
6093
11327
2286
20753
2375
6877
22264
2723
21832
19186
7607
22079
7637
26443
1692
10355
10437
5653
6311
10846
19157
21668
3303
8535
28059
1399
28464
30813
130
1574
13021
12794
9324
16622
651
17021
18373
28843
3184
2148
28912
12566
22533
48
30617
9998
14882
10769
5389
11014
6481
25839
15393
14889
6633
1423
3725
10223
1613
3156
7374
4739
9870
22125
3184
26123
25386
17253
16472
11393
919
15172
10846
8657
18550
736
36377
30027
13639
23157
1333
2908
17872
8695
9763
17107
6379
11960
14997
3299
16632
4037
25100
36685
11143
15301
19461
20904
2239
19482
7469
34027
12867
21070
19454
8971
10605
15796
7519
556
5489
9890
23273
8380
13102
1223
177
17951
30276
11162
8879
13277
36765
22007
8196
945830260
3705
11250
15681
12549
13940
850
6096
10905
13876
986
3700
19528
7179
11589
35643
17270
10100
26208
4494
8649
6123
28367
1892
14361
38810
2353
8886
12245
18684
26466
11571
12418
2879
5963
11555
167
3373
13195
27480
15364
25215
25040
25321
10676
12703
17390
7202
4680
31017
1160
26024
30047
26563
764
15093
15680
3640
16479
11020
27427
14182
10073
1092
3333
4652
25693
9030
11477
12497
35014
7753
2586
3443
17631
766
5430
23547
1275
3231
14899
805
2105
15711
32915
39192
2379
3582
18153
12466
3525
21632
16096
5980
4017
3375
6936
21019
7904
6170
1278
10678
13763
40517
27007
13902
232
6189
6409
3518
8779
6418
36166
357
13406
18635
5388
4166
1058
28256
3689
16233
17153
876
3083
16265
26856
22421
19738
2337
18291
4461
37214
30080
7814
17733
17040
11474
24699
14156
26981
5458
4063
25018
12377
25269
22226
5929
11743
1096
1057
31281
11120
7853
3754
25083
11609
20319
15471
8465
13851
3109
10182
23277
13702
259
12578
4621
5363
14111
2806
526
16828
1271
6502
22444
4505
21221
15409
16901
7138
13901
29104
2698
9975
17497
17216
5001
25850
17502
22102
9170
4158
12959
21288
9303
15318
2024
18020
4000
23878
18981
14693
3407
7516
33377
9359
22536
18301
6579
7322
5497
18911
9961
14639
15271
3390
3889
25193
19624
28744
14484
26134
5412
19849
21905
28959
12392
7487
33159
6692
5167
18824
4367
6104
1073
11185
22776
8028
9494
12670
2755
18775
2296
15685
24008
7248
1257
14185
1026
3962
32545
273
31356
19759
12441
11106
9690
9736
8856
25795
31204
37705
28195
9074
9884
3462
32882
35998
15259
20773
37998
380
5850
22408
5282
7449
12691
16058
3906
7525
19272
18241
6991
9290
4157
23804
6010
36908
26812
3989
7049
13052
11757
10177
31859
25929
29350
15107
16805
14375
9616
7403
1019
10621
13196
26238
11857
11173
2805
8825
15415
4392
37210
30117
12708
4652
10557
7635
20484
11949
274
3792
20407
21714
23
15015
11689
22982
11813
12393
10031
5214
28452
1875
1351
1909
15251
30896
14582
23136
2309
28036
433
17321
10722
1111
5083
9344
34180
19597
2139
8970
20742
6657
31145
8215
630
31968
3914
9899
31926
21466
2682
19471
3501
6951
3616
17386
21114
17461
4502
7751
28845
1329
3981
798
2986
589
15723
8733
9841
4776
540
15741
19749
22010
11281
2621
17122
5545
37526
555
15694
16844
7445
17422
17660
22627
7442
10124
8003
3150
40347
11997
25555
1727
1727
13616
16000
14989
5144
4
14133
3017
403
16122
8583
17266
5433
7417
7718
16738
17332
9016
20179
8172
10485
11045
9960
5798
10973
8167
20248
27447
8590
5922
28530
17140
8973
2286
4092
6111
9336
7791
7911
29650
36914
7397
12608
7354
33161
5646
810
13148
14608
10275
2586
19967
10627
21108
28580
1009
9642
22712
20971
1850
17028
26712
16416
23400
21853
15
12764
4878
1913
15101
11459
2020
18636
30353
4930
19434
7126
25205
19399
21765
4989
1940
3953
22789
8758
17577
12593
3744
1003
5050
3858
2070
35528
13669
22647
9407
23017
4500
31541
9974
11338
1884
18080
11383
14379
5650
4753
18785
4361
6751
22557
20639
19811
24887
39109
2357
27569
21053
32602
10723
9794
20729
3823
3731
5273
9958
1115
40476
762
20627
30088
15915
13790
2363
1730
6207
10333
18515
401
9279
5302
5029
21567
6941
1847
7077
36512
21183
4651
3964
30287
11376
15808
2394
25643
7215
30392
3456
5016
8443
2148
5366
17096
5902
13853
6042
10020
17148
16736
12746
6423
34006
37100
23013
24213
12211
19078
8591
1810
7746
20590
5979
9794
30046
27981
11441
14385
23702
30946
1530
10620
6557
1899
14148
24100
3718
2598
1873
10856
10282
13107
9803
14020
12461
1705
4796
14174
25762
17930
8506
16480
7996
5402
5771
17019
24701
10131
343
16104
7059
14889
31027
6709
9296
19628
8877
30273
28302
23227
17428
8748
2625
24530
32768
8579
16165
442
7148
25299
264
20781
7290
3944
11707
30236
35007
6642
14332
6791
40306
6239
24503
4419
12480
10927
10857
25169
16906
8879
35214
5687
16287
8477
32054
23878
10822
4624
14602
3710
6284
4828
1411
6455
20046
30824
19259
6841
4671
9687
18255
13102
8359
416
28936
10080
23489
10634
7038
5824
17435
4268
10039
3715
9019
7626
9048
5172
13940
13707
12612
5457
4497
2980
6468
21318
21875
8297
11
11294
17165
10058
6222
7264
3330
26762
23702
31366
1617
26798
15665
26591
15356
11988
16646
12261
15275
5361
23935
19882
28425
20216
12355
20115
19651
32083
12951
4505
65
22591
24079
2473
28540
9476
22161
11550
3489
74
18609
643
5604
29582
7139
22174
10778
5650
7676
1814
29301
32963
11999
27324
29564
9957
8724
29835
3989
14712
29918
5416
34212
7988
10533
17947
20352
18326
7684
16468
4874
27945
16793
1997
803
13192
6051
18833
2249
12529
6156
258
4531
38105
20981
3519
2742
14895
8094
4721
6512
5848
8346
8842
9314
12015
10264
11565
10371
13689
35942
16456
4800
9683
17781
19939
11244
6774
3337
22924
18245
17727
9515
1038
22014
8725
17522
4712
8521
3320
11280
10981
671
3176
25566
1128
19142
11126
19559
35768
60
18974
10702
24330
3660
9171
13628
39804
6148
295
3999
11636
16243
1499
11344
40131
15980
13965
24076
2491
41510
3111
6040
1986
7531
36503
8017
21505
2541
3389
26242
24391
10963
3951
18886
26642
3061
2877
8948
11888
9759
9011
30591
1288
4071
38483
4611
13052
117
27102
12575
149
8758
27021
18639
28150
10004
17782
475
1279
19069
13683
20083
3507
6469
6118
2050
20636
5962
19605
216
12615
1791
27513
11961
6806
10850
9903
14666
3548
4490
6937
14136
19790
16935
8385
25918
6196
7458
24027
1903
10942
14647
32638
29585
2497
10920
22605
162
7592
21156
3772
14884
10152
4152
2502
31059
36107
23702
22709
18333
2337
23001
12480
12027
