17028256483116
12894047346718
27021786016710
9186958409000
18584228047927
788496462
451760502
525254489
628359724
168843311
65751
255138
223680279
341523171202
353498
7365929
158323861
13475
17917
14143
22674
60596
21527
2829
16561
17203
1576
13614
12287
182383388303
1143
6905
7493
12687
7274
14811
3437954
5429
28972
10023
1277
66032
9114
12571
1121
15336
6920
18898
16041
13861
30443
9163
9910
20056
3061
11326
15215
34969
49178
7212
12967
30813
5278
175485957737
9764
12886
921
3013
7491
14154
5100
4025
16146
12623
8664
6413
4698
5337
23142
7141
10009
7909
27469
6469
2575
6940
26719
17033
36605
2670
14380
31425
2749
16805
19560
6798
8232
8828
264
19364
6034
18499
33079
23790
16456
4527
14317
5038
26811
4484
13324
12019
10342
13071
572
5155
5446
14027
2041
22918
22658
4289
11220
926
15662
3099
5851
8523
37607
17986
9886
6409
10873
8150
15267
10492
25621
11832
16357
28907
4750
9296
9779
362
9441
14480
27505
26899
32539
36920
13894
27675
16047
3979
17066
33617
903
262
7085
25087
35362
5532
14325
10661
6410
34426
28601
2708
14329
7742
3208797943
16661
17330
33435
3621
16969
13315
10435
21873
19113
7363
3430
19570
3593
13004
6333
24608
26824
43717
1644
7635
4922
27561
3212
9105
4141
1333
6010
37747
20884
14965
13154
16285
13410
15664
20772
4910
9567
14315
6728
22367
1403
24952
4112
4307
11619
1473
35602
13893
11614
254
35448
2534
14573
18804
79001
7929
3778
2
1791
13080
23897
33829
2618
13421
16926
21016
18233
24169
8825
24422
37685
4172
37024
10018
11912
983
12656
18689
27630
164
14391
31923
38086
13841
8927
19128
25642
3020
30080
18207
18872
12333
8682
11549
4400
5885
25873
13245
19952
30061
35562
3273
57
17149
31792
2942
3230
161
12913
1036
1009
7693
12277
10389
2102
16224
28864
2200
27099
1370
18905
9760
7709
17203
42080
25487
41640
25781
10977
10993
1719
9864
28140
35472
23167
3075
6428
23294
24575
10913
13187
20559
15648
30435
3903
25624
27752
31853
39462
25142
20214
26245
19586
10870
10152
19075
6359
665
18045
41261
19275
6441
373
33951
9864
18889
34162
20452
6830
18422
20129
3539
29947
7319
30547
18228
1378014
17224
673
29131
18817
2599
23391
30068
10478
10602
4910
20794
922
43166
4523
28155
4589
4334
29905
10389
21277
18735
25420
20562
13756
2977
1764
31892
9100
14781
36653
10625
3652
1815
31332
8950
1458
2764
11801
1218
13056
16241
6049
37594
27889
3404
7407
4426
373
5684
17461
29529
11246
3002
10111
20681
28430
29769
13734
16157
17936
25199
4990
27926
25547330054
2137
17170
11118
33622
9746
8890
10266
25788
35526
20400
20372
3560
19772
28752
15677
25956
18346
6513
18210
3120
13856
21746
1239
1210
14285
20544
15771
1212
37746
18009
8647
26214
11225
13579
26513
4964
32133
28174
6563
15094
23920
5572
5482
20244
35178
20756
20884
780
6805
17215
11176
19420
17037
7364
25173
1277
37753
7614
25077
24055
4364
6827
6611
327
18621
9449
8032
4566
5580
36112
2339
5919
18760
10842
8769
5671
36049
5199
9788
2279
32484
9165
3846
20707
11281
21427
16133
33084
5115
2429
24921
31948
37307
21685
9461
21498
35843
22400
8613
15396
6047
17240
1073
2606
38177
31624
2620
33874
3593
1916
14901
18788
9262
5201
67888
398
20285
20836
16178
1670
30055
20412
8967
18873
15131
26931
7348
14150
15688
11622
7171
14369
17067
7275
29207
10027
330
36719
1935
8397
17459
2983
1569
10130
30675
19496
513
16129
29378
9930
20296
8251
32644
2034
14459
7885
31799
33220
2311
14930
6468
10754
31096
2174
11777
17887
8860
1008
2713
1598
19460
1250
3887
676926
5450
24093
3471
7889
18955
5954
17275
34242
455
23499
14399
1190
19330
17380
7951
37317
31201
15860
30089
21771
22197
10127
18324
2343
25080
159039
9293
10654
1485
14307
29528
2508
4624
7573
7493
38077
1909
3283
3088
4896
34002
15728
2449
2396
10942
29738
6847
16735
19291
2812
19322
26064
973
13849
21395
7924
27018
1185
15558
11192
9707
25395
5485
11911
10161
12737
16598
15475
20267
12914
30257
28136
13543
24099
20075
11517
15787
1080
17164
6101
10120
19831
2906
4976
22999
42879
29303
12754
18939
7226
14544
21736
25886
21
5512
5666
14812
23393
21621
14348
12944
112
16948
22777
7888
3002
16256
25993
13694
545
5674
8096
29759
19445
21964
13316
21837
235
34868
18247
32146
29950
3142
11168
26146
2369
7182
13008
32576
20631
18373
6344
3863
6258
5218
17123
18900
10132
223
4441
20160
11444
20331
90
7597
13178
37717
18328
34679
34286
7643
12620
5657
2109
4033
132515
1221921
27111
9655
5551
551
32031
33960
2678
19945
16323
8681
1047
28507
16264
7184
38539
17521
26778
7029
21822
26488
3479
1153
4955
11242
26866
9440
15102
6042
11570
4158
18619
5449
39483
43747
10206
30893
8727
30488
14262
34601
4775
30526
18505
8770
13384
24425
11253
4594
1250
1134
30495
35669
46769556532
28547
2393
14019
1291
9883
3778
18137
372
28929
16150
19230
25285
7913
37827
38757
9828
36224
7199
11098
1451
22787
5717
17971
14507
2462
31731
17683
13249
23666
14225
32400
20259
21375
4871
6242
16913
7587
1613
8109
30872
3898
304
35308
12084
2936
14168
28582
24720
7001
14155
12103
8708
1784
3923
2933
38557
12265
2372
32440
13768
17173
20827
22426
39247
26092
14035
35100
27509
3489
10048
11877
22746
19773
14561
292
6653
563
4994
6055
8104
5450
4804
36398
23728
11183
19788
16191
30623
19632
1026
15203
19339
22705
12422
20351
15791
933592
20578
32088
26519
20698
24689
28160
2866
16589
9063
28284
22292
9016
20595
24782
7716
19766
27359
18148
7283
2793
8094
28912
26897
7522
11229
15918
16045
12222
18437
6464
28228
29163
11747
32305
15243
11320
13502
15800
15522
32109
2198
10648
980
25649
9355
4060
15877
2814
10023
8114
24339
14816
38527
9561
4120
9150
2101
4051
3114
12
11859
10932
482
2700
24098
14662
2550
3543
6348
1349
3061
1702
18071
3158
2900
23902
10312
16085
33543
7146
12627
25932
835
6949
31401
15404
18239
7484
3895
12005
71
17811
17452
26159
12509
1741
1848
14521
3900
29235
38533
8500
29998
25750
12880
7057
11315
16142
23193
5223
8727
30375
8128
10861
26199
8464
2202
7022
24184
30200
18385
20639
897
3562
17229
4476
5566
13263
26607
15928
20400
1178
4164
15000
11252
28420
20020
2704
21176
21770
25752
2899
7082
9362
9402
19915
161
14580
851
29543
19214
11826
23616
10941
29455
13545
6339
7396
22624
10356
17073
7969
12111
5654
39094
1276
14022
30530
10292
24994
8466
37193
28868
15117
26366
27433
18499
12181
33239
10561
4315
9082
7170
23265
3398
22247
24465
1434
25467
12445
14923
28303
33951
228
23522
3870
13234
4954
21719
14398
10947
14183
20642
34594
14645
16416
21489
24863
28232
7040
28974
6061
4233
702
8374
14995
15530
8058
1855
28303
12490
17004
937
28299
27844
21005
2433
23283
28402
8066
3198
16811
18205
14089
2471
7302
10833
20429
12135
4052
3886
24381
16334
4940
18225
22269
9858
23052
9965
1158
17937
6746
19802
8658
6479
14319
29996
5314
36661
7839
2011
28371
8005
37699
9164
26370
429
2765
32401
264
6791
16026
4141
12147
31574
18649
6919
5946
12029
23699
19293
167
1515
5336
6065
33887
4164
17440
34290
15319
15230
16640
12200
19406
15339
15185
15228
24222
20726
35410
30464
17886
11704
24920
17196
9084
19901
3213
4366
5938
25866
2951
41078
18405
22249
2780
7615
18495
30819
25542
12458
7080
27142
34045
6273
4047
8335
6658
26546
11974
29497
5898
6923
15908
29545
4934
1472
8894
1571
34963
4321
29646
901
28405
28772
3952
15350
15558
12866
28437
20845
16913
17369
19012
7979
8225
4703
7853
21211
21661
15598
32561
16133
596
12621
7432
6480
1291
6606
1424
31424
9605
7123
11705
3109
5823
11146
11485
19292
22894
25287
37363
15729
27384
128068
20019
11257
662
8707
7865
4579
21
541
35105
8996
11106
25438
29969
30591
6141
3305
11547
43909
287
10553
39614
12600
14238
1579
13399
19635
25512
10906
28479
16576
22984
16105
11803
10176
38339
20548
38912
16643
27419
10701
12470
6524
885
1602
13870
8114
2374
36868
14325
27337
15179
21339
1405118
23054
986
2453
6660
13948
1765
14621
2980
4219
8564
3941
12165
6828
37120
19264
7951670487
15788
7137
3585
5233
6681
3432
2291
10025
5174
8103
25044
19989
6640
19658
10008
6995
18486
5
23176
6793
28523
6292
14048
11643
19359
2661
18682
16205
4601
946
9720
28002
11575
78
32198
5539
19568
23747
3080
31080
18859
5680
13122
1239
8137
12230
19578
18045
36111
15245
3803
21540
17572
6864
15434
5842
18092
27527
19611
22497
466
3501
17320
15024
8119
27072
32982
25659
10968
10509
8696
5372
34989
2642
21244
7177
20130
462
33
30518
16145
9540
3524
6597
22875
4626
38012
10426
17414
4935
4686
1131
19796
2604
15305
32926
13154
17710
13431
1097
6908
24606
12271
24336
28979
14273
2538
5993
1497
16636
2052
26484
33545
26073
35646
16836
4228
33909
8213
8691
38167
2917
18419
2798
320
8582
10961
4357
7021
8686
5400
15997
5235
1197
30691
22967
26763
24764
6440
3363
19093
7840
3085
32256
26892
11624
1505
5305
15350
26429
9710
15403
3401
3307
19851
16381
26232
4414
2616
7560
5820
1493
3528
6418
26799
30486
21807
3665
24862
35070
18225
23196
223
5753
23152
20346
3382
8799
4218
4769
21066
17970
20351
6923
10919
13988
21255
13417
25286
21441
20669
17405
31128
27330
24868
14045
2772
7160
6418
6393
20318
6759
4857
11145
21078
27634
4269
16724
7043
14518
31543
9072
563
18981
25464
22835
24904
750
6372
8526
514
24616
32614
11247
4776
11254
28204
15042
8706
8484
36027
10474
15114
7573
7766
4449
9496
33809
33685
2112
24537
7462
10993
5925
5619
21050
7365
1478
7289
3728
34660
28462
22149
33894
2255
7931
27134
323
21266
3496
12048
9667
15929
27854
17371
25908
763
33808
37396
27793
628
24958
5914
3730
16320
37006
11981
23835
16808
1547
22514
38
39158
1574
39458
28568
29149
23937
2003
27883
1528
5053
13104
11533
14330
11183
9225
9584
11746
1401
12067
21188
33172
3279
10600
20776
29278
16138
11451
6679
8206
25485
27
2576
21685
3926
5201
539
23073
33236
7798
12629
3002
15723
907
29547
32195
20272
4199
20824
7002
11797
14943
1058
23397
2204
10690
64
8329
5110
28146
18382
21789
30554
2679
883
20551
630
6310
31936
1773
163
10160
12400
3901
12566
4483
12226
14375
4375
24823
2030
10057658267
14305
15162
547
34149
18875
22329
15492
35277
31131
24514
1599
7738
10678
24620
21885
16893
5275
9355
765
33082
12256
22503
3484539319
97
7162
13459
33391
584
30465
16787
3226
25211
3167
5923
336
30138
9708
35496
37013
13021
23860
12419
993
16683
10011
1869
15584
5001
9546
21063
16655
33920
27679
4497
9499
1328
19912
24942
1918
22899
27231
36088
7830
29055
7075
7894
25465
6735
20769
7235
18786
19779
21075
134
4402
487
4451
10277
20180
22798
5550
29055
30466
22658
1792
16577
13023
7157
30439
3009
13616
32524
26407
13682
17685
13537
28771
2123
19461
1711
29593
33377
23263
27968
10198
39434
35170
13226
24488
12986
636
16226
13743
3430
43753
760
29817
2937
3014
20840
38491
7047
4488
23612
1221
9964
25832
16128
4811
2025
24795
25517
2430
14209
29390
5598
21150
21407
