2110797339470
4504398993525
822545923691
184012968153
6139772100265
1499026256897
1367876078116
87460350577
655337325677
1667672955083
14894198
80
239
20092508
187836377092
11357
7034
33034
30553
2559
26345
18068401
67517
1481
182644044592
40697
1027
420
100
16442
1290
2142
540
2747
3168
600
58
2400
607
699
4463
1336
1934
1692
2591
456
1590
2655
115
6260
372
2105
1645853
1988
416
1510
13418
2028
3201
2257
603
259
18621347100
1806
2002
898
1561
158
1643
5245
2209
5525
3130
3502
569
3026
2995
3843
2033
133
3098
3887
2759
4369
333067
4285
535
261
3203
942
1628
4327
3813
907
4244
2888
2133
533
119
2344
6061
1100
1285
3328
3461
894
3430
14
3834
1803186
4152
384
4400
3380
4635
342
1554
4009
3790
1424
2595
2082
2280
193
1810
8572413896
3075
4789
58
733
2767
1688
1797
376
2944
2980
735
640
3401
2599
702
4266
1832
1476
1673
4133
2860
576
2109
907
700
3071
2642
2483
905
564
3404
3731
3548
738
293
5430
2420
1490
476
4872
6353
3554
3705
4022
2543
530
6509
271
627
20434
4136
1262
727
82
1956
3838
4790
3392
2297
588
1531
3422
1005
1193
1353
1177
929
2170
3548
4158
1313
1533
3959
2100
2323
1577
3031
841
247
2101
3627
6371
5495
1379
801
16
4819
352
1597
1371
505
694
2950
729
2800
249
551
3011
2710
4085
1395
2401
546
653
1864
398
1335
3188
1431
394
396
105
2153
634
4378
2209
768
511
3004
1817
5625
1108
3775
1090
2430
934
1919
2461
311
2016
3725
2908
3438
4478
4435
2060
542
5105
2480
2500
796
106
1597
4856
4157
3330
2334
4184
169
2251
3784
2874
1711
1463
1395
1402
3328
2017
4814
2190
1146
1493
4974
2472
1182
5779
2963
3097
1093
215
4208
1023
5476
3669
2205
3958
4891
1521
870
3478
1946
3198
4652
3923
3424
3987
3371
1485
1955
4925
1575
815
220
995
2390
3430
2592
2130
3442
2526
1225
2358
1782
1080
2858
1515
2729
4221
41
2564
912
1160
6269
1806
612
101
2040
1741
4988
4316
2488
1308
6672
1479
241
2570
940
1994
1890
1063
5245
834
6502
3758
5510
2464
3650
5257
734
5618
3522
4877
4232
3291
1546
2517
1238
3937
1653
3607
3460
4576
1904
937
1160
2939
788
704
713
268
1278
4509
2059
3429
1955
312
4294
876
4649
804
429
5163
1209
718
2896
1840
2420
4645
3916
325
1844
2975
2330
1244
1024
5458
1434
292
4427
1259
3315
6283
5053
266993
5157
3998
927
5700
1027
427
2958
6414
2326
4489
1228
3962
2563
4988
1460
6407
302
5194
3203
4334
885
2388
4757
973
1096
6172
1343
892
440
5802
3359
3695
369
1705
2356
5694
1414
654
6095
2807
5404
3379
3210
1549
2715
2332
4984
4055
920
16
297
1633
3786
1088
354
1580
5756
5048
760
4055
6859
858
791
728
3622
929
1682
701
4862
895
323
1271
231
2231
1911
4146
5541
2125
4947
2741
1758
2520
713
2184
2277
1899
1791
963
2792
2161
342
162
2314
2942
1341
3128
1501
410
379
455
4083
663
1732
1259
3546
2997
6495
1949858492
1968
3963
4773
6796
3222
2665
1193
5244
5414
1339
2811
4196
249
476
800
1135
3372
406
186
4622
1648
4161
2590
972
2674
3036
5843
141
4315
2399
1668
410
260
1791
4523
985
2809
1264
5646
1213
1279
4897537886
1115
3009
5682
233
506
1262
2626
2059
717
1517
1461
818
2825
1292
900
3364
1388
3904
3669
331
5808
904
1473
3548
3110
3643
5571
1559
561
3933
3204
5623
3796
4444
1093
907
1535
2228
228
3191
1771
3529
1680
1413
389
798
5360
5716
106
3215
2715
2076
3336
4006
3583
5578
3017
3509
2336
3782
79
4887
2277
4463
2317
1856
1606
925
5316
4524
6817
2882
1441
116
175
802
1159
1595
909
41
1973
1311
2774
3383
1775
4876
1810
3067
3855
1471
641
775
29
1506
4005
6308
1861
276
1126
925
6569
1610
700
6857
827
3093
624
3238
339
1661
2336
1034
551
2927
1290
2035
2704
2911
3580
576
130
1026
832
3024
4204
3739
6557
1321
625
1431
4557
2013
1415
3645
120
640
4299
2195
3969
2544
3819
3249
6152
634
6483
1958
1286
4245
104
539
494
674
1093
6281
3803
3266
923
6283
1833
303
5817
1047
5463
2995
247
3622
2463
1730
2289
734
6371
5873
397
120
2578
797
2082
361
2806
669
1982
315
1557
3133
2026
2562
562
4739
4655
6277
4822
3342
4348
2146
3116
710
688
371
1283
2720
2562
2200
6036
300
3833
500
941
3250
676
2810
3491
232
5928
2077
4348
1889
6931
1732
690
4789
504
3543
5830
2820
3636
3022
2170
623
4594
2073
1743
1176
379
201
2094
389
367
2204
386
3104
969
4844
765
3091
3390
4372
848
2711
1789
497
3614
2030
2422
361
4923
4474
622
4799
802
3058
3296
1800
3573
1679
2676
669
2017
1436
197
1204
4830
5555
2874
1158
688
4125
1653
1420
790
427
1515
1407
5717
6569
1644
5717
1068
2860
192
3214
1174
2358
4121
4868
1759
2246
1607
1643
206
572
3309
3365
784
1770
422
1266
1915
3100
1846
313
6935
1034
5228
1823
346
2135
1276
618
5418
3675
2457
2479
128
981
1379
1216
440
2673
741
2116
192
4029
2564
4620
2539
2379
5015
5508
5329
3538
6617
3015
2729
4472
2817
6341
3208
797
2963
606
3551
3731
4217
3108
2684
2383
2174
2011
2135
3672
1138
442
5777
4381
4512
938
17
3733
4769
3742
5242
899
286
5615
620
6253
154
3152
3393
2762
1130
5377
3749
481
1325
273
1358
470
1749
966
1655
460
4747
1295
161
6238
6153
1015
433
4487
3918
2687
397
2240
2004
199
478
2618
4374
2293
3923
1846
788
466
503
1789
2213
551
2362
1320
1446
3968
4588
790
4059
3593
4160
3597
2258
497
4951
2221
2693
4430
4332
1692
1188
2097
5686
3468
3994
2371
469
3133
4122
2218
1960
1298
3187
3217
11
1269
148
3395
1447
5252
3562
2636
4232
2780
3862
530
2914
3815
5792
5587
1564
659
1504
5065
1770
2687
1010
1354
550
482
37
7252
767
7173
4890
5993
210
1317
5311
1583
6302
3254
1947
242
5342
1165
2937
2651
2296
2269
3000
5916
905
2127
1677
1016
2985
4363
1387
3326
778
5024
3295
1082
2107
221
3421
4572
2466
2925
4497
5831
987
2043
1326
2361
6451
244
5583
2288
1251
3346
2968
5850
231
5028
1086
3009
689
40
3719
4571
608
1565
1179
2033
3950
6029
2616
39
1311
6363
1083
1524
3492
1673
4317
5859
954
1153
1425
659
3455
529
994
2653
5409
5080
1962
4368
4609
1280
935
4161
3017
72
4975
2647
1018
6149
118
4872
1369
3857
470
250
6933
258
1043
1181
5753
4179
2928
1791
1362
887
4050
3640
4824
1174
6778
1241
5139
1600
2089
3350
400
1957
160
1361
4670
730
1274
757
598
2311
4913
1814
1165
1829
445
761
1847
2465
1548
736
6225
1890
1522
181
2204
4387
2095
1631
4050
1517
4150
1692
1669
611
1924
223
3088
760
1042
4492
3449
6784
390
1197
2457
397
5443
5907
989
2926
2375
3188
4395
5134
4125
1172
1218
243
1352
3889
2681
2211
282
2755
1564
306
282
669
1070
3444
7316
880
5139
2988
4564
3699
1898
4844
5577
1849
3145
656
3865
46
1666
1375
896
200
1593
1938
878
2678
4658
3175
4968
93
834
4492
4384
4635
2852
4704
738
2062
4554
2425
218
434
233
491
4296
448
233
6534
4195
809
2552
4688
1
2686
198
3961
1576
2303
562
4815
3512
429
2054
377
4628
2572
4016
214
3406
2345
2757
2250
111
1694
2492
307
228
540
1518
899
2610
1421
3481
994
346
1566
1883
2749
1888
3548
3720
1090
2135
1172
1998
3873
2327
3347
3892
2041
1025
5893
2570
1095
1001
946
3838
2577
1413
4356
667
2470
4109
1303
1524
5921
633
709
2707
4735
5366
3135
1826
601
1395
5610
5262
299
4064
5321
731
4353
6336
3033
319
3439
260
1147
947
5490
3621
4566
3045
5912
6448
445796267
3848
6675
344
4297
3697
604
1792
4739
973
602
4876
4960
2705
4366
4136
997
2989
2203
1202
4000
710
133
1912
3291
2220
695
1243
172
2876
2697
984
2361
1389
1588
2685
477
2257
1858
337
2
389
3454
644
4562
366
2562
5154
3036
399
6912
4818
2085
148
2362
1671
1781
630
2215
3907
1379
368
3909
1707
4701
2890
4574
2083
1499
1447
2899
2367
3535
4965
580
6025
658
617
3290
2225
3826
3695
2863
6545
3040
3455
4452
455
4002
1555
1062
2248
2088
1549
5354
1274
4249
1514
3351
3085
6950
4146
1125
3111
4457
1472
129
1988
646
516
2423
3432
3553
3733
139
3173
421
2453
5851
956
1460
3417
14
2923
6082
5391
769
1479
5717
4474
3681
120
947
3015
2592
498
2104
827
49707
2752
2563
5085
913
4052
5927
3214
3075
1921
5267
2026
1102
2289
553
1533
3976
3336
6969
3865
955
1061
3193
2853
4524
2686
2437
55
4835
5147
6184
2923
956
38
163
3015
2957
1436
3767
2187
3541
3490
1282
962
6890
2434
6414
3877
2724
4320
840
4316
2408
957
768
1834
994
5360
2483
7102
319
3563
4514
2690
4743
1894
1682
43
239
2162
1162
272
3506
3628
1486
615
1528
3393
3499
3158
4709
3239
2471
5000
176
779
1263
5471
1879
6036
1808
1269
6217
3244
3045
1511
2689
5549
215
827
1863
1671
6219
816
1279
5407
643
3769
1240
287
524
2178
1407
1320
2960
2571
5103
5567
6213
901
2606
1043
3458
1290
839
3141
1510
1656
498
979
549
1214
1649
5578
489
663
4684
1500
5715
1207
3610
2280
1300
5973
5061
540
2605
77
4056
1956
77
3593
680
292
6566
2374
3872
98
4464
1587
2692
2929
2470
4491
490
6530
3653
2566
1249
3015
6620
1315
4676
2842
2517
6179
20
560
3573
882
347
3899
2873
4054
1885
129
1624
5936
1066
1320
188
1567
2350
2742
1062
2286
1370
4785
554
4507
3762
6594
1328
865
19
518
6546
688
2999
6695
6581
2263
2028
3319
449
4443
2002
5598
21
971
2094
3202
29
699
1534
200
892
1903
2534
5401
4510
2217
2076
4751
219
2155
3623
2929
2242
316
4987
454
4992
1995
4843
1460
2203
1785
6009
3753
4742
685
983
5453
2288
3977
3397
3756
4671
2342
1704
127
6041
2382
5805
5044
571
423
374
2795
3283
1739
2614
2935
4302
6923
4137
1972
514
1844
3705
2714
1468
4508
2491
4619
4772
1731
1004
2092
5919
2010
933
4864
2424
2121
4551
1745
3854
2415
589
5211
4275
960
1593
1576
1440
820
3978
1452
4536
3546
445727195
354
3297
384
1856
2978
2895
336
904
2585
5221
1503
2370
2313
3009
4250
2424
1548
2490
1918
3427
1524
4412
2723
5048
2641
1911
2280
738
5648
3920
6253
2114
4529
445731152
1054
6626
1634
2614
24
5189
3846
2386
1050
1821
1244
278
290
6292
2096
756
5001
191
1032
2420
1967
3953
3189
1768
1117
5142
5347
1945
4623
33
1353
6013
4566
4153
1506
1390
1358
2783
1460
569
760
4881
64
1489
4228
1801
289
5380
3687
4914
2111
551
2137
408
3454
1230
38
3
1058
5241
4748
1267
2387
948
963
3059
201
1752
193
1699
501
1040
1445
972
211
3621
3928
2151
3114
4547
5645
2404
1054
300
3256
1038
4073
271
608
2635
4617
906
3609
296
984
281
3182
3513
1990
5052
572
325
5193
305
1172
3002
3347
1225
3007
3015
4835
2468
2433
2203
1210
2787
3036
350
140
230
6525
5616
605
753
930
114
204
4070
3404
3515
6022
1869
1386
900
1588
502
2261
4707
1132
2314
4657
2592
2619
370
3348
4984
5049
1323
2687
5312
4428
16
2348
1570
4327
327
1181
1606
1526
755
3243
1013
2005
4644
951
3152
1666
1495
4747
706
3516
88
621
4854
1362
463
2384
288
2637
2560
1493
1510
1987
1170
3244
3988
2150
3177
172
627
3674
151
4819
2266
2594
1275
1805
5236
1188
588
1336
1072
4201
2095
54
2055
2061
3430
1633
5786
1219
2819
477
2451
99
1396
4653
6039
4503
3574
3520
2791
1894
2865
1461
1240
4936
654
3999
3118
1254
1342
2024
3099
4030
2477
829
3971
5780
4251
76
1408
5130
606
2037
2427
3605
2202
1617
3672
514
2559
4406
3029
5385
880
5282
741
3096
2687
3465
698
3066
2828
158
377
2842
5393
774
3309
2563
1632
4893
5176
4265
5096
2184
1885
5372
4521
1610
762
3469
4179
2848
4133
1154
625
1289
1502
5926
234
4191
1066
840
3248
3515
959
287
1808
2849
1378
2289
3860
447
6333
4008
1018
7289
142
2553
1993
1155
912
4128
1930
1118
6383
4066
223
6216
1979
4406
4110
1487
1556
2515
6179
5656
2526
2751
2314
154
2894
2460
4184
3354
4532
1812
485
6782
6348
3457
2936
437
2816
885
1820
1326
3636
2678
5874
3656
2600
6641
5512
587
4144
394
2712
290
1556
2956
2138
1569
1320
1246
5180
656
1901
336
4226
420
2115
3538
344
270
2800
287
6346
6008
1889
2712
4811
1746
2577
1151
3048
1464
3466
2629
590
477
470
333
3424
160
3955
3204
1510
5936
2647
5455
2254
2746
5178
2664
154
5310
1222
933
1736
6264
1159
2731
703
1767
2076
235
3467
4448
5165
6640
2247
3877
362
3712
1384
3337
1046
2323
2869
3559
640
1482
679
184
3040
830
1437
2964
835
2232
3057
1737
4560
2269
2516
3923
1100
4575
3480
1665
1431
3268
1177
1501
2251
3656
2053
1290
1236
4591
1841
2823
2605
3845
2636
4229
5690
5010
2039
1707
6385
5937
1802
5270
3071
2586
2718
1462
1814
816
3423
2600
5591
4321
1372
2482
2649
945
2928
1813
3292
2709
989
1835
1209
3129
2720
728
1681
2434
3788
98
748
3434
1074
3681
1069
2504
4373
3903
4740
1666
577
3643
1072
54
2186
3106
2190
2187
5348
2858
1123
1540
1136
3994
838
4136
1396
3220
6227
1333
209
3835
3439
2336
30
3114
2256
1937
3170
162
4670
1088
186
3971
1184827669
2199
116
2244
3485
513
361
1998
4743
4712
1122
1525
1993
3027
4028
132
3084
2706
5620
3832
608
461
1480
2073
1601
272
2240
3651
3519
2757
1420
2032
2406
595
1841
5275
2047
2511
735
1280
1594
123
2284
2351
3755
2784
981
3858
1391
2587
5018
1362
2252
5699
3215
1445
1990
4995
3222
6060
1384
1846
2382
4006
694
1157
1076
2626
1306
236
1099
2946
2790
4914
1079
6740
2502
1321
2851
3711
2491
3913
3719
3360
980
2572
769
2980
633
456
4617
254
3088
3730
5211
2064
2307
923
4037
3645
2626
728
1612
4692
2731
803
2301
5407
3850
2189
1250
1694
4701
547
2438
4059
240
1270
5878
6100
4388
3265
2595
781
60
2922
211
1559
464
2118
5250
1486
3574
4655
612
1808
1477
1688
3119
196
567
3839
3889
45
1627
3137
5325
2594
837
123
1375
4874
3095
2305
2289
4445
5279
3831
3834
3941
1991
289
2378
4207
3821
3157
1792
7163
1409
694
5687
3386
1517
5235
3230
2054
651
3456
399
1270
254
2418
1834
4804
3239
6503
1716
160
2464
5502
208
1911
2914
6480
4701
3505
306
4294
2716
949
2449
151
546
1748
3350
2568
4023
2712
1328
5622
335
4025
2420
4132
617
2169
1916
2583
4235
4098
2528
5222
1870
4596
7059
2286
3636
671
2514
4872
911
1114
3163
2890
3924
4792
2471
2557
3993
5268
1143
3639
1008
1476
125
2956
5254
2135
423
404
4497
223
2096
3703
644
4999
3204
1083
3434
271
2351
2955
1994
74
1781
194
1562
5799
835
2244
2478
557
2348
1426
1251
2111
1450
657
2155
1093
1521
1803
3211
4529
2198
383
412
1073
3016
2647
459
3016
3036
498
1234
3269
1929
3029
2532
1646
2771
2754
3842
1719
3270
4977
5569
707
1731
383
2845
98
3170
3716
4472
263
3339
1005
1784
1231
4537
2164
354
139
681
3739
2108
1724
2694
966
4608
2346
4413
2061
271
4058
18
3164
6248
3709
4207
1859
285
2099
3939
1819
68
1174
5416
494
5970
3560
1368
109
1383
6614
1571
1815
2402
851
3542
4876
876
2323
5655
489
4266
285
730
3033
909
26
6174
323
2686
2168
4137
1093
2919
460
4497
3057
3017
267
426
2242
619
790
155
776
1824
2542
726
4839
3353
2845
1620
4082
3528
3159
2439
2959
1811
3274
1298
143
3788
2321
1123
3068
2143
3815
2122
3180
3055
2295
2102
4909
717
873
546
1796
6930
3841
1663
3117
3963
1918
1355
3773
591
1394
1363
4892
795
3771
1564
1395
3892
872
3267
4517
207
2221
860
179
5042
2409
1853
1396
726
3093
6314
3619
4724
1023
722
1711
1500
970
2769
996
1639
2727
1552
6890
250
4449
2077
4454
1682
3960
4413
2045
1164
5143
1167
4095
1127
2994
4320
1332
2101
6025
3058
3581
2098
2988
6333
1225
735
2508
1969
1940
5066
2478
970
6141
1839
4727
1689
4901
6046
2371
1159
1967
2059
3265
2869
222
3646
2074
4008
2036
1991
3856
3021
3603
3028
6150
695
3472
5876
6140
287
588
4019
289
1029
1396
4219
2243
2760
1210
5229
482
1847
3608
2393
1312
2893
5420
5093
783
266
3772
2122
2433
1403
6031
5213
47
3705
874
739
423
4345
1873
549
4387
1640
2553
2273
144
4220
1486
3728
3436
3386
2730
1028
4006
3971
2103
3321
820
3276
3194
3479
1184829410
710
442
525
3111
2306
1333
2947
2327
969
1696
4903
646
463
145
5575
1747
4127
4337
6656
3585
4158
387
835
3579
2692
1160
233
167
1440
1656
4794
355
2835
2707
254
6305
1415
5722
3322
4421
669
1389
4071
1426
2864
2838
11
4381
1486
6685
2344
6370
3749
2804
37
4007
548
329
5504
2662
3206
630
1222
1789
2942
6495
196
5272
1476
98
3357
2663
1911
879
1402
1904
4861
2747
2373
3968
1744
3
4610
4670
5865
2625
3135
580
3633
3099
6469
1182
457
2058
2633
338
3592
1237
231
1169
2629
4354
5331
1496
24747
1630
766
1165
3188
7107
81
128
721
204
2290
2070
3625
5620
13
922
5797
2352
720
1645
3900
721
701
118
297
4728
5370
904
5201
1065
4017
2317
522
2269
5701
5521
1037
2544
211
2730
893
4505
2833
1047
3489
1490
4294
1081
5382
2720
1560
3039
2734
4213
2537
3727
1058
3042
2109
805
4173
1
2159
6518
1284
4272
1019
1157
1716
2065
154
3165
853
4131
1274
1240
4988
41
5739
2213
3437
269
1818
5976
671
2852
2347
289
868
878
653
198
2070
4929
3257
3738
3465
1967
1251
5540
3461
1262
903
1596
4189
3741
3743
3725
1413
2328
3137
143
1741
355
106
102
5216
3200
1508
5444
6260
5082
611
345
330
1383
339
268
3473
2265
826
5415
247
569
3539
1640
6177
2337
2996
5345
1456
2366
3975
4059
4229
197
4639
1009
2455
2196
270
4297
5558
4069
2681
3651
1092
163
1744
1988
640
1456
3487
775
4498
4341
447
3128
5039
1518
4768
361
4433
5331
5436
3124
4084
2805
3222
3927
161
629
667
4312
4912
1039
1600
5002
3271
2396
1787
2622
4201
347
5821
4726
2398
2816
1840
923
988
3796
3082
3507
3202
671
4333
3698
818
2238
31
5587
1544
2199
3539
4983
977
1000
4720
5429
776
1606
1341
624
3448
5667
2668
1471
3710
4771
5200
141
2451
4921
958
6571
4209
744
2503
1604
1739
6111
646
4373
724
2928
3717
1217
153
3617
3536
365
4641
1379
2826
431
2601
6752
5832
703
803
123
4506
4545
2759
2016
2697
3121
197
3303
301
150
2100
2037
2984
818
298
266
207
684
1708
4197
1920
820
372
2753
2819
725
3939
2652
3723
1
368
3011
1352
1350
5661
2737
3820
1825
5466
5133
1897
922
2534
2425
2191
539
5078
1530
3354
424
1090
2889
375
1616
3327
2335
5499
2152
533
1085
445
2051
5534
3952
1889
3603
5164
2232
311
5675
5039
5157
726
2855
5922
2565
308
1670
2897
595
3426
672
986
3387
2722
1161
2371
3042
4921
4527
88
4953
2515
1040
4145
2592
1886
2407
89
3543
4324
395
5888
2371
335
4421
188
2956
3972
15
43
1700
588
5049
317
5003
5355
473
2396
1924
5522
5360
2442
896
1978
825
4642
461
3413
2938
127
2376
2659
402
1276
1445
855
1362
218
4670
4522
2717
2228
1116
268
4547
1202
386
262
4224
1727
3358
1884
6870
1547
1374
1959
4184
205
1335
1092
3964
2096
133
4372
2471
151
2666
187
2189
3061
1204
344
3796
4332
3296
2706
1996
4022
63
1807
520
2755
1607
235
868
1848
4529
2493
3915
2201
2261
816
4266
5823
1302
990
98
928
368
6181
144
1120
1144
121
3366
1108
4389
1159
2332
72
4076
951
2060
1720
2421
54
3438
2420
773
1203
1713
4340
2153
1729
2255
688
5485
2588
1039
241
4234
2893
2562
1710
989
4652
450
2232
668
3837
1215
9
3502
1153
2610
2115
1330
1642
1097
1795
5595
4801
176
5801
2558
1383
4432
3959
1607
1085
5971
1894
4594
2450
1597
2614
4747
1734
3645
2330
6492
4278
5542
6722
697
2921
5893
3746
238
865
1496
2383
1394
479
2277
1647
4154
6074
2589
976
892
1920
3627
2759
21609
3622
653
45
2413
1444
114
1265
4292
1864
487
1734
1048
189
3358
4003
4104
738
2380
399
216
577
3093
1541
22317
283
5251
445
3793
2712
240
5378
169
3595
3324
88
5652
4866
1007
5897
6221
2132
1692
818
3548
4455
2093
1652
428
1833
230
35
645
2656
468
4256
3866
1083
277
319
678
2267
568
196
1205
1701
6052
39
793
134
333
2141
481
3279
437
1223
5677
371
1531
4637
2319
2703
2972
3358
348
1161
6873
2470
688
5378
117
748
1581
3018
1182
1610
912
897
680
1855
1317
19
339
2690
1789
2760
2545
93
3093
2991
3875
557
1844
2553
3982
614
91
1331
1900
1508
4166
2159
206
2813
3645
6222
5652
3006
2208
6678
6005
2336
4314
5161
339
2286
5557
1833
4619
78
2050
955
5345
283
3295
3495
3545
625
455
2376
6060
3892
2611
417
5787
6
2199
735
882
234
1840
5279
2277
3411
3691
2819
2679
3859
727
1095
1684
192
42
3055
2177
1502
1142
1994
2402
2047
3602
2042
412
1115
2450
2729
426
1662
3175
2388
4631
1894
4281
1644
3353
1899
2774
1827
160
755
2043
2812
2337
3574
354
4970
6545
2115
69
3951
782
2038
1772
1549
1782
3645
851
1461
3147
612
1757
1094
454
3002
1224
2943
4797
1828
3125
2814
4157
384
5259
447
3700
2389
5905
203
3937
3255
286
614
3875
2116
476
2980
4047
6650
6958
2014
1498
2410
98
1309
375
3268
245
2770
722
6870
1321
4102
3129
1104
1298
2574
249
4244
1784
2477
4355
6624
1484
809
2348
1278
2061
1925
2762
3434
68
680
1115
2257
1667
2447
1472
4361
366
4708
871
689
2863
952
1254
3099
4563
3986
2444
5933
947
2037
3762
860
4219
931
386
1187
4584
3844
4365
3542
5397
807
4487
747
3317
1561
2285
1700
2900
4
2211
567
2809
4851
3345
2949
2209
1622
2611
17
2175
772
2763
4584
1900
2587
1255
2429
663
2751
2372
2094
4369
3966
3115
3982
1110
3045
3436
513
547
609
2440
684
472
2104
1121
1723
6146
1403
2656
5656
112
1812
2635
2132
3497
131
2590
1763
1049
602
1031
3195
2518
408
3578
2148
4555
1304
3714
4318
1392
820
824
3029
761
4804
2460
1855
982
4131
1615
1620
829
5192
1450
1030
343
769
4345
2896
3091
3313
4823
3145
933
382
3975
3745
1192
2324
2627
111
299
3157
666
2408
378
3380
4658
4271
6394
5671
131
3859
1144
977
1924
5769
3002
3970
1675
650
2399
59
145
1965
2037
3332
590
5703
1306
3536
4173
3178
6615
2080
1625
315
1281
754
1894
3272
4728
1559
1790
6459
191
3460
5691
4398
994
3336
1745
3216
1861
2493
2204
1897
2793
3884
1813
796
2717
5670
3574
692
421
3057
3865
4149
2816
1597
2201
2221
440
839
3179
1501
5584
1196
699
6630
1249
3769
895
202
627
1946
3649
985
6038
2402
314
3748
3561
945
3559
2186
932
315
2649
2813
406
1898
718
1764
1024
1490
26
634
5248
1370
3860
4042
519
3677
1737
6920
2478
690
5118
4267
4833
2673
2970
1136
1937
4621
797
4199
800
397
2726
672
20
1890
2461
572
3386
5770
2014
3237
4552
5455
2627
3382
2825
3843
3715
1518
6315
1398
1871
2857
3785
4271
2051
3165
3181
363
2653
1956
3281
1385
3050
2402
1880
174
1984
646
2841
112
2923
273
568
4032
2491
4892
1452
2422
3666
3123
3581
2520
2066
5615
3655
386
2433
2047
1945
848
4575
3779
1301
4342
2742
2834
3975
6190
2523
675
3610
43
5157
1194
4151
4895
1482
4146
1041
1759
4418
5924
473
2717
2967
2544
1276
2074
1727
2336
2694
3650
1843
2352
1185
5183
1423
2903
991
4293
2427
1821
1006
4301
4584
2454
579
5492
103
5796
4126
1397
2270
4034
4913
31
5947
1218
5958
4414
2464
703
1531
2562
2043
467
283
3678
5218
3135
1222
230
677
5401
483
380
1105
4017
4676
4010
1846
931
1884
5890
3533
5108
189
6177
67
1255
3570
2215
2281
1226
5265
262
2911
927
2065
4723
400
1270
1389
272
2088
4023
1477
3277
5587
1545
1140
6324
492
1463
1829
2668
1829
1596
2681
3217
4997
5854
3908
529
2429
6155
2283
2136
561
298
3140
861
999
4559
4267
6231
5430
7016
4119
493
1003
943
4768
277
3495
4382
6106
3867
476
2707
3577
4741
1434
448
2155
1412
4753
4551
610
1497
2797
88
2466
234
249
5669
4528
1734
112
2859
3361
1812
6684
3757
3226
562
2959
3175
5296
5096
4208
5006
4367
263
4417
2051
569
4567
5290
116
459
3898
3323
68
2218
1970
5735
1240
3022
119
2116
3324
870
5284
2475
4735
1966
462
3891
3232
5944
1711
368
5977
3988
4586
1762
4206
4127
5307
4397
2308
6721
3606
4568
2116
2871
247
780
504
3382
3037
3801
699
740
2652
5117
4829
213
2378
5837
2007
1028
6075
1417
1985
2991
2076
2950
324
2922
1743
2276
699
2822
4492
4039
6532
343
153
3353
2926
6635
2756
2573
3557
3891
1203
183
329
2499
3941
3277
761
1388
262
2277
204
5787
622
4908
2111
953
14
245
2516
3029
2759
2055
1657
2542
1060
2837
398
1767
682
4251
3454
3952
2615
314
1859
4218
1051
990
77
4983
95
3288
2603
4173
2016
1101
3445
1299
2294
1251
1222
346
3697
1443
2904
1820
2778
669
2620
1155
6
2346
2826
183
487
2017
275
479
2274
535
655
360
224
3252
5310
813
348
2878
408
1992
3979
461
9
2518
858
6206
2441
327
2778
1336
3030
3549
18
2157
4869
2040
6366
171
1458
1131
5157
2520
3022
4437
1818
738
4170
183
4886
2361
3540
938
64
338
3123
2224
1324
4241
1945
2017
1984
4240
6909
3751
2461
1907
457
127
3884
292
128
185
511
1032
5798
2473
790
1641
2066
652
652
2280
1294
2080
608
312
2215
1628
1461
1968
2825
1225
4095
1143
1207
4347
680
590
6287
7163
3496
2407
6027
1155
3039
2943
2062
557
4042
1512
4418
2708
5045
4860
2993
1831
436
488
4888
1824
3810
1009
2013
1508
282
2116
5225
2508
1159
406
4437
140
1610
5358
3498
5306
1100
5420
511
1272
2733
1955
1410
3031
177
342
827
11
1643
385
110
4161
2465
167
224
2276
1890
611
1637
3763
754
3528
997
1996
420
2281
7339
2532
3729
2586
4201
4638
1312
6272
3364
979
4274
1116
3828
4898
2136
5255
4865
4400
281
258
2053
3044
4173
1146
2633
4023
1751
37
484
532
2633
4376
4071
307
2153
1849
3204
987
2285
4046
5241
1603
2446
359
5765
5108
7154
4451
471
5842
1725
89
178
4609
5443
602
103
3468
2243
3975
3636
4065
2759
2792
4276
3551
601
1653
1734
1804
1254
1277
264
3660
2484
4446
75
955
770
582
2597
45
3448
1165
3670
136
1340
3560
1368
2011
420
2108
438
3896
2026
2512
986
428
548
549
2525
1003
2085
4244
1768
4948
2571
3201
4738
1153
2263
1644
394
833
1357
6167
231
841
2016
823
577
1227
1411
1453
333
3842
352
731
2750
5147
2543
1505
5595
2591
926
3597
2016
5455
516
3396
104
453
640
483
1187
1773
366
730
5496
599
1133
776
1350
140
1279
5656
374
3212
807
13
237
4930
5683
752
5
5368
4151
1264
4761
5253
1409
6283
3346
207
2409
2016
937
2978
1067
3325
4262
2870
2942
526
14
3971
3361
3637
175
7218
1621
3688
4076
4569
849
5528
3150
5062
656
1609
1373
4433
4692
1195
1770
1050
1159
3003
2727
159
3538
1780
134
3398
313
784
1157
5421
402
1222
1627
3612
1705
616
3785
3283
2933
1392
1344
554
1447
158
5201
1689
1070
155
1579
3936
1702
1688
1963
5685
317
413
4993
2324
1436
3380
284
4280
2310
3140
2384
3298
829
1177
1861
5545
413
6405
1232
376
5319
2760
5144
3687
964
3279
3329
1130
1815
46
947
25
4084
2156
2689
2567
2272
3477
3041
2325
1275
2184
2394
1089
2629
2718
3049
3815
3008
2261
1584
3266
2925
3667
3928
2680
1245
2080
6631
1949
446
1579
1637
4474
7101
574
190
2773
796
3262
3552
97
5832
172
2270
4509
468
3625
2832
1759
5895
209
966
3852
1911
783
5068
2322
1551
4470
4808
1152
1997
6339
4192
420
2830
70
4556
38
3572
690
4193
719
493
2002
4450
543
6161
2551
3821
5076
4280
249
1037
2586
4779
800
3605
1460
3033
403
2974
2440
2144
1089
6019
3091
2098
3634
1516
4322
1257
1289
486
2453
3941
4711
3875
2116
599
3376
234
549
788
4092
3520
730
5624
2981
1115
4412
1551
3954
953
696
293
285
1188
3471
3051
2106
3510
2960
278
3612
2180
2776
4395
2268
3069
323
6454
2788
4395
1157
4353
2075
93
1215
1294
1593
1359
2278
983
7074
4000
3828
3572
2157
2153
147
362
3736
519
1343
2305
191
2943
3733
6225
3236
3723
4456
4360
3636
4705
193
5440
2383
3256
1111
2105
699
306
1154
2282
4191
2274
988
4894
2100
407
3849
1
4559
1745
1147
2087
412
1546
890
4849
5111
671
4298
3088
2897
79
598
1009
3273
2510
655
6147
2245
5487
3644
4970
1177
1969
2746
2595
2610
1385
848
1714
1805
5764
263
7345
584
3119
600
58
1367
701
1157
2124
4005
7238
6061
3715
2925
3332
1490
487
4438
2491
5175
177
1281
351
784
2656
2754
2754
3069
587
5903
1332
6829
4196
979
4287
3120
1613
773
345
452
4388
2253
1903
4478
976
832
6199
3998
950
1564
5702
3796
988
2214
3396
4776
2027
1072
4735
708
462
2853
217
2373
841
2564
3395
480
623
1282
2018
774
2403
3836
5279
334
5314
2729
3062
2630
5496
2986
1332
850
6672
2543
844
2322
917
5199
4602
1264
946
2523
3430
4380
4782
99
3070
2564
1089
1733
311
1500
331
2697
430
186
3082
85
2996
265
1136
4142
4592
5110
31
1112
1065
4793
3388
2597
885
4105
2696
1244
2790
5024
26
3290
2582
6214
3687
1203
2676
2286
1758
175
5120
1010
5394
1172
3384
3014
4546
5195
2037
5868
181
2648
3050
894
4656
3668
339
3226
2979
2943
3206
258
5273
3796
336
5016
827
3700
487
3369
640
1663
2513
4479
4018
1134
5186
3894
539
5529
2529
4037
2315
657
3080
381
276
1201
3600
5151
3508
3326
3491
3632
1566
2425
4356
714
1525
3969
5452
3646
2360
1978
1339
5832
989
2055
6037
472
4225
1506
2325
1332
1901
815
2867
640
3826
5006
280
5317
3265
208
3462
34
2034
2074
1399
5031
5394
203
3230
132
1072
3038
1977
4174
963
4462
4302
634
3845
910
297
290
4647
3573
1722
4683
4203
3551
2795
1936
817
2579
5092
4478
2159
1513
3474
97
3046
2379
3637
4121
498
1137
604
1823
724
3389
1943
4742
1473
2186
423
4895
3245
306
869
4550
310
4031
1083
1880
2418
2801
915
5600
228
3044
5571
6256
1106
1826
1735
5583
1557
3289
3310
1815
3145
5515
1328
3712
2495
249
1728
1816
1385
6621
2922
4357
2429
496
3540
5377
1185
381
3917
549
282
3425
77
5373
939
836
6943
1072
437
954
3733
1912
3747
2757
613
3575
5506
142
2721
1616
3750
1133
788
438
5923
3119
4983
802
3754
88
1641
713
3338
765
1577
643
351
4560
7092
2073
1998
3465
1688
1216
1932
680
5603
1843
3553
492
4742
299
379
4133
3987
671
6620
4452
4065
3794
6741
2917
2680
3651
1734
3261
1144
2095
2571
2980
1921
3179
3613
1246
5972
3618
4924
2650
1096
3505
1298
5527
1488
3092
10
870
2602
944
814
274
1562
4147
563
555
1085
2784
1093
4891
3619
1690
1713
1278
4333
2913
1878
4866
29
5637
5148
2657
95
5591
57
348
4680
104
221
327
3122
1944
784
2832
5398
521
160
13
2911
971
709
577
1913
4714
1983
4676
6777
1047
4269
3
855
2884
4730
1884
122
1597
1659
1253
6516
1439
5034
4823
778
1938
1402
2057
40
2055
762
4284
1473
50
841
36
1375
348
825
111
4231
1052
1733
2844
2046
2337
1761
2255
6838
54
3826
4994
1809
2096
1119
1024
5323
64
1893
2041
2872
1707
6059
4873
145
4677
2814
357
323
2827
46
671
4610
577
4070
1122
3400
30
2542
2355
4756
4
4781
4128
375
2639
6051
1092
3496
2337
787
2364
3465
771
201
2383
1124
1439
823
5327
2056
700
2627
5700
4677
2474
3591
2111
121
5172
1717
1744
1607
4106
2242
4308
1472
1980
2222
3798
300
108
2488
852
3447
2340
4657
3726
980
2191
4077
594
1247
5117
6016
2296
5275
621
1547
2202
1935
1727
1559
1817
3934
2963
530
2648
694
100
3652
1851
2652
1533
2986
1703
3457
1002
2112
363
5388
2766
1305
20170
2289
543
315
4799
501
1481
171
3687
714
1274
1906
1119
2779
1222
880
5725
4985
3391
731
2782
1796
2840
6453
3141
1912
3943
3256
3007
316
171
2454
2724
177
765
2616
4715
4688
2032
3417
1339
1431
434
2612
1947
1192
1228
286
3584
5438
2820
4104
2108
2071
4760
379
3068
2958
5154
930
4558
4833
2595
273
2216
1054
1402
7006
2283
4373
2029
3025
4704
3955
4870
712
1163
1102
3798
3030
2837
542
368
39
129
1342
6802
2264
3761
5550
1732
639
2189
50
635
2427
2680
54
537
5647
4197
3867
1241
3248
1640
2164
107
1185
2932
599
766
1811
1919
1631
336
228
1170
1792
2803
2375
1090
1380
2154
766
1128
3976
4683
170
1836
302
4420
977
3116
2531
5744
3412
4183
6376
479
4302
1776
403
483
2468
2206
4366
685
2131
5184
239
1010
4086
6380
1222
1140
5079
6285
729
3226
793
441
126
3887
4934
3457
2788
1108
334
1154
6296
1212
1358
4093
897
4015
4034
1329
284
2403
1761
594
169
4421
3691
5320
3407
257
624
2921
896
397
578
545
88
1710
1067
2643
521
3419
1136
1312
388
4640
893
1630
196
1352
581
5345
2850
1200
77
1685
323
4210
1590
615
2969
897
2542
2685
6751
565
260
925
1826
512
6299
817
1419
1836
4914
153
6099
3707
284
1017
4246
6824
2414
4861
1193
82
4128
4600
1522
2164
776
2214
1300
7014
1299
1970
5957
1001
118
3543
1486
1871
1546
3330
2527
1841
1493
2210
2203
378
867
1315
3795
4195
445
4447
2514
1554
3119
1181
375
3171
843
560
1130
410
6290
4071
1567
6534
3152
978
6676
242
326
1281
1590
1632
837
1781
343
331
966
1121
872
3112
3084
1674
4257
4707
3727
2071
7043
3141
1476
4170
1455
2588
4732
2263
3578
3626
1513
1022
2254
365
1906
1349
1633
2570
2148
2221
3679
4075
5731
1143
1132
2773
3253
1053
621
2898
2145
2427
832
5108
4556
81
236
1126
1384
3489
5568
727
768
1
4246
3966
949
703
1034
1942
1288
4066
1229
3797
5170
3792
3753
2397
651
3025
3397
290
527
1351
997
5962
3279
1281
1726
5315
448
4477
1757
441
3878
1272
6084
4677
921
2714
2719
3444
4071
4631
2455
857
798
668
568
1330
855
3597
3408
1994
3900
2908
6179
1438
5675
1288
3489
4355
3356
6708
5052
740
2580
3348
3668
6438
1191
2777
3813
3452
2680
269
6895
3254
3225
1666
69
3977
289
1070
1309
315
4865
1437
1406
1543
3061
3467
888
6212
2104
51
2222
5010
396
228
3002
4954
5437
2845
30
1687
129
4512
4018
3081
5874
1192
2884
4805
744
5865
1327
1355
5915
4306
4503
3258
3910
4372
4197
4737
800
1151
2791
134
1101
4401
872
4122
152
3700
804
3442
1663
3410
633
1872
2070
2109
6445
1181
2463
1902
2287
5262
1749
5228
47
250
231
1386
3526
723
120
3168
1982
1804
4785
3968
3343
3181
200
2874
1632
112
2605
2333
4857
6030
2113
3917
1295
4110
2197
1313
5267
2241
445
2011
2483
1762
1887
343
2602
61
3065
1746
3646
587
2049
1448
1814
5244
3979
5150
2802
5772
5084
38
520
610
1375
2315
2881
953
248
1157
1922
46
1795
4540
1920
1705
2015
4862
5409
3925
1528
1890
2614
3058
1297
1549
1145
2128
3389
5430
1640
2932
5008
514
1266
70
2318
1584
1290
988
1403
3874
3355
3962
1754
3658
1756
1910
4718
1459
473
5297
1780
6264
3292
4551
1618
1868
556
2016
5312
733
1703
151
2452
2155
2289
488
3400
5476
95
590
5396
3853
1468
6982
305
416
5817
869
2636
1105
2119
1014
5330
2878
2525
1709
3916
5640
623
1111
531
3360
1191
1218
6479
1205
983
2759
6281
1503
2257
951
1364
3470
4163
1782
1173
783
846
3170
3865
5432
2886
2969
3128
5131
5403
96
1358
1010
1313
2912
3487
3572
4373
6537
1652
173
5095
2494
2205
4125
2259
1020
1793
1637
914
2059
783
1196
2340
5
6807
1361
484
6696
1025
1511
1942
3001
6471
33
4728
3989
1594
256
5446
2698
86
2585
1232
6219
4926
2186
1733
1574
2029
2159
1003
5612
6462
2182
2350
5026
6574
1281
6763
1447
1409
1072
1334
4011
3488
1948
2682
1462
1083
1858
3917
964
1442
557
839
311
1485
216
2378
193
366
20
594
5575
1395
440
6410
817
323
3910
4035
2365
2350
3020
4918
3798
2320
5520
3789
4344
452
2096
1495
5342
565
3444
687
467
1471
988
4332
4205
387
2693
1224
1841
1247
1773
186
3718
4437
2513
4945
1443
242
1615
1572
2090
448
324
5460
2644
3816
5641
19
872
2778
4311
2436
2814
3614
3088
3137
6796
413
400
3451
696
2192
3858
5161
1099
3342
373
5485
1039
2383
3633
2103
3403
141
2145
2187
2535
2363
4669
2826
2028
496
1116
2885
1216
5025
623
3322
1824
4588
284
428
4133
7216
4975
3463
2361
433
3793
268
985
2599
157
1773
820
592
3643
3250
3915
3418
4715
3198
4149
3396
402
3319
5160
3079
3270
2303
4980
969
1580
327
4203
6058
5447
3481
3294
1363
3990
595
2328
1837
288
1172
508
1520
1025
1656
6494
1092
5955
2939
1512
5550
1460
4099
149
1930
3331
6291
4342
1349
5689
183
800
1876
1329
2429
4327
6041
1450
38
3004
3801
685
2423
1998
4568
2499
1037
5396
4556
2324
114
3593
1993
2563
4996
2903
6024
3154
4194
907
4018
2488
1854
537
6685
498
406
15
2438
1110
4207
4483
311
1595
1592
4087
109
731
740
4924
4412
1540
3756
4665
144
242
3786
5897
729
5107
4353
1890
2522
297
1151
2702
662
4002
4850
1427
511
4086
5036
2627
718
6181
1479
2305
1903
87
1729
2530
872
1094
3596
3004
533
3195
2182
1437
2419
1634
4265
2961
1095
2516
2165
4389
2054
1622
3775
4502
2828
503
1580
3933
1605
5937
2719
1581
2095
4375
6708
3584
1895
191
3711
3854
1393
4950
5932
3730
2341
4402
565
2184
1538
633
1856
906
4719
2879
1960
1407
2435
284
494
90
355
2409
2899
2628
2135
3073
1930
810
673
894
4610
1454
5608
2725
5831
2937
4522
1313
4417
4146
460
811
2371
3570
347
1
4305
375
1234
3585
5397
6073
1046
1731
2037
2526
193
3068
1436
136
2324
1093
1191
4939
1277
1507
2243
2711
462
1377
1393
1183
2632
1253
1696
6386
2284
1919
5646
3780
2985
3061
5417
4153
4834
1356
3326
5915
5900
8
1879
4212
3851
2407
2715
3379
6923
2975
8
1946
783
3160
337
221
4659
2264
1668
2206
1999
5623
5454
1226
5507
564
5835
1788
2558
1299
6265
1154
282
325
4988
2060
5500
2254
1515
2475
3560
2109
5656
7218
161
83
2995
5655
1372
4656
1069
303
320
2428
1982
4816
2587
1872
6385
1605
4236
2407
323
770
3806
79
7122
829
6593
4336
3786
4368
2588
4849
1118
528
1655
1057
3952
2025
4135
1382
2785
3665
7068
3017
1338
6527
713
4775
2183
5176
2103
1657
2112
3033
4523
799
2607
4546
4244
5668
1998
2313
776
4842
1918
1266
5624
6475
3088
3289
235
3944
1364
143
3286
5649
2320
1872
3189
1178
60
2453
866
914
1403
1117
6484
681
223
3935
736
987
1201
4194
1054
854
2260
342
2635
1254
396
339
223
986
584
6123
116
501
2222
1089
1947
1171
4317
1470
819
1927
2681
406
2510
2069
461
2243
2220
1516
3396
2409
2861
1029
1429
4852
2841
682
1695
1244
4097
2015
565
267
2244
22
1186
939
6651
250
3924
1024
1100
4967
513
357
1074
2414
3511
574
2692
1856
4323
1991
736
3041
1095
864
652
1377
6164
668
3866
784
6072
5925
2809
1886
2485
2127
3435
933
2112
910
2672
1468
5315
3343
3088
3138
1819
905
2578
1645
555
2130
4880
876
1037
6109
5033
792
4583
1035
72
4183
116
65
1211
1306
1355
327
3989
52
6892
3297
131
2947
3581
4210
3387
2865
3447
2088
20
2114
6032
159
3048
2309
148
6291
3782
1754
1340
1481
1354
5193
3963
1270
2598
856
5879
3624
3111
2228
4525
3
6460
3248
762
5030
5386
1616
4460
402
1250
2891
4012
1979
2524
821
3538
486
1660
2778
1696
1401
261
3031
1354
3805
5236
2465
3903
1563
28
624
2426
3090
2437
1375
2043
809
2503
1487
411
3059
5573
3402
2906
2454
1926
828
672
2768
680
1375
5206
2905
700
488
2271
4790
3791
609
516
1181
6461
2396
1783
3709
2893
4007
50
1805
3945
4225
3247
3746
121
3553
6033
1671
4749
3526
485
6354
877
636
3601
4797
5563
97
4228
3496
2694
2351
5141
4537
773
2529
1214
4507
5065
2010
867
1399
3068
5847
460
1882
3536
257
2622
4221
3916
1201
1914
2930
2442
828
582
2016
5723
5931
3282
130
2561
4778
1895
5691
535
5911
356
314
3901
557
3225
3100
124
419
4511
198
479
4198
81
2923
585
4249
1143
4366
4534
336
992
3593
2071
2301
5144
2425
4176
3155
3923
558
3242
355
1597
2766
441
4996
2948
3559
3500
1905
2037
43
6749
3748
1119
235
5551
1241
3099
1949
268
2657
1025
1954
815
1261
2123
2119
5483
1145
1463
2263
382
845
677
3974
169
5362
554
2746
2168
1548
2739
761
855
4392
4854
691
225
1764
4251
3182
1023
3165
1078
169
3529
2268
6182
1533
5189
916
3474
5007
81
1504
408
2436
3069
3606
3611
2888
1295
2510
3278
2313
926
1181
1389
655
2194
3197
2343
3967
1153
1725
2661
817
1558
1781
4025
3109
150
1
968
713
998
3933
2615
4868
348
455
2676
643
2160
1797
183
3920
1049
6042
944
1418
1397
2802
2395
519
5021
3947
238
869
3491
3991
3381
718
1746
4845
6036
879
4374
2476
3285
664
1950
5694
633
977
2278
3922
3392
289
481
2126
4010
4614
797
722
3861
2913
3202
3634
3468
1126
4246
131
2495
2063
6621
1219
2875
2609
1051
1269
5367
3339
217
2827
1600
3696
5629
4131
69
3214
703
190
4438
1040
3119
1451
1757
5126
3244
2314
313
57
1142
4074
5387
2028
943
1502
4914
1951
1374
556
948
61
2855
1324
319
4510
801
2223
2450
1353
99
1992
2964
4263
5066
761
3946
39
902
4258
803
5662
1414
1911
4356
2843
2859
1592
4431
1897
4917
87
3734
311
5000
585
1058
4617
2997
5325
1227
761
4704
3917
2392
2751
2265
2594
2213
3489
677
1757
2269
3562
1070
605
6564
4393
2617
2252
1607
3216
276
966
1982
752
2142
1930
634
5633
1099
1359
5861
1186
3640
4165
1031
2988
3311
712
1181
338
1807
158
2561
4299
4659
1288
2310
3908
3453
2511
1485
7329
411
135
2338
353
338
888
4511
3414
400
2498
4394
1519
529
3529
410
3181
4386
2303
60
20
4587
4219
4906
2406
2614
3584
6001
2550
679
2893
1843
888
1037
1554
3690
2279
2929
5068
2222
197
3394
70
3821
5475
2446
2656
1148
156
4109
428
2779
541
3180
400
647
471
5264
4176
426
276
263
2912
424
2034
5909
330
433
789
242
1232
1785
5440
2933
4363
373
1553
2694
251
3248
1603
338
2344
6961
2023
984
6000
4591
22
3654
1422
3543
1530
3549
473
797
641
3108
2769
1
2661
3240
3071
5407
1446
2833
1428
477
1307
532
3481
1701
1688
405
1006
1916
4376
4427
2335
4654
1538
2213
2466
1078
1359
1490
5386
3380
4846
980
5109
2585
3407
2622
3456
1979
1817
1708
3054
4727
3073
1651
1585
1886
324
4087
6191
1228
688
3138
2868
1033
793
2294
5249
163
448
993
4412
1726
1925
469
910
2061
584
769
3331
308
6727
3902
1271
2411
1462
4459
5304
2996
1650
2510
1686
6282
4578
964
220
2303
2180
5374
3804
2810
5428
2566
1061
4866
1540
6080
1133
871
1987
4452
5715
4271
763
1404
888
2771
2397
1601
2902
1786
1776
633
4
1003
1576
4818
1572
1913
499
661
1950
885
5862
1001
3540
3973
4809
1681
1867
521
3891
322
5789
1176
101
2142
4375
1646
1553
3086
6974
2653
2468
1941
4796
596
4478
1013
4065
6087
385
3270
3733
5505
276
1218
3635
1283
4739
1116
558
508
2515
3279
23
1417
4751
196
2930
4234
2227
3417
82
2751
4745
258
3225
3768
1274
91
3466
1910
353
2984
884
3130
1807
432
6145
2681
3118
6530
423
137
4473
6055
4114
437
2660
2017
2768
1518
2245
1612
2524
2230
470
6068
2061
4847
2442
3782
7155
4912
2355
5260
2412
1133
2932
60
1004
1609
2624
1256
911
3957
2601
3078
4886
4384
5919
63
4190
5345
1347
1139
1037
1313
3019
314
3298
2510
496
1932
3688
4379
1737
3758
2193
676
2414
1536
4050
5603
1116
189
3859
1758
2673
4687
2105
1699
3135
1451
4057
3375
3532
3830
741
2297
2109
1999
578
345
1838
4494
3088
3584
876
172
3742
2274
1000
1181
3236
3850
2759
6262
733
413
1274
1063
1407
3041
2533
1426
498
2947
1475
1814
3063
2392
5010
3533
2689
2527
25
432
161
1924
5306
3980
2630
4144
4800
840
973
544
6594
771
3786
2736
1651
4412
1117
3293
3459
4128
671
4268
705
503
3668
2143
1385
2766
5509
5255
2545
1205
1038
3399
1357
1789
5210
2534
2220
1393
102
205
901
3488
1277
3212
3843
638
3642
4549
4745
29
184
34
4050
641
3998
321
355
5757
6197
238
2327
2175
1937
5814
1101
829
4614
3214
2041
2407
1707
2573
5222
875
988
1470
2764
5046
965
174
1803
1368
1382
4927
374
1909
610
3500
273
2004
1680
1989
5629
4787
1902
4397
2089
4068
3262
2693
5758
3756
478
1740
5833
4826
1545
4501
4741
2654
3423
1291
989
4124
853
4158
609
2703
5848
4253
3675
3206
70
1190
775
1094
2503
1549
4179
1212
1868
2741
984
1754
5633
52
133
2486
100
4887
465
2517
1173
1042
174
2498
142
4300
1808
604
566
4203
227
4208
3947
1239
478
2448
3970
3542
1514
5224
5269
2275
846
626
990
6516
162
2495
2309
3565
2701
2477
1856
2781
3315
4305
609
6419
2545
1560
540
6174
346
3952
2798
2540
5076
384
1034
438
4258
1010
5152
1737
20
847
2154
3735
4889
4377
3040
1980
2267
617
4464
2637
86
1848
1966
2025
1507
2102
2214
1247
3396
115
3531
2676
3780
3066
2103
4367
1785
2465
1589
4589
160
1698
3418
4253
4051
7276
224
2549
2145
640
4377
5503
3398
134
539
971
3794
6010
3162
531
2660
3059
620
3372
3121
2617
2665
1871
1166
5642
2325
2644
1539
4598
1638
6913
3736
5132
3495
949
4231
2861
3202
404
845
4257
176
1143
2246
5302
2602
4662
225
588
1238
464
4690
3393
5331
395
598
4317
3680
2566
166
3688
3178
5154
5543
52
3044
418
149
3576
2249
1877
5633
1528
802
1326
1021
3427
724
4885
5137
469
3563
3072
1276
3323
5370
1284
4954
4371
3426
2706
3168
893
3013
3356
2526
6109
3887
1701
4136
198
2212
4480
6073
357
1306
3781
5585
3448
4201
48
4114
6148
587
5481
1739
1488
5364
4979
1635
1279
6380
1625
1341
4843
75
1749
1309
1112
3500
2787
6762
32
558
4856
860
3965
1484
2243
146
3022
741
1510
196
325
6069
403
4190
6491
1716
6492
37
4721
5225
2811
2047
858
770
383
1191
3091
2432
4552
2157
445
3980
4971
1403
711
4369
325
4480
2195
3171
6428
179
3618
2489
2115
3416
3718
5548
236
4479
45
2575
2950
1964
2958
5130
1020
856
428
1075
936
1616
3697
286
2780
3262
187
1366
75
5979
4687
4818
1115
6391
6057
4043
1722
3986
2442
4725
874
3283
1798
630
4819
1189
407
2423
688
368
597
291
2808
327
1451
6158
4846
2113
5969
4533
3702
426
2457
1725
4080
1680
243
288
4005
3827
2240
3229
1044
4125
2892
5001
3216
4541
1910
1590
236
2121
126
1476
1522
69
2311
2406
4622
372
610
519
4269
1162
273
2800
4128
2746
1906
1458
4316
579
3546
1182
4812
2921
3838
2808
402
4494
2875
2898
2621
2246
2465
479
803
4556
4068
167
4125
6310
2228
1623
2671
2183
2373
303
400
650
3792
2806
4159
2615
2101
493
604
4884
3361
3322
308
2420
1655
4672
613
3499
4642
1738
5014
5054
4716
933
1245
703
1085
3712
4301
2387
2069
1920
6219
112
1051
4256
1077
1274
2274
677
3972
2598
2086
1117
4809
1371
1231
2432
3660
429
990
100
860
1184
237
451
2447
3648
4696
3653
1140
1575
5374
5039
1932
3336
858
4669
3746
53
4255
225
5055
2453
2358
5777
574
3450
3087
142
1301
1773
4549
1355
493
3161
33
211
620
2143
2528
4956
3050
2241
44
1381
4475
405
2830
5562
448
2760
556
5748
811
650
2852
3869
1148
3345
1658
220
2515
2568
1350
5048
6659
643
1582
4001
5952
1036
1773
1057
337
2145
752
1737
949
2918
2212
4600
1787
6312
5035
4192
2085
1009
947
468
588
2541
162
713
130
5512
2902
807
110
6909
2947
1283
487
2754
1868
3718
1235
4224
425
167
1516
347
3182
2044
5493
3115
4375
4430
2514
4816
5106
2492
1999
640
3273
1077
1987
4210
1480
2466
607
5053
2591
1622
2007
264
854
903
504
126
1117
48
1586
2297
676
1051
1524
3993
5754
668
95
3627
3672
2374
5182
2391
3432
4229
2209
4217
2141
4736
106
4514
1874
1050
3921
3232
5686
3957
1480
5394
4796
1268
1110
4499
4787
4183
5493
2549
5295
1061
1329
724
1788
149
1918
1395
772
3345
1666
3658
802
431
3167
1747
1411
726
2574
2605
1445
3826
3681
5092
110
292
2609
4296
45
2137
7029
2435
2552
2435
2106
1118
6317
941
3646
3992
5371
2761
1389
5931
256
1278
2334
5446
2508
5087
1777
42
2125
218
5871
2777
642
2416
3227
2661
3692
975
1421
446
2863
2655
2186
1652
1750
4498
1876
5864
3504
1220
2447
4518
3190
417
2402
1304
1295
5458
352
4104
1360
4840
1052
1830
1647
128
1852
1775
1506
3606
147
644
247
5040
5850
3371
1307
918
2075
6064
4152
1368
443
870
4196
3183
4761
3826
4326
5497
1026
174
4427
1001
4326
3337
2869
3004
1846
1640
2266
529
1835
2018
90
1098
2919
5233
4433
1417
943
1623
1917
6773
3247
1509
4192
2360
3046
2323
3299
572
553
1146
1078
2112
2648
2887
1971
6171
1595
1518
6355
1537
2288
2766
1741
5134
4596
2363
1055
1957
5620
3296
3314
467
3003
5146
455
3385
1430
355
1599
3355
817
441
1847
2879
2116
2036
638
544
4567
733
1184
4573
1832
1055
3988
956
1949
746
3561
3710
2997
2184
3838
2139
370
4170
2504
6728
205
1786
3636
175
1093
3795
1541
92
5441
689
2653
2228
923
2114
609
181
3475
419
4431
4292
3380
3207
971
1599
2098
5449
4102
1208
5012
3055
1766
1046
3408
2439
884
497
3132
4542
2124
7092
996
1865
490
4368
4618
5133
3376
4627
1434
1769
2889
5403
1515
908
2303
113
2096
959
1465
1564
843
3697
1424
394
1873
791
1646
312
2629
1878
3068
261
5463
2942
250
3903
3757
2656
4442
3585
4122
3260
411
1859
3022
5230
4420
2085
5301
977
2399
65
311
1713
767
2911
794
2640
2366
656
5017
202
339
294
4811
2476
2081
1075
2939
2234
351
5175
5312
1562
3155
3215
1989
3865
3631
4855
4838
3505
6586
174
3143
3409
1394
1910
4178
6349
5026
2169
1647
1830
4623
2831
585
1373
5648
2317
2197
648
471
2677
1401
1759
4233
6717
1813
543
129
3188
3076
4077
3253
1245
5305
1944
5314
1130
1959
5502
953
292
2051
1669
1046
6344
1783
2583
1549
2498
3488
3219
4829
3014
2384
5619
4058
2022
3275
3732
4760
4620
944
59
824
362
1230
4060
805
352
1113
3496
3342
4097
3490
919
522
172
1865
1287
1559
2413
4172
5609
4810
6108
4378
3168
6608
170
2028
3479
4830
1795
438
328
2978
445
778
1459
5471
3304
3389
3484
132
6149
4918
2547
576
2542
4769
5681
1424
1265
1794
3086
4387
3916
3073
2423
2616
2126
19
742
619
200
3497
349
5266
5212
4231
3260
6028
1217
3168
692
5823
814
3411
3411
5606
2315
2287
5030
1193
2208
1583
2804
2483
3069
319
1170
5794
51
164
3700
912
203
5039
5016
1919
5785
5977
3543
6334
6076
1724
3048
385
1779
1751
688
666
2165
1004
2899
5163
691
11
2524
1063
456
4287
2612
2046
3282
2405
1035
1166
561
1972
1912
496
1774
1554
6431
3653
481
3138
1901
3998
1383
3221
1333
4675
5954
692
4010
1101
3787
6560
891
3532
3785
518
39
3037
2282
360
4062
4653
3000
2106
6470
1318
1829
2953
1542
1092
2570
3575
3738
4408
304
52
5582
726
85
129
2595
1426
5572
4084
2086
1555
2143
1183
658
5084
2706
3067
3034
745
432
402
1040
874
2503
2391
5319
3134
2711
846
52785174
4387
146
3809
2400
586
109
153
3033
3057
2876
1098
5321
2502
3309
4637
2431
4982
834
2631
1775
5748
3876
3618
2954
944
672
2730
6789
68
4765
1712
4247
2656
228
2721
4198
5519
1357
1794
6712
2986
2430
4113
659
1992
2975
236
6426
6759
386
2235
725
1154
4708
4202
576
3886
2338
6087
5763
2288
45
540
3735
602
626
1474
2919
2167
1069
3436
3352
4539
3242
5914
2391
4422
1196
4347
4045
3084
267
2637
2517
688
1917
5569
4063
3531
459
1836
2200
157
3084
1157
2001
4584
927
1544
1621
6386
5561
1014
3230
417
530
531
5443
5027
5369
2827
2388
1866
1628
419
872
1561
1136
669
295
1754
454
1974
545
2023
6165
136
484
1612
3098
1
751
2943
4754
5094
2771
1589
965
2482
4695
4932
2191
2105
67
5899
2814
716
2200
2980
358
6196
6942
3003
1389
3999
919
3544
1426
1815
3095
5808
2188
2717
1151
467
2658
487
858
751
3735
673
1481
994
2565
4210
5445
483
1738
1333
3621
3120
739
5790
1247
626
1494
520
5191
3005
2127
5423
2144
4107
2883
2564
631
1027
1589
480
2548
3114
4635
2756
2175
182
4319
4002
4179
2658
2431
297
2477
6296
1457
2803
2006
6093
3557
343
3006
1652
1729
6788
4934
225
215
6329
589
618
5915
1610
5613
816
3758
589
3271
737
2961
3850
1659
2276
1773
2960
537
413
4038
1409
2759
1969
4630
109
1944
1972
6159
5657
2986
2611
456
1098
2616
718
291
957
1870
4409
805
1763
788
2551
3273
1598
1196
1291
4269
1072
2523
1784
593
2448
2621
492
197
2487
3020
2860
2446
4941
3008
2839
3222
196
167
6110
4423
914
766
4383
2492
943
1956
2717
1737
339
773
1422
2418
2554
1834
3860
3283
2298
387
3294
1334
6521
5280
455
2361
2016
3400
5742
292
2586
1951
3450
2066
28
1594
5760
4744
4491
2574
2613
3279
3187
277
5572
898
1014
2200
5910
2008
842
2517
3257
392
1386
4125
2586
3699
3241
1912
3781
3968
3462
363
2875
889
2031
585
5291
5215
935
2348
1368
1343
2277
5100
2245
3121
3953
608
4574
5689
2680
3843
3085
302
766
2564
1883
2141
1140
2992
4866
1166
332
511
1639
2229
3305
1079
497
2895
2721
1187
3242
285
3000
3616
3066
254
2838
966
2477
158
243
6770
4713
1624
1277
1024
1459
2386
1609
1850
2990
1801
1298
4979
802
251
3474
3558
3970
383
1351
5599
395
3789
1597
2691
102
225
1084
1108
6186
2648
1016
874
285
2800
1132
6399
110
4388
419
2727
2302
1367
3295
1800
3280
1331
4636
58
1152
5298
3546
3449
329
4973
3876
1745
3776
1063
5752
2715
1488
30
6182
6201
207
4127
681
2302
122
1360
2151
3013
3541
778
1238
6017
1934
5327
665
765
3180
1331
1266
2985
2822
2580
2473
4273
786
1403
4524
3797
3966
799
2765
1577
4043
3956
3903
343
639
2089
6012
978
59
1046
2860
2009
4905
1627
844
3831
843
233
2032
2830
1351
4837
1159
4022
28
206
6577
1624
1423
3850
614
2574
4268
2218
344
2036
4969
2132
527
2003
4241
624
2159
1939
2147
6053
6217
5121
1966
1626
2370
870
1510
907
1707
27
496
5062
779
3299
207
2315
24
2349
2067
868
744
1930
4169
2236
1042
954
3333
5619
983
420
5212
4753
1042
240
942
420
3564
2792
1273
107
1146
751
3210
862
987
4081
826
1943
2159
4629
2137
2464
6461
1305
4017
6073
1178
5969
591
796
3226
2038
5807
3929
1
2141
5455
5302
3016
2125
4165
1035
5862
152
1541
1897
5960
4047
6613
4572
3081
2438
316
1255
6866
3777
3278
3159
405
1146
4783
2078
2493
1266
3934
279
1138
80
1121
2333
4195
6953
1376
984
5410
747
1149
4552
722
1763
4069
2192
2618
708
3172
6178
3961
5627
3889
1945
6310
592
2323
5307
1999
1974
964
6147
1217
2573
57
4157
2170
4933
3904
1529
3380
3436
326
1129
1156
3765
4090
2236
480
4162
4402
5156
1478
635
1421
1910
198
224
4449
638
1140
307
4543
3223
33
6898
424
2834
5677
1718
3047
5695
2986
62
217
338
945
2980
1601
924
32
482
1072
1664
1998
1127
1949
610
2768
2432
106
790
958
4796
1995
350
1404
3043
2645
3606
2838
2100
1490
2898
548
4992
1393
3717
6321
1558
173
2037
2438
461
2019
2356
1511
2970
5698
2577
3639
1200
1247
2739
1881
4403
4082
3891
3021
4576
670
3466
2611
751
1221
238
4422
887
5470
4941
5647
1071
455
977
1653
1040
3459
958
85
1706
3500
1948
129
142
1429
845
2867
3316
1329
5967
4324
1479
6507
1785
1657
593
1384
1390
841
1144
3212
830
2093
1089
103
58
2309
434
5369
1
6172
3086
3715
1762
2437
4284
1371
3549
704
4828
185
2445
1611
2990
3074
4359
114
1284
436
3403
1377
1735
990
1854
1089
3286
1466
3374
5493
1311
2947
1771
6815
4313
868
4761
597
5450
3765
2397
646
2955
2074
2793
793
1328
1150
1907
2952
2999
5281
1936
741
1611
652
426
1632
1617
1746
3099
3259
2363
6132
2935
5278
6900
1525
1731
1651
6702
6726
2469
1376
811
1571
1053
1418
169
3470
2485
4222
4351
2432
3768
5984
4545
3131
462
4640
6532
213
1533
913
187
2987
866
1069
1904
6772
1062
5805
1428
3360
4470
1518
1286
5236
4826
530
1016
4381
4749
1707
1984
4166
517
3981
470
2953
3478
2815
535
727
691
564
74
1368
1713
3097
277
1663
3616
2010
4259
743
1451
156
46
5258
4181
3106
1223
1621
3686
1319
3333
595
5273
136
4686
1216
1717
611
526
3599
476
2714
3899
750
5103
4556
2119
4698
3739
4470
4448
2117
2569
6479
134
81
2639
1096
167
1833
2362
1266
4197
1722
3534
7051
5333
892
5503
4239
1843
5091
4109
3146
2057
709
2912
374
2098
2891
5021
720
2419
878
1102
48
4414
2801
633
2471
665
5707
1654
399
1864
2371
3993
931
4226
2259
4602
2193
5977
2687
2433
165
738
5588
1336
2219
4037
4346
4098
2086
279
3887
139
3385
1107
3195
17
4352
2426
93
2003
119
4613
3214
272
765
2653
1086
1788
3146
350
3502
5852
848
1711
445
3128
1681
330
452
179
1881
767
4388
463
1366
1518
886
557
5807
6024
2744
3733
4469
4509
706
1544
2367
3351
2347
5141
1908
1763
1070
282
2231
559
1729
2025
1671
651
2237
4178
5626
3556
4008
7
1511
1695
5183
1239
2568
983
2189
28
254
3936
239
6008
5447
6109
1800
851
1226
4476
1216
39
3718
2751
4860
629
3463
399
1838
3203
703
553
423
2824
503
4361
427
741
3327
416
260
2892
257
1333
1555
4716
3079
4582
3215
3069
2114
1340
2481
4443
1533
5322
1750
4739
2790
2251
843
5765
1727
6491
2172
255
30
984
1893
2335
1124
3993
723
972
1637
1146
1042
455
1478
3532
1898
742
5035
6178
3436
3101
4963
5776
1726
4659
4816
1910
621
363
2958
3533
36
787
1939
5564
96
2811
418
4316
6148
859
833
3932
2356
903
1866
3174
956
3742
1983
3750
2157
1150
3764
4678
947
1969
2908
1359
5099
2454
3846
5174
2630
840
4792
2423
2744
3361
4321
1966
2662
510
3114
2261
2538
1867
3240
5024
5490
2344
2929
6323
1268
1033
2633
1402
838
2234
6270
985
864
1898
3282
2167
451
2084
447
121
146
5136
3402
580
1097
307
2197
2581
2402
6398
2688
4900
1051
3677
1634
34
1636
4274
2789
972
583
607
2779
1289
2907
4957
5451
4179
1963
129
106
3043
1211
2377
4727
3414
1271
4862
1451
1083
4847
2150
844
1659
2436
5152
4623
450
4466
1781
34
1912
648
4165
6526
5974
1391
4244
173
629
2764
3091
1166
5
2546
4489
261
134
294
2877
1840
2692
4632
4792
2966
5603
5088
2962
1183
1037
6134
1668
792
2355
191
342
1982
1122
2047
325
6657
563
1738
2182
95
2225
2619
1721
410
3276
3185
3774
6253
4747
5286
4901
1529
3689
791
1531
971
1863
6695
2247
5010
1818
3389
3528
3411
364
3628
2242
4625
5411
572
3345
1053
1754
2836
819
2766
2799
5020
2363
1396
3838
199
2576
1626
3988
5571
2755
3991
1445
728
892
1685
245
4518
4096
1016
5322
1630
3141
2223
2837
5121
1028
1578
2635
6211
767
2883
1557
5086
6499
97
3279
2536
3629
937
4885
3350
1265
1404
3695
642
1820
2561
1337
4348
4570
739
3506
4594
4992
2170
570
463
1004
4192
3880
3096
1243
2940
3953
1145
2162
1059
1829
3551
5647
2459
5912
26
2167
3062
2340
539
5138
4497
633
2647
3646
2990
3834
315
774
1032
129
5114
2087
1653
5945
154
2743
383
2378
2729
785
985
1213
1726
2565
452
2174
1200
2050
4009
759
699
65
820
4007
457
2200
700
4586
2797
305
2583
665
2455
284
1539
1476
5700
2555
58
1614
2368
5998
1874
318
4144
2477
695
349
5806
583
549
2591
4877
2634
1723
5613
174
1233
648
934
882
778
2681
4231
545
4540
911
1165
2996
2388
2231
3729
700
114
1936
1726
2433
6182
6136
2852
702
2397
1760
1188
2581
1726
1181
1970
4081
290
891
586
128
3406
465
1287
1172
3592
5286
239
1721
293
2179
1862
2203
284
2182
6263
2865
56
2029
466
897
3671
3170
1552
4687
4697
12
836
1803
5
4359
2285
3890
2389
1840
520
6494
3087
761
3104
6617
924
6226
6285
2852
1308
3556
6942
4569
680
1283
367
2341
1073
721
1967
1773
2147
919
2887
578
2442
3385
406
934
1442
4349
196
4549
903
2163
2901
1188
2224
4997
4202
1841
135
3244
822
282
3254
5802
1928
118
2754
2799
2714
1265
2398
93
2434
4293
828
1722
780
658
1057
465
627
2382
1984
6136
3307
800
1067
476
1282
802
5739
2491
2169
5218
5399
502
15
7320
3124
1713
5730
923
4820
507
725
2329
65
4767
4998
3178
1840
5694
2407
1828
259
640
177
5106
1242
3327
4030
4564
3833
5449
3887
2888
142
173
6268
836
3786
2471
20
4578
3852
5789
2191
2881
4896
2545
145
695
4334
552
4093
17
1520
6147
361
2188
3033
3226
738
2925
1699
2560
884
5058
940
339
4377
5226
73
347
914
989
109
1457
1657
351
1749
1688
3209
2050
422
6361
2374
528
3012
3518
4154
1016
1588
6731
1079
3181
2609
1353
5011
711
113
3794
1534
3830
4531
3827
4586
3886
6838
765
4420
2462
3201
2898
2867
1530
4034
2718
2017
2402
3350
2607
3302
4801
1291
1835
2394
495
508
2561
2527
4996
6580
1417
925
3717
5823
537
1057
1621
598
975
2753
3613
1125
3997
90
2385
1069
448
5236
2454
958
116
4015
3503
1499
18
1771
5924
1245
2957
870
2293
3302
5472
1977
2862
491
671
2627
1348
3420
40
5871
3818
2925
816
9
5218
1767
2916
2260
1109
252
1623
3226
341
625
4175
858
2935
4841
5234
2560
3606
3869
443
3823
3124
1773
3454
3853
959
1857
249
1069
1087
4379
3874
2100
1451
123
3349
733
3548
1620
2724
1428
5043
1783
952
2678
4632
1133
3578
1097
4182
1703
3795
4057
1562
948
307
503
834
5347
1568
432
540
3227
778
1191
4807
1298
1602
1533
6366
34
4287
2985
1073
1026
2488
1766
4696
2293
2744
1825
5444
231
1828
654
5439
2246
1914
5946
2478
4643
2403
1489
4881
972
2531
1258
1640
2104
6041
1531
2673
1127
1788
243
5051
625
335
2549
5029
2783
1091
45
480
2498
436
1413
2041
663
1666
1083
2493
152
4045
1509
3918
1655
3231
6462
1181
735
2303
35
2413
1510
5620
5774
306
242
80
2855
4536
363
2692
3739
4464
3142
1227
6126
1593
5269
6418
3663
4887
4662
4915
4480
6754
1115
12
3596
1655
2456
5031
2468
6977
3406
4823
3600
762
4881
2393
694
57
2392
3367
124
4004
1221
2062
1199
9
228
538
1610
3463
5751
2418
5223
1125
1213
5232
720
3795
4596
1007
162
5173
4834
4950
1920
1395
3597
639
4532
2563
1669
1234
663
1583
2617
34
2291
6050
1005
5449
1867
3670
4348
1572
1952
932
2255
4759
1839
2603
563
291
5806
732
1411
3151
470
3371
463
4224
61
4399
1275
6609
4660
4492
2944
164
1355
872
1477
1806
4783
272
3609
864
1783
4411
377
292
1089
5417
2602
1699
1651
2233
2139
288
1894
2252
5567
373
3626
1858
141
4076
1419
1926
1518
5996
1626
1320
6970
802
1606
929
3586
3755
3898
1136
3162
1928
661
34
45
577
1557
1647
2253
813
665
6593
2205
1326
3382
3306
4340
2888
2011
1018
2479
3890
1601
3274
2951
5067
1222
761
7094
3635
807
6736
4653
1267
3401
4688
2079
1650
3084
1957
5722
5085
3015
450
381
621
564
2313
55
2318
2531
5040
4721
3152
5073
1288
1786
4105
1090
2744
3958
2524
4166
976
5590
281
334
3753
5432
2243
756
4701
850
392
4583
1215
159
1515
1402
5964
5657
6489
2623
5979
1241
2193
2899
4074
5573
2896
3316
2608
5607
1274
1505
4245
5589
1594
1451
5520
3401
1525
316
3283
381
970
656
1072
3494
2166
3147
181
3564
2984
2699
515
1098
2089
3794
1230
1301
1218
2987
674
2972
3099
2727
1193
129
1959
3969
3617
3187
2185
315
2077
1767
1491
2472
683
2380
2555
3189
1229
3369
3528
7198
2200
4157
4889
3831
5529
205
1573
4910
267
4031
2860
4898
61
4706
2476
65
4260
2809
1458
2983
2092
3074
360
3469
4937
2242
375
1641
1845
5810
624
171
2646
4491
4627
3553
714
4891
4931
1967
3184
420
6
2144
4382
919
999
1368
742
5371
5987
5131
2844
4751
2718
380
3909
4474
712
406
690
1879
4492
2178
11
5228
1996
4312
3692
3102
2064
311
585
6714
3520
654
4048
637
177
1324
2219
3102
5877
1163
1460
4326
3797
297
1147
1024
4277
1244
203
1602
47
2412
622
4292
1105
5333
784
5102
285
2179
1437
4101
1227
1519
1545
714
1631
3162
3507
1127
624
2007
2276
4443
662
221
2081
2741
1358
2432
4947
628
1957
381
1525
258
4611
1028
4802
228
4357
3585
152
2094
1626
2566
717
2010
4940
599
3363
3811
42
1251
296
4524
2202
4586
1721
2148
2861
1012
3454
1806
445
857
1346
5347
2106
2660
374
2138
4831
636
3460
799
828
2312
4684
5060
2622
4451
106
2384
313
2038
3707
1292
2381
5782
355
1852
1010
3676
5439
3535
2843
5847
2049
4317
2098
4172
569
1074
5019
4353
120
4535
342
1559
717
1499
1429
3292
1508
3371
2360
1242
4251
892
125
300
1181
5603
2577
3915
5674
1512
3087
740
780
522
3743
978
1034
4844
5497
28
1788
1756
813
1073
5408
781
3477
1543
3270
5372
7016
3090
3129
6659
4441
227
5930
1268
260
1163
4320
129
2854
2602
1214
5633
175
120
2118
1281
529
770
1153
876
4273
701
326
453
212
654
2172
3272
5047
1980
708
5061
1750
1004
1339
670
5024
2258
2465
647
1649
2120
3285
1506
3795
1014
4237
1702
4325
136
560
2715
864
4991
2428
4709
3035
1688
6335
4374
5330
5041
355
1788
1404
1021
2992
2947
1201
1164
780
2223
1963
1285
686
1043
1134
5975
228
1178
606
839
285
3812
2935
755
4150
1282
2791
382
4285
937
3203
1486
3545
3896
2668
4739
6826
2358
1663
1260
629
1726
1965
1355
3944
241
6972
7230
111
3938
1343
4305
5
632
2948
6487
3428
3179
1564
3387
4585
793
493
4772
4742
632
1083
1603
1355
2231
3204
4598
236
6644
1132
1786
2174
197
2134
4852
3598
3574
1506
348
6840
1603
2097
281
695
1689
5609
3703
809
1832
2333
514
806
2171
5135
620
2728
1063
3268
93
608
834
5253
2698
5345
3832
4721
2463
1035
6591
952
1835
852
6044
2736
319
1658
545
3180
1686
1634
1488
966
4376
4455
435
3454
1741
1037
3188
2172
4063
835
80
4369
4572
1484
2446
900
5612
5570
4564
710
4182
1074
3498
911
878
5600
394
4564
390
6817
4863
3880
548
1421
4594
5558
1952
4152
3807
1864
1276
1133
6260
3766
3376
1797
2172
4040
1149
1008
429
6025
1726
2576
3390
146
6766
1444
243
2253
2637
5658
2754
574
2268
1490
4442
3992
463
1974
947
2944
1028
637
891
965
798
1402
4024
2842
3463
2871
2969
1313
70
2654
852
3737
4004
850
1675
3095
4608
3271
3892
519
3695
755
2473
909
3729
1155
3456
1691
6107
3496
3399
608
3017
3724
3484
194
2651
615
4781
177
2507
2081
5398
2026
2164
3693
1544
5111
3601
2615
175
1097
496
4419
1730
256
2255
1123
1137
3290
300
861
1380
356
1266
2954
1020
1798
199
306
2331
505
2437
3430
6388
4748
655
1286
579
4450
714
2942
54
1292
1898
3720
1994
4316
1106
2016
183
1501
3291
3519
504
2450
1951
798
2318
2607
1971
2271
4213
1258
2814
242
3728
601
3959
886
2057
3528
2385
589
1185
22
3949
6631
2708
3697
4262
5840
183
2341
5070
4148
725
1700
1482
1315
2747
1640
2724
1926
964
1348
2867
1099
4614
2295
542
5605
436
596
3955
1230
534
1709
1538
295
770
2381
2557
5185
2692
1008
899
599
1238
2153
959
683
776
378
1881
2667
2175
1559
190
4504
2129
2778
1764
1672
4021
6477
3973
1021
5722
615
1948
2775
1908
6461
1200
1814
1274
50
487
1487
32
147
4480
3194
2496
217
3321
4887
1870
2284
511
2509
2491
5022
2927
1614
1865
1671
1996
6436
2221
811
2117
6949
685
1881
1021
3221
3371
2108
6358
2192
3144
1487
220
1181
977
5133
4029
6504
1620
1090
3047
558
1238
2772
874
3673
2848
4769
1693
69
1909
1909
330
1411
479
1989
4802
1414
3985
2133
2333
2060
4517
1501
796
1146
1174
6606
2545
338
214
1638
3646
3121
1924
694
2689
2034
871
1325
145
397
4678
214
1119
6053
6580
3742
718
2614
2751
2854
2858
5229
3292
3259
4169
1123
233
1749
678
261
172
3110
207
3077
1562
1108
2634
3883
300
1411
3510
1062
5068
70
991
760
909
1794
2354
2350
1217
259
5120
5363
3515
4009
2909
4463
2302
435
471
1222
498
4422
4709
760
120
483
1207
70
949
1880
98
2145
4086
2809
285
1489
4503
1592
120
1690
4534
1188
1591
305
5179
1002
658
950
839
2104
3015
5032
354
4728
3904
4792
2519
602
848
441
4982
2303
3215
2990
2183
1645
2220
2037
737
1408
4224
2670
3130
3535
3791
1045
2802
4058
3241
2313
701
971
2022
436
407
693
3170
674
2846
13
3581
86
94
2254
494
1590
2181
3476
4599
5023
468
2346
426
4964
875
2638
1523
5075
2829
441
2540
1383
2086
1022
1628
4655
2018
4512
93
5167
4065
3112
2242
3050
169
4209
592
1595
1999
2659
439
2310
2022
852
4831
4211
1976
2386
1216
6569
3644
1692
1082
1213
3524
4745
2943
1294
61
786
3962
5333
3002
2124
90
5550
938
1918
2722
2612
2074
2530
5856
2887
1663
1146
5020
5226
198
5207
2235
691
2466
55
4380
154
732
1773
2326
5928
1912
5217
1760
595
237
2682
1252
2442
113
1101
5720
700
3483
698
3997
1865
1936
4070
6130
603
1738
4998
4237
5092
686
4588
2683
2703
2224
1805
5467
2305
3691
1679
6159
1579
2364
3595
1053
3817
645
1397
3496
3841
6050
1920
2469
206
859
2104
917
878
1926
3481
3206
1028
354
3019
4159
1004
3237
1101
1713
2589
1306
6920
2623
2601
191
1801
1900
1345
3611
1007
3959
4865
1702
182
1442
141
2277
3141
4314
1927
2610
1858
4214
685
2428
3704
795
702
2342
1838
58
1618
1935
3917
2011
1859
3842
5471
1815
2233
4745
5467
564
3374
5805
2637
1402
529
4676
3750
6427
495
1416
5962
3528
205
2885
2223
1284
2097
2675
3016
2957
4619
81
5045
6100
3839
1915
219
1044
2232
1274
2190
2107
4825
4514
784
4682
6215
4736
152
1382
983
507
343
2457
1239
5844
345
3720
3989
2016
2388
2713
4440
5460
2074
3420
3780
2195
339
1149
980
2389
1004
2764
37
7149
1250
527
303
1365
1313
633
1248
609
1597
268
955
1816
3635
3824
2880
7
3773
4358
6127
78
321
3372
845
4971
4071
4934
289
2872
864
713
3162
5011
1674
1435
883
2439
6783
1707
267
6841
980
1458
227
1508
1461
4459
7261
5179
3276
4799
3663
391
2933
1024
3221
365
2034
5479
4484
195
2211
3325
2424
375
963
325
3083
1396
5018
4214
5917
4454
2468
695
1783
1180
2848
912
3089
3447
1833
3404
5960
3481
70
843
1454
5654
3806
1282
1157
106
2628
1393
4197
1450
1916
1441
6244
2997
572
6618
5108
3203
3511
4323
4643
3946
678
1692
3697
964
3358
574
1787
756
373
1715
2325
2023
3481
6047
726
5567
1734
5513
1802
1679
2469
3352
159
3349
2614
5624
5790
3846
2131
4311
644
2971
1143
3791
2398
325
1532
594
1656
3226
743
301
1310
359
1302
2752
2853
3616
1941
934
1315
6253
2144
3438
160
2975
1144
4382
1466
84
6264
2046
558
5134
1014
5663
2252
1541
2708
1515
1661
6327
5311
248
389
2750
748
1331
1406
4209
1338
1769
3049
4329
4246
1118
508
2879
46
1048
6621
5156
2586
5058
2088
2406
2147
2925
638
2636
4767
2700
1484
952
2400
2144
2722
3030
972
1880
2094
253
1820
2
3856
7187
3078
745
4822
1994
5630
1211
113
2096
5684
3035
1854
5758
1562
3090
695
1160
3633
189
906
2061
2064
5386
1734
75
6060
2870
54
950
1418
4759
3576
5769
2281
1363
4348
3602
2635
2506
1448
4655
3586
494
4652
2071
3106
672
4967
4187
4818
945
3530
3846
2672
4030
5126
2024
1378
266
5491
4503
4799
1023
6072
136
1245
1978
2131
3726
1086
3450
5115
130
16
4006
2756
3109
149
2873
4732
83
5137
4286
1854
1833
1319
2164
2755
4023
3201
1104
284
829
967
3765
4665
2528
1167
3579
1840
341
2064
1889
3747
327
2320
1508
5017
349
6086
4865
1042
4729
2475
2795
2370
558
4099
2171
2993
3735
69
3064
1609
1219
331
2068
5292
4405
4472
385
846
3517
800
615
4801
1985
3014
3609
1301
5933
5215
1769
2691
2223
2241
169
2685
5202
1859
3903
2554
1366
1115
6409
2370
1796
4388
2469
1734
3027
4080
1049
1975
222
695
1815
2029
3558
576
384
1199
2165
3789
6325
1345
1467
719
1216
3090
2508
3710
4596
1751
3987
6483
178
4799
3889
6083
3349
914
5559
99
207
18
2234
1884
1707
510
5042
590
1312
2620
1645
728
3070
4575
275
1726
3533
4023
1774
1746
2020
4520
2513
1796
1368
1570
4514
371
4918
632
4998
3421
4142
536
66
1986
3426
1021
1419
1234
1669
683
3918
3443
218
2887
1262
1521
700
2380
392
3806
3285
536
1295
4668
2683
2362
1023
2883
954
2201
5073
4305
894
6332
4053
3470
1776
5102
1956
5918
2465
828
612
1004
2502
2136
4689
6651
6014
1556
3698
911
1735
3101
4991
3252
5966
3
1057
752
4056
4182
1961
5669
2194
664
2334
206
1487
1316
252
4126
2432
2474
124
2404
1218
2999
2362
2709
1602
1871
2642
1399
4724
2413
4366
2518
1112
4486
4941
3084
6989
1166
3067
5599
1971
445
168
3385
332
2660
247
5175
3284
2340
2137
507
2857
3128
2955
5614
4849
1434
5624
96
2183
1284
362
522
2727
3029
52
858
893
6457
690
222
6448
449
380
4205
3254
1495
4440
1972
553
637
2068
790
1657
1864
197
1979
1914
4
2331
5121
4221
1271
3067
6655
999
6656
12
2460
1183
2953
1006
5112
6402
4030
1284
79
2767
1710
1950
2983
1698
583
2338
2452
379
1633
4745
5510
1081
435
4627
3989
2060
46
818
5163
3835
46
1595
4453
5862
3016
1179
7029
1784
391
210
1803
2807
5850
869
1909
3059
1250
4724
2879
5662
69
3977
3017
4992
2086
881
1816
1645
4887
2236
1945
3921
3596
2485
964
3329
403
3188
181
3333
3735
1808
804
2602
1415
3992
2684
2103
4744
3497
287
1608
3553
2345
2478
4074
1635
5083
233
2247
1209
2934
1674
5116
1215
978
1289
1067
3490
3797
529
3991
5002
2563
5548
1771
2264
2324
249
4285
2125
369
1785
6196
2835
2275
1935
4201
5035
5845
822
3989
5751
1376
1372
1622
2694
3618
1876
974
3304
1399
2440
5789
2940
1770
482
4
4021
1798
1326
96
1197
2036
845
5240
1324
232
51
4593
3761
4441
6831
2891
240
1721
1733
2820
2477
2622
5104
2974
5768
232
321
3599
3082
1345
782
2334
1129
5970
632
1508
6019
460
4255
1196
2041
460
3832
303
1468
2049
55
2922
274
47
2751
3581
699
311
2076
4435
2479
6279
2548
1307
4038
4066
129
1077
97
737
1203
886
960
963
231
5551
283
6000
1383
834
1340
2485
1367
5274
1135
1938
1645
1279
1204
1595
4942
2460
2538
892
2447
3254
4895
3801
4479
1721
2619
1497
1879
1524
2801
1887
270
526
6556
2106
3972
5317
1839
4436
1003
4580
851
2879
5651
2739
299
1683
4844
2735
2831
1182
5024
1957
5863
7361
2383
888
350
3361
5254
3716
39
3598
1442
1953
1565
1869
13
4558
912
2949
794
848
133
2433
582
944
639
5648
2586
2581
398
1700
767
634
5810
2273
207
4832
1850
3886
5922
2366
689
6391
2544
1560
1151
1174
824
428
2031
31
3871
4353
2315
1457
1771
5329
3425
4651
4830
1929
2326
5178
3587
2077
3277
5504
5571
525
719
537
573
1050
5926
2592
4408
1882
2917
1504
893
2091
1071
1687
1246
4668
1158
818
813
146
4575
6139
2163
1970
2961
3771
1299
1138
1494
2329
1062
5812
2714
1406
3852
2889
4858
2101
4980
2683
1897
2831
415
3226
1971
6645
3077
1709
4962
3770
5182
3263
6386
6172
3065
547
4603
4026
611
6847
3989
4388
1338
54
1817
3100
289
2533
2052
5806
1551
2496
213
3010
2303
4017
247
1040
348
4500
3171
689
2004
1598
597
595
107
2586
72
2560
3885
1524
5540
1326
129
886
4308
5110
6888
696
1340
795
3770
2115
934
2298
2984
2356
1845
5895
1133
3004
2414
806
1288
957
4898
7029
3357
745
1204
3622
2730
634
1238
328
2132
3420
3677
3517
5214
1480
3069
831
175
954
6578
3550
4888
1180
4139
796
467
2756
982
2231
1115
1863
932
4997
2386
6119
2364
1664
1459
3740
520
992
421
2929
1738
2149
1119
2937
4429
4533
1261
520
48
2483
263
2687
4208
5184
807
3365
2492
616
677
5255
2292
93
1026
67
1618
1401
1675
4570
9
1038
4504
1865
1466
3000
2321
2623
5205
5783
433
539
1812
1136
5433
1793
1143
3858
2071
3574
2479
409
4129
1610
5845
3402
5154
4915
2266
644
3330
3671
2993
1985
1337
221
2377
1081
2135
1340
2488
2204
1142
1566
409
2830
6138
763
3162
3363
2395
5619
1593
44
331
538
2619
382
505
2893
1376
3207
5510
2148
1206
1059
1020
5961
2172
502
5507
915
483
1887
730
1371
4649
728
2290
264
620
4933
62
3737
5388
4720
1129
1899
726
3689
21
447
207
383
2235
1312
1362
3124
4207
4903
3161
96
5426
4630
3582
625
2239
3116
2236
321
2089
2685
5371
6791
253
3064
3644
2108
3544
3899
1767
2003
2647
1186
4
825
6232
3612
1595
848
2452
674
3575
1250
931
544
106
1853
2297
5451
298
1352
715
907
3832
1927
2866
2359
1140
298
3716
1830
5527
5976
236
2038
1207
4009
3824
4627
5286
4071
2646
3227
76
6779
2276
108
614
5879
4027
854
954
4837
294
2022
321
408
3064
1979
1392
2163
355
4044
766
1272
4431
2669
2634
3229
698
687
2961
4654
4278
173
5290
2126
1615
345
2018
4952
561
5732
1779
85
2062
2179
2023
3723
2206
579
609
880
3467
202
682
232
477
4248
1036
258
204
3963
1892
755
3697
3182
5754
2322
1156
1887
4820
2913
2072
5338
5510
2156
5477
239
5359
3849
166
432
2287
1234
340
1375
2551
5221
3879
799
2071
278
636
64
5212
4632
5119
2837
2825
4171
3790
454
1785
2110
385
120
1269
4797
1550
2298
4487
3032
3270
2567
67
522
471
1754
1704
636
1740
2600
765
2993
4297
69
1322
86
2087
2294
279
683
1590
2879
2518
2419
6382
73
1762
1957
3057
3574
3203
350
1689
935
18
1286
4595
4153
80
1909
210
3321
3588
994
1735
9
1267
2289
433
3963
910
4855
191
1095
3683
3627
5069
4662
4103
3465
1743
3628
5277
5653
3879
2615
2884
5725
4333
4063
836
370
3896
6367
1840
1216
2550
309
1193
279
1863
2181
1880
1703
275
2522
2396
2908
743
2027
7368
3218
4129
653
770
1642
2070
2190
1103
235
2859
957
6394
1023
754
4066
4231
903
1298
936
2451
2600
1082
118
1234
1986
3949
2164
3981
1315
4936
4518
788
130
1807
2584
1060
2631
4191
1559
1730
3558
215
1627
172
2434
1538
63
5010
4899
1133
227
2021
2846
6071
1345
158
163
513
5187
1457
2052
1122
3076
667
664
3815
2593
5493
2906
2766
2623
99
1637
467
1408
2554
828
5921
3757
2349
2505
2333
4509
2512
1157
215
2863
383
5718
5898
519
3749
1268
2689
1061
4201
1516
103
4403
3546
1771
3253
2262
2170
2233
3955
3398
3558
4149
13
2810
2625
1216
1694
6139
691
5876
2195
6240
4872
688
2542
2514
5948
211
4869
5114
274
4536
1382
3224
3473
4690
572
899
251
2022
2017
1769
2474
1933
5167
2514
825
2923
3006
6007
3277
3208
1772
1652
4268
2715
2230
5242
4625
2172
2432
5623
3651
1424
1506
4253
3578
452
3417
441
3200
699
2225
851
3729
269
3430
4592
750
288
1457
411
3935
1522
2025
491
55
5641
5217
624
440
2573
2018
3530
957
2232
480
4267
69
1755
2321
208
162
3685
157
968
3459
1143
1131
1214
850
825
745
1191
6401
1125
5739
418
4519
1284
5711
243
868
3286
4543
1774
3207
1980
2199
2475
2864
1386
183
4699
599
1449
5756
3279
4844
4600
822
1843
6592
2256
7020
5942
413
2574
1238
2265
1198
1192
2402
3005
6812
2146
3572
620
646
128
2447
90
79
1558
1070
5154
1655
1328
3242
603
56
2135
264
3330
3455
967
462
2333
4051
3212
3263
2631
5911
599
532
627
1339
5630
1633
2308
2662
4823
180
4893
2701
1253
578
4552
1444
412
4058
827
2988
146
4031
4362
1529
375
6707
1323
1512
965
4176
1056
119
3467
2099
3026
134
5261
3681
2500
266
4960
2294
3021
3611
2264
469
2124
1789
3115
2647
452
5770
4445
1398
1088
5427
640
131
242
2432
979
1931
4326
3463
2389
120
4753
3807
88
2273
2127
2999
1766
1769
897
1866
3766
5725
4824
3274
796
4680
2514
4408
2353
4549
4464
719
5346
3852
1557
3583
369
832
6389
1992
1409
3945
957
5686
3741
994
2350
107
4134
2113
775
878
239
322
4797
6502
2490
1032
97
744
5475
1642
5238
1153
3097
3424
4336
467
6293
5360
817
1637
4642
5700
1928
1326
3687
3052
5911
4408
4357
5178
1344
2254
1100
3043
315
1653
1508
1230
3396
6877
511
703
530
2061
1744
1715
158
2586
947
2098
2982
1524
4299
2696
5471
805
2812
354
3050
556
3612
2134
3669
4606
881
3314
2688
429
3649
548
2424
2977
2446
1022
3424
2106
1741
1120
1069
1457
3142
938
3665
1597
169
4712
5175
5257
927
489
1168
4568
701
5782
161
874
4790
1928
1029
1611
1197
1498
1250
3085
3741
4758
1381
3825
210
4575
1566
414
742
1731
1611
2173
3841
2102
1722
2262
1232
7047
3654
1625
4959
1829
357
6049
2780
1778
1913
4954
871
460
4630
5387
2922
2281
1937
943
2832
1835
2199
4178
6567
892
6925
1721
4742
4458
24
1631
2019
2907
5716
4084
15
2641
4931
3527
1740
981
2021
887
3343
3449
4839
6643
706
6386
5596
123
5740
1440
525
1947
563
312
1835
1843
2096
2522
572
2625
2888
356
290
5668
1813
1319
155
550
2607
1872
4734
145
1788
4700
749
1573
1679
1705
2439
2118
4749
3082
6088
837
2656
2241
200
4669
6160
1921
1638
1219
660
4855
3896
1424
777
808
4918
6395
4177
1953
1284
1025
2984
4451
1193
2105
4162
1391
356
1456
1580
2669
3840
1723
1077
677
243
60
5069
1766
3822
3894
2306
1906
3477
3233
932
4646
6531
6755
2265
1266
4187
5645
6500
4961
1692
1319
4963
4149
2883
2313
1011
2493
3171
2951
2140
2901
3493
751
1774
2469
2278
1614
1034
2691
5776
2150
2977
1361
1760
1777
3921
1371
3240
2324
896
508
1462
753
4373
290
6086
302
698
2547
2248
5878
767
966
1150
3080
5032
518
200
5863
2653
1034
3035
5508
5501
3000
1494
1550
50
1642
645
2454
5089
4464
652
4785
6208
4826
1874
3878
4011
4432
530
4147
742
3022
5237
765
1280
2846
389
2086
3527
145
362
2622
6380
2371
6160
470
5006
888
1226
3873
2364
2298
4378
160
3685
229
535
1437
6812
3466
104
973
4924
4688
4273
205
531
4660
5491
5550
3308
3743
634
4853
2688
3096
5393
2116
3112
51
4568
3525
440
6205
4538
1762
1167
2920
21
5951
533
869
6504
629
5657
3350
1547
772
4869
3292
4114
1040
441
758
6026
2557
874
422
3196
2666
3999
2456
4891
2034
3395
5154
549
2543
2291
5346
1113
3359
624
1454
4668
4518
5485
224
1794
4870
344
1192
1720
250
1669
2013
3443
4101
2551
3411
3074
1846
2048
2789
1857
4
386
298
2080
2646
1069
279
2746
1303
582
5247
2650
1319
3018
1597
3423
3300
1852
4209
1993
2378
2051
3213
2102
78
3707
6308
4270
5652
2065
1010
1107
604
759
2817
662
1799
5922
3479
2500
654
3033
1594
942
513
2228
3485
3217
1073
31
1321
2208
793
4554
4383
1849
18
155
2773
2195
2786
107
4674
1189
2673
657
3535
4150
530
489
4402
100
2049
1370
1037
4170
2456
1355
3024
968
2479
3403
3151
5656
4460
257
2233
3327
77
991
4989
136
3390
2018
4012
2959
4965
542
6374
3492
857
2894
1803
6111
1786
4805
1601
3870
1488
1277
844
1705
584
165
2810
4303
400
1856
581
409
4469
766
4522
558
2990
1110
2569
2815
6286
1012
2876
3127
4215
2514
1110
1889
1688
3749
3686
3116
2492
2122
1532
4330
1959
1964
5082
3455
872
472
606
176
4911
179
4982
4851
844
3168
831
5451
609
2208
2445
3758
3822
6483
4718
3254
1169
2143
1314
229
1609
401
72
1033
471
659
1262
4450
5320
762
2889
284
1658
1043
3012
588
4507
5144
6607
6124
3304
4937
3907
752
3248
137
2303
2568
195
5922
3191
4150
1452
975
601
5797
612
467
178
4372
5410
1551
47
1180
3295
773
5618
2374
1902
4312
851
4169
4993
1278
2449
2035
4503
536
3765
1440
5338
5949
1527
2641
1256
2445
5030
1595
822
5373
3550
1038
3313
4515
1841
2783
1024
3918
1242
607
1048
33
2996
3447
4275
4650
1144
1636
3174
2565
2809
2734
1414
3243
1641
4977
1398
50
958
1007
783
653
2441
1460
847
4529
568
2577
284
1343
410
3884
3636
5445
5138
4323
1679
757
3768
33
2689
179
2011
973
2305
183
3305
1215
4195
2802
151
2335
1489
120
5149
1125
3123
2607
927
4778
2971
341
1647
506
2945
2663
2745
2047
3544
1512
4392
539
2063
3400
2734
432
4257
1938
2168
408
1023
2372
2501
2734
1545
4211
4188
3953
2710
4054
374
31
6278
1333
3864
2172
3256
2186
648
910
3588
5569
291
2208
3224
723
1022
3125
1146
1727
4375
1560
15
1444
6845
513
2738
3638
1801
1463
2841
3998
971
856
1539
2907
2601
2181
1910
1949
1786
593
637
506
4963
1871
6123
1575
4749
3977
2592
2965
2225
3278
1851
113
1697
4316
5006
5254
4625
48
1562
2578
3838
2071
377
500
810
346
1998
518
171
424
2806
1182
6064
183
1322
6603
4511
1987
4182
3628
4274
3425
1385
671
2032
2939
283
5109
1534
3284
1070
1095
4373
6761
3115
217
1204
5778
1555
3447
1133
3769
4381
3852
1244
6248
3962
5524
1644
2927
140
2593
1949
2095
2441
4353
5106
4517
1419
2630
2856
6182
1082
1724
595
616
2459
97
1776
5615
3955
3120
1896
1587
1789
4535
5773
5810
2817
3907
591
2533
3183
2571
825
3160
2051
3179
3833
910
4791
4951
1682
3751
1219
1601
3105
1189
1267
1156
5251
7130
2
4178
2216
4186
1005
2694
3048
1189
994
105
2180
3298
1545
555
408
312
3344
6043
1727
4717
1451
1933
1475
3302
2674
881
2504
982
994
42
2462
1118
5509
3075
5470
912
2072
4220
3511
5731
64
5592
72
2751
2786
1724
5922
3113
3922
2991
3900
4797
4446
3628
1109
780
3406
5548
4036
724
1784
2572
1631
5437
2631
3716
1426
429
2633
2588
5332
3954
3588
3601
2040
5821
980
1910
1458
614
2696
2291
3784
896
2949
3734
290
1572
1199
4016
3015
3284
2026
1524
4179
1549
2929
2992
2498
2898
4526
2394
3436
257
896
4931
1010
3161
5185
1165
3257
2032
2916
2980
1091
192
6535
484
2509
2914
4918
484
6670
2534
5849
5415
20
4575
481
2429
4193
1466
2073
1050
1180
2657
3328
702
5819
5666
1470
4873
4014
3200
3375
3506
1688
1612
802
1258
6142
2228
766
3657
5885
2585
297
541
2471
1375
2120
604
3177
111
3121
2747
337
2463
4218
2474
524
5003
1333
1463
1644
350
2257
1851
1416
3445
2889
2311
95
4086
3292
1438
3039
3643
2571
1187
1958
5255
4673
5867
486
5719
4217
3245
19
225
1587
6690
5426
2169
127
5582
603
4309
2512
1785
1327
3418
1105
4889
3489
2370
2167
830
435
825
254
4498
2919
795
736
4707
2037
5024
555
4036
2926
2230
2737
3087
1328
4221
2441
4445
1682
3273
3437
4391
2939
3429
3599
530
1120
898
6742
3092
5725
4565
2093
5058
29
5774
2060
4283
3108
1037
3547
1279
715
2062
6666
3737
5292
1693
5651
2262
1546
3395
70
4305
2464
563
1113
2431
1944
1482
698
2908
5788
1638
1296
394
2547
4776
2442
1528
261
5756
3893
3802
5003
4223
131
689
733
2808
579
2113
2742
5318
2612
122
6235
2116
1304
5710
4335
2805
2637
2727
4836
1576
3380
1558
1685
4180
512
741
568
1682
763
5673
4565
1181
4511
322
1556
2171
690
1169
3340
4506
682
72
4570
2712
736
6106
2146
124
3693
3085
1090
2836
6821
476
2610
2226
5695
791
2585
6364
2425
5218
704
3074
2486
607
4563
1366
1518
2009
1087
881
4337
2458
1631
2314
4912
7139
6636
330
2282
1345
2649
6657
1703
4997
4952
1788
3110
3978
411
5222
828
5708
2323
5603
3182
872
2930
4143
6581
789
5320
2262
1210
3138
2498
1430
5016
575
2547
516
173
222
2273
488
2273
2456
713
1993
4168
4659
373
3986
4518
3680
2571
2167
2254
75
3446
1406
472
4033
1171
5183
250
2833
4097
294
1006
5897
439
731
1099
5081
5124
4163
394
6743
1866
1548
1328
93
2319
5839
263
4271
2370
5
962
5331
3380
4680
502
3803
1333
4484
402
1860
1446
342
5978
3083
2532
3526
2882
322
1741
1401
1374
9
2084
579
5675
1350
339
1838
1161
5047
116
5750
5221
4106
3423
3466
48
359
4571
3371
2153
2230
1945
2460
970
1339
3848
2963
2555
3508
3473
5765
470
265
671
5291
1283
991
4899
2835
2769
3220
3271
1714
5603
1670
1205
4467
4842
620
2682
627
4060
328
2992
2738
215
3850
1296
457
3745
1682
683
2581
4580
3647
2482
490
4078
3140
388
2832
5123
1088
2357
1065
325
2406
2081
4033
300
604
2893
4110
864
2326
1505
2058
2902
2383
1090
5354
1026
53
2477
6586
1924
4279
3513
370
918
3351
2514
791
6135
603
273
3541
864
531
5750
700
3908
2313
429
1929
5986
5495
4413
3480
2396
1710
2591
3948
2366
133
1304
1474
4252
44
3899
2296
1107
985
945
1044
3059
2640
3487
2890
2390
5129
84
5171
3319
2219
1681
1734
4146
1621
317
1161
1707
3385
1488
830
2029
2143
2006
242
583
3050
3684
2131
3372
623
988
3258
437
1298
4795
1590
4783
1950
2058
166
2238
2342
763
3478
2120
6026
1160
1550
508
936
5718
4083
1092
166
5566
3333
2112
4073
2019
2646
2207
1980
270
2451
2781
4450
1157
3659
2164
4807
2885
1544
2769
5779
2345
2185
1947
3101
4783
4271
3756
1380
2089
2034
212
53
2151
1384
2161
5633
6218
3974
889
1959
3329
1951
130
4067
1606
4853
2629
2777
4818
1927
1274
2012
2994
6022
1624
4642
2881
1833
442
4227
840
372
2647
983
3622
2623
4977
1877
3485
2224
391
2994
2685
503
410
2370
5437
1272
765
1087
6650
1419
3426
928
1313
866
2774
2728
1489
5502
330
728
5307
3638
149
2541
1881
290
3017
3775
2711
4039
3685
3362
425
1563
1487
4692
2471
1163
2249
253
1030
7059
3538
1345
2829
312
479
566
6491
589
1947
24
4144
3433
2921
479
2172
1480
885
6407
4055
5308
2390
1751
374
5458
4193
331
3926
5030
1362
1553
2637
794
5232
5002
6039
1446
2107
2920
2451
3038
2804
5283
2547
1081
230
657
615
2096
2544
2103
1825
323
2240
1529
2635
1957
3341
687
1897
2631
231
2159
5145
710
2017
4119
3442
1768
151
343
2626
2446
2201
279
2975
2458
3603
3075
2240
2557
3741
881
4661
3340
4133
3638
103
1054
2017
916
2363
87
3191
371
1024
5585
2996
3900
1502
3555
1723
588
2214
4898
15
1976
3691
5671
3180
3265
1142
3489
1418
4924
1798
3258
5338
987
1434
1453
2017
4397
3359
684
2619
2859
1836
1291
1109
721
825
5811
3395
1855
6688
1811
2670
4919
4349
664
3578
1729
1560
4606
2131
1453
4319
982
2458
5225
2950
3605
655
6687
89
511
154
4403
62
1428
1226
3107
613
518
549
3474
1523
1759
1695
440
2357
1389
1928
1954
3466
1788
364
5867
1252
5721
3634
496
780
3444
41
5494
4388
2796
1124
795
129
809
705
332
526
1851
5766
3439
3276
1847
5087
2763
4628
6025
3637
5745
157
752
2327
4080
1361
2706
2973
1400
5174
2011
4346
5094
61
275
4059
1428
2341
4207
2624
1327
285
3926
1610
283
2754
4263
3665
593
5331
3599
5857
1355
216
5196
5000
2021
899
3037
210
1326
186
3129
3837
960
2116
2395
4028
1014
2079
44
5347
3997
4169
422
1698
2046
6707
4718
2892
1134
585
4205
5193
4286
817
5808
3402
3307
4173
6028
2670
1609
5429
1114
530
3357
5004
1038
2792
1566
599
633
2356
4378
800
1120
3556
4384
3983
133
1376
3697
883
991
2427
960
3620
1116
1773
2439
1006
1537
1521
2988
3959
2424
4637
2436
3195
1955
59
4320
3619
2494
4470
6223
702
1457
1808
837
978
5
3185
3484
2448
2341
1578
3105
554
1660
2859
451
7044
2882
84
1531
961
2416
484
5816
1170
128
4941
6113
538
1395
2076
1907
1866
921
3539
770
2198
2525
188
1541
2201
6419
4836
1177
5451
3099
377
6477
6699
3577
1869
1467
696
1204
4577
3611
402
1684
2006
2028
5339
2653
117
4020
2497
2041
3388
1690
2720
1116
3191
3743
3949
3287
657
4988
917
463
1412
4990
1431
1354
3522
3894
2072
411
4602
4927
4265
79
1567
3116
1941
189
2075
1297
4700
2763
1391
610
3818
2032
2544
5718
1176
6005
46
5221
1974
2135
1019
462
3096
6167
3671
2221
247
5503
1351
4272
2076
1706
3960
96
2329
847
6054
3026
4771
4140
4050
1151
2002
3657
2406
4634
963
304
3308
5213
3721
195
1035
1814
2770
3745
1866
1132
3708
2606
2754
1467
370
2337
77
6151
1872
1031
845
2692
2389
822
1673
1032
1106
127
1803
1054
1708
2271
3304
159
503
3261
2438
1996
5417
4811
1387
1793
1896
2774
4514
2775
257
6267
271
566
891
975
1567
2569
1878
1065
2996
2468
571
4481
2490
3951
2776
752
1407
3855
5123
1425
1945
613
2192
6003
3012
323
1211
3118
2564
1985
2944
791
1876
3013
1508
1832
1538
627
6277
4714
924
4320
861
3119
4219
1978
1269
1645
1633
2273
342
240
2063
1676
2181
2876
3109
3960
400
4523
1836
3384
5504
531
1117
464
2956
2058
3481
3524
606
847
3965
5161
4191
3236
5301
668
576
2075
844
4775
267
2186
6314
743
1881
839
1739
5681
576
4348
1399
1022
2881
1151
867
2180
5945
46
3370
4459
1666
831
1212
2077
3874
1986
99
571
5145
561
2001
1003
3115
1090
670
3487
5804
3954
1100
1760
3818
6822
2942
3003
2545
1462
2703
1691
1215
1863
280
800
1611
55
330
441
2
229
2644
1395
1142
1155
1258
1696
1372
6039
1166
661
133
2151
2768
5015
1590
4977
2794
1490
4520
1289
2991
3605
2144
4375
397
1687
2196
3773
856
1508
4981
460
3379
5733
524
108
3964
1111
4649
956
192
4181
4826
4500
2303
353
2930
6197
449
2673
1054
2192
4174
4767
1328
4418
5200
2728
5744
2417
171
535
817
1352
4339
2825
938
6720
4537
652
1587
976
386
4708
1439
1387
51
1128
2747
3800
1587
1453
3083
6441
2032
2414
3662
2176
5377
6371
602
3640
1098
1125
2956
5336
3934
3524
1147
3245
669
1416
2717
2171
1327
5259
2242
1873
1468
1130
513
1451
2504
2439
2871
2143
136
347
2380
581
1317
1044
2406
1784
749
1445
5413
2373
2896
4528
6667
3080
2535
1843
4602
1838
5100
624
2244
322
324
1270
485
798
1343
5176
4302
3142
4100
2712
3671
389
5637
1814
2251
402
1468
1161
5650
658
4542
1155
2308
1350
3890
781
1517
958
1194
923
2043
708
42
2597
5607
450
191
5377
1103
1243
5158
2430
3249
2350
1460
2288
4619
1981
2879
2172
748
6806
1033
1523
2934
2035
2627
3928
2784
2291
3677
1823
3963
1372
3301
1263
2170
411
5401
1487
4468
4401
2229
2826
2527
3394
1814
1284
2365
3973
820
1054
4879
4866
940
10
4098
5694
2297
4058
217
1477
8
3263
5670
791
2481
5884
991
6394
2580
2591
1008
872
2752
2704
3572
3511
932
2925
72
3461
2088
148
214
2652
2283
1887
1341
1197
3263
4986
5229
640
1880
3972
1256
1353
5406
413
409
1966
1625
1036
564
259
2425
1636
1267
5151
2974
2540
2919
5089
2689
1284
2579
1346
2810
4266
530
2943
1445
1081
5049
647
2822
704
739
632
2031
2888
4806
6995
254
6768
4306
3025
4886
2685
3350
984
4234
6598
59
3165
1961
5414
1787
341
5277
2121
4254
348
2114
1625
5190
1786
500
2665
3475
2662
2232
544
2092
6608
168
31
4250
6895
1546
964
2850
1214
2076
205
5234
1596
4125
156
1980
6537
4476
1554
3189
1407
1274
1799
5817
1511
469
1668
413
834
2915
4844
6132
274
1383
439
3374
2363
2453
4207
2586
355
4582
664
2521
3718
1479
4737
3321
2933
582
1916
3002
1278
1227
2159
3174
839
6512
129
2838
702
2922
306
141
3276
772
2349
203
1099
271
5714
1930
3080
4474
1779
2748
5470
3246
1170
141
1874
806
405
2108
4102
2231
2942
1747
1160
3113
3466
5966
1394
663
2827
3322
5508
1567
613
3514
1598
2670
3789
1076
4606
214
225
6555
5442
3009
1110
3349
1688
1637
661
2242
403
2559
1174
101
4203
255
114
766
744
6822
4041
1718
4303
2710
2114
5090
2046
3640
1864
2484
486
354
6762
1050
5755
374
2726
1794
2620
1985
2181
595
924
3929
3131
4174
4982
75
2694
207
4272
2414
2977
1586
657
2930
2512
245
533
1796
1855
588
3576
2787
1347
2445
4593
517
394
5148
3545
2269
3413
2594
5666
357
574
1695
2762
6982
2437
4798
3199
4464
4272
610
4322
2509
182
3395
2071
1998
3144
1372
1460
91
6475
384
1660
3771
175
3734
2793
1792
702
2484
4274
989
1181
1094
1481
244
87
4195
1309
5146
1808
2800
902
415
475
898
3148
450
200
5779
1739
6207
3611
3392
6963
5603
3954
1828
186
700
234
880
1444
2397
1132
964
3565
773
4980
197
2905
1567
4927
4231
3790
4157
920
1445
100
5956
240
4224
5373
1071
3305
2584
829
3410
2169
4432
1151
3932
1768
695
140
3602
285
2147
5054
1766
5394
913
1668
5388
4613
4441
1196
3634
661
274
2867
2074
1890
2083
5906
2971
1583
303
3219
177
3197
1695
1235
6775
2561
945
3409
4394
1876
3715
1707
4663
320
6280
2745
651
920
410
1944
1234
1657
323
1509
5247
482
2991
4506
1902
2733
254
4400
4869
3202
2448
1187
5859
1084
2072
5437
6301
4122
2995
5070
3319
3737
1630
632
44
2926
1358
4660
340
2139
668
4245
287
108
112
5153
4589
2235
4052
1758
3557
2279
908
987
2300
53
4991
871
1621
2908
4546
1180
3827
3719
561
1377
294
3876
4120
30
6405
1373
241
5466
2092
27
4223
2794
806
761
6231
4063
220
510
5208
3319
439
2318
74
21
4471
2251
410
635
610
1291
1430
3325
5451
3856
723
3463
1965
6584
3627
1784
4065
3817
1167
1266
1015
4334
4219
534
859
89
2995
5448
3950
4297
1761
524
1501
103
361
5773
5852
588
1141
4434
98
2387
6668
1336
6564
38
3485
4130
2654
929
92
1408
279
501
3201
331
629
1558
1198
426
269
291
2151
1431
432
1339
1641
2444
2233
740
6771
5854
2722
894
1486
5108
453
4061
1593
1543
5648
1447
1037
2132
4708
4107
3713
437
873
3907
1138
2619
229
13
3014
1890
297
178
4698
1923
3570
2827
828
685
970
1543
5983
3187
695
822
2956
1657
2937
4013
1389
3198
12
935
1019
790
348
4700
4692
611
2340
2634
939
2187
525
1510
764
1029
664
12
4170
3199
1256
1709
3876
2291
912
4406
3341
199
4429
482
2287
2806
2972
2052
7001
352
2743
10
1109
4845
3344
4280
571
1560
6581
1641
1140
3990
2803
5394
4176
1728
3045
3907
3158
1439
4459
1293
4710
922
407
173
5501
1407
2336
917
2346
3574
1840
6976
2350
4670
3245
1644
3941
787
1107
5892
1092
1320
409
4758
3903
2468
1555
1532
634
717
3145
1796
5003
112
4947
3079
137
333
3461
394
1323
6391
2405
3538
3857
15
426
3026
3321
551
3913
393
726
836
2750
230
1594
3038
399
2763
1665
1277
173
2878
1209
2129
5069
1060
3578
3042
3642
3177
240
4577
540
3607
1694
1817
5919
3632
4234
3885
2517
1244
4191
5427
5336
4014
2417
1795
686
1913
2078
2303
6446
5431
5516
1258
6942
1720
3027
3140
3393
380
2485
3391
1014
2897
1656
378
4377
6760
2364
3148
6056
296
5070
739
2357
2342
2492
1756
1830
1192
453
5441
3060
4279
625
879
483
197
36
568
477
1181
213
3610
4868
2274
4906
2086
1317
3951
4091
3967
1545
3425
516
941
5080
4452
1139
85
2420
4628
977
3255
908
202
335
338
5440
4555
1796
1710
3211
4517
2429
3497
4223
3554
4845
268
180
2855
4144
2503
2001
804
3488
429
2045
4902
2316
2528
960
822
5410
535
849
471
2914
6962
1960
3383
1156
2005
4524
3589
4577
4635
240
408
4241
4694
1003
1553
1693
48
3269
306
4683
1033
1641
3266
2917
4821
2439
6520
1735
2507
1567
1703
566
4348
6224
1052
112
4997
3909
4727
1355
1113
5865
2174
1825
5
869
1125
3910
1860
3684
1711
4842
4605
5136
2302
6425
2858
3397
2018
4834
424
570
2190
4158
1126
1866
757
5655
3582
321
6
217
2184
1246
3003
1817
2037
34
3786
2705
6429
1452
44
298
556
745
3272
354
5002
1535
1137
1525
4512
988
3174
609
981
5470
6429
2555
3104
1285
1518
2622
6157
4021
2534
1530
1616
1334
4367
1717
1524
3184
809
567
332
3720
2575
104
3194
6161
388
5365
4423
6188
4446
60
4800
4258
849
6137
3747
1570
4622
2107
5317
686
286
1511
608
3711
4702
4378
3022
307
1139
582
1093
5056
2011
1339
362
3306
1660
103
4142
196
6108
3621
5751
4538
1708
2724
99
982
6076
2560
3468
326
2502
504
272
568
3673
2160
5752
2062
4531
518
4296
3945
4968
5211
5829
223
5073
878
616
2281
1157
3239
4105
4976
2187
4571
13
1026
8
749
4965
2785
5089
687
24
3602
4312
2131
1604
3987
1729
2994
3178
574
3388
3134
1386
1600
3491
5283
645
1351
1838
574
3722
1186
1589
277
3303
460
4812
820
2198
3389
2447
1630
1838
330
1458
875
4845
5601
5398
199
1239
3176
4305
1935
5222
582
5827
2514
2157
3845
5103
4360
669
1347
3161
4529
5
4095
1010
407
2348
1510
2335
2383
4507
3129
5688
1068
3732
4179
1578
3802
2538
2272
3498
5393
585
5724
1941
3926
3015
2905
1483
1469
4366
459
5396
740
920
1303
3580
798
792
3692
335
3695
3575
1106
4526
4897
1970
444
967
1435
4187
3146
1996
529
2907
2100
3722
5331
3532
4077
3670
4043
1752
816
3552
5061
3586
2553
1289
408
3293
2535
6034
1033
488
1355
2078
1788
1710
1364
606
1266
456
1858
2199
1442
4071
553
3102
2147
806
1157
258
6047
288
820
613
6
3936
1115
4728
608
537
1430
1804
6491
1595
6645
674
4349
1729
185
3200
359
4356
6099
652
157
4983
5158
432
805
1517
2239
1762
2540
2647
3008
973
5573
3140
2991
4079
1538
5118
5681
4012
1314
6594
836
1100
274
1404
1542
4793
570
497
5531
998
1178
2216
2558
4404
4614
2689
600
6694
5617
1108
946
4043
1763
93
1169
5494
1568
4285
3068
2257
6730
2400
2396
4426
2925
3106
4083
3339
4441
2134
3300
285
4568
2280
5775
193
4625
2817
2393
4968
1184
5892
1128
3581
290
359
1390
1514
51
644
5748
5702
2803
59
712
6273
4412
3471
3902
1125
238
1540
1866
1502
4914
6262
1469
792
3020
1936
1712
598
4352
2797
2849
92
768
1284
1626
4237
1392
2001
23
2721
6649
4101
679
555
1178
648
2228
5809
5935
1095
3229
1127
1047
334
4080
2206
5714
1614
3285
482
2263
4201
2364
3287
4258
1722
6413
1834
1969
3133
314
197
850
1692
609
232
845
554
6034
4906
3383
2747
3059
6140
1330
5510
2426
2412
2742
1642
1722
1260
3876
6438
6870
1382
731
3207
4592
926
1471
1176
6948
3573
2066
3831
864
5116
2985
3742
2148
1985
3384
2061
5971
6518
1010
2510
1056
1292
3951
100
49
4016
2549
462
5490
1579
4512
1464
2632
2339
6511
1314
129
3348
3428
6154
3222
10
2922
3228
3946
3880
751
2491
703
2353
2011
3450
3974
5743
1073
2064
2385
2538
3406
2062
1096
4160
5613
4492
5818
510
4883
829
255
3782
6250
3549
875
4433
3548
1181
1157
391
4496
511
5171
2434
2302
1898
1050
3909
1509
2206
3556
1293
1568
606
909
3990
2052
1336
3558
884
294
4836
5658
391
1663
2868
2449
3252
2696
2486
1657
3794
863
1765
6865
2708
1774
287
5646
4091
239
4302
3392
1603
3937
86
1156
475
356
2863
5853
7152
3110
3598
5117
1840
1441
860
3471
176
5816
6354
1543
5969
1075
1166
2030
2379
2590
2731
1036
2846
4228
4407
1902
1989
2404
2770
1041
461
3154
4340
1576
2088
2353
2690
423
4120
5584
3332
346
1788
1264
1109
636
2312
5694
2048
980
3891
355
1534
426
1930
4759
2568
1727
1853
5224
3156
3550
981
387
420
3595
6596
659
3690
2305
2417
4492
321
4445
2306
967
1319
3467
3130
5010
4519
239
2718
1347
780
927
2250
3717
3912
3682
565
4589
2727
4640
5439
126
292
334
2271
1823
1431
1006
206
873
4544
1145
1915
1971
3457
6301
5379
3946
3585
2711
4714
775
1320
336
4707
2837
608
2596
4284
3864
6446
1339
361
3373
2009
988
3048
1039
2005
6937
6082
859
2796
2878
4895
3467
7049
3137
1789
1223
2157
2181
1485
4418
3024
1426
756
5342
2568
2546
4954
5306
986
4061
3388
2232
5203
4447
959
3559
7054
5439
4410
3502
2400
3403
2334
4927
131
3994
1045
2014
1897
1386
4063
730
3570
923
3627
1869
2618
6934
6239
3620
546
2312
2591
586
5442
2432
2003
4251
3245
274
440
438
1305
5689
122
2699
3887
4376
2055
3639
1271
3486
3169
310
2252
873
716
1352
3072
2068
119
3564
1574
3953
1036
251
2447
3222
4848
1408
1987
3261
1433
253
1600
1894
725
623
546
697
3730
4052
569
2584
2576
967
2620
3316
1124
2276
2412
4093
1102
112
1019
3731
2703
5874
2198
4796
474
1870
3745
1628
1848
1995
2828
2333
1631
433
1831
2719
1364
1727
9
3185
2540
95
1090
884
1524
2868
2061
1457
4344
2728
7232
6691
792
30
4183
742
4663
1483
4621
1184
2236
341
277
2363
3546
3359
3320
1211
1610
2728
2451
269
87
3445
1277
258
3264
3655
6173
3397
136
6251
1405
3015
3720
2195
6529
1853
49
3504
187
4933
1277
5966
2598
2877
963
4425
1777
5832
2125
3579
62
1559
721
3750
5900
5380
3285
470
800
3369
1966
2874
1448
1804
110
1901
3759
2888
4213
3297
5285
3184
2199
1568
4387
2000
1496
314
3332
5055
4115
3929
3376
2218
1976
4426
181
1468
1201
6076
5398
3380
6166
3139
2088
2288
1882
339
994
287
5527
2903
1060
3515
2860
4571
1302
2435
1794
1465
522
4581
6352
2509
5667
290
2230
331
713
1329
863
409
1096
6186
3017
2113
5129
3593
4432
2947
2077
103
4272
1412
317
519
178
2067
3719
1906
2362
1972
1431
5316
2044
459
2124
771
3656
1781
1742
3110
3029
1656
4234
3183
80
597
2083
115
14
6732
2503
647
1333
3813
3484
661
293
1532
794
2112
3759
2335
527
66
5167
3304
3104
909
3098
486
2124
1501
3081
1873
595
413
3428
1383
324
1331
3824
3395
1753
2527
4430
1315
5
494
942
3656
2447
959
159
1530
1080
4638
1602
5272
851
796
3319
5128
5432
4067
6681
2289
1301
3217
3640
1487
2868
1420
6665
373
679
2596
1627
5878
4231
4364
6533
2577
974
4579
6247
2468
2503
3051
3258
2617
2878
2723
1039
809
168
190
241
1975
2131
882
3510
591
3979
515
3406
2828
3655
1108
1104
1083
338
5028
2928
2806
3906
4447
2084
3568
197
616
2965
3674
1895
3104
2248
1054
169
1178
2301
2870
388
898
2662
117
2756
4170
3204
4265
1890
701
931
286
287
1171
4353
3987
3564
2171
5309
2840
1940
5019
4632
239
3363
155
534
742
6030
987
502
4277
2520
2621
1472
1035
6616
386
6719
898
3498
192
942
1655
490
5481
364
2665
2268
210
33
4167
4710
339
485
1432
3228
1138
3218
2787
1617
2995
6303
1912
6039
2195
1471
5022
940
3600
579
944
3491
1537
436
1177
2475
430
236
3213
495
2018
3803
5243
333
5609
2656
34
5059
584
4121
402
307
2433
947
3073
2099
5665
447
4054
5393
1525
3505
3632
1740
1567
5203
1881
2410
2396
3424
1898
4975
909
2058
3146
1637
1726
4898
4904
987
274
48
1156
1219
3293
670
1610
3209
3244
6163
4378
2392
2135
4515
444
4138
642
1054
1287
184
