2000
1000
989 1046
1742 2135
2883 2957
3011 3807
4450 4566
4689 5167
6018 6414
7189 7896
7945 8211
8638 9093
9316 9890
10880 11296
11365 11962
12452 13430
14018 14793
15512 16321
16982 17734
18244 18531
19417 19562
20121 20538
20670 21668
22329 22511
23433 23661
23990 24878
24944 25794
25977 26188
26995 27569
28032 28134
28581 28769
29633 29760
30204 30935
31275 31610
32321 32509
32993 33205
33463 33594
34134 34207
34552 35462
35970 36173
37085 37282
38168 38560
38855 39609
40341 40973
41208 41249
41401 41871
41911 42689
42916 43178
43588 43800
43839 44021
44327 44759
45423 45766
46103 46354
46386 46632
47054 47695
47726 47878
48691 49630
50124 50244
50309 50896
51182 52020
52802 53435
54300 54304
55048 55341
55566 55588
55602 56493
56815 57790
58656 59144
59447 60188
60983 61436
62307 63218
63430 63875
64555 65303
65311 65919
66065 66209
66324 66537
66988 67836
68365 68476
69276 69925
70576 71296
72019 72774
73591 74525
74550 75032
75205 75900
76343 77028
77257 77404
77972 78801
78964 79726
80175 80467
81242 81478
81651 81967
82951 83539
83680 84465
85253 85265
85992 86330
87141 87578
87947 88012
88221 88870
89046 89076
89505 89916
90046 90796
91572 92333
92365 92888
93290 93512
93694 94638
94943 95879
96716 97169
97609 98607
99063 99569
100410 100725
101404 101811
102269 102995
103979 104930
105825 106435
106919 107869
108507 108534
109466 110325
110783 111634
112101 112995
113790 114709
115646 116605
116986 117166
117290 117893
118498 119106
119224 120000
120166 120424
120916 121101
121402 122053
122270 122488
123333 123997
124619 124977
125876 126869
127769 128260
128550 129515
130442 131195
131523 131807
131944 132750
133164 133277
133989 134649
135466 135480
136203 136651
137505 137604
137783 138639
138910 139040
139970 140392
141020 141752
142727 143071
143530 144314
144378 144533
145413 145576
146372 146451
146618 147071
147468 147717
148556 149209
150080 150457
150962 151286
151974 152949
153799 154720
155418 156021
156958 157228
157556 158433
159060 159868
160747 161725
162532 163380
163922 164605
165579 166552
167290 167985
168821 168852
169845 170711
171285 171893
171935 172034
172248 172539
172756 173118
173311 173921
174884 175434
175683 176363
176594 177563
177730 178379
178533 178897
179434 180086
180767 181305
181810 181964
182358 182866
183795 184312
185286 186027
187023 187746
188191 188433
188864 189725
189984 190030
190767 191557
191634 192348
192533 193266
194071 194074
194410 195337
196025 196241
196899 197878
198233 198496
198596 199105
199578 199599
200476 201081
201442 202180
202192 203074
203122 203379
203925 204383
204850 205735
206271 206698
206985 207918
208740 209021
209876 210085
210274 210695
211568 211810
211931 212268
212782 213762
213783 214518
214801 215090
215915 216128
216612 216673
217209 217566
218287 218347
219273 220047
220461 220605
220948 221328
221406 221596
222085 222162
222620 223317
223488 223552
224049 224880
225481 226170
226393 226659
226733 227411
228410 228445
229168 229803
229962 230075
230566 231138
232034 232212
232807 233156
234113 234569
234588 235509
236341 236569
237551 238505
239323 239704
239931 240099
240380 240489
240570 241233
242205 242813
243217 243495
243922 244230
244684 245528
245992 246664
246683 246952
247731 248118
248337 249244
249617 250118
250752 251050
251382 252346
253267 253646
253996 254343
254955 255949
256876 257324
257553 257945
258222 258514
258849 258852
258922 259374
259768 259957
260702 261631
262508 262659
262830 263391
263457 263788
264471 264764
264829 265685
266378 267240
267858 268787
269744 270138
271001 271322
272133 272895
273792 274065
274727 275155
275733 276415
277344 277377
277463 277712
277830 278656
278685 278807
279476 280336
280475 281279
281656 282454
283287 283549
283975 284952
285239 286218
287122 287488
288336 288437
288810 289136
289897 290078
290927 291021
291096 291914
292443 293151
293363 294054
294691 295016
295381 295722
296634 297531
298014 298691
299667 300270
300489 301191
301618 301973
302601 303592
304447 305369
305472 305771
306467 306492
306950 307055
307692 308403
309012 309641
310457 310951
311819 312572
313018 313873
314275 315121
315546 315663
315814 316371
316787 316940
317863 317912
318640 318827
319355 319518
319695 320512
320557 321187
322044 322476
322685 323414
323659 324625
324783 325595
326092 326734
327548 328197
328887 329837
330688 331549
332266 332904
333869 334215
334934 335809
336595 337120
338047 338769
339570 339633
340547 340908
341398 341735
341963 342286
343048 343838
344425 344737
345444 345646
346309 346791
347211 347500
348307 348827
349489 349997
350485 350650
351589 351597
352534 352573
352652 353562
353876 353895
353985 354453
355402 356152
356730 356759
357527 357883
358515 359464
360189 361168
361287 361915
362684 363384
363939 364847
364901 365885
366281 366891
367771 368410
368884 369025
369245 370116
370425 370746
370845 371773
371880 372679
373150 373464
374285 374769
375290 375716
376173 376733
377435 377737
377869 378051
378075 378086
378715 379618
380286 381108
381407 382287
382680 383441
384017 384903
384999 385829
386188 386683
387306 387777
388755 389188
389691 390499
390777 391631
392317 392638
393130 393157
393237 393239
394144 394922
395857 395878
395937 396018
396206 396826
397788 398412
398829 399617
400016 400948
401881 402536
403395 403829
404049 404079
404999 405934
406166 406777
407492 407577
408198 408561
409010 409990
410142 410723
410917 411897
412623 413274
413522 414139
414838 414999
415822 416423
417066 418051
418149 418304
419070 420059
420962 421496
422066 422596
423353 423890
424305 424355
424492 425140
425691 425742
426441 426686
427209 428086
428880 429188
430116 430651
431236 432041
432529 432896
433135 433197
434176 434222
434611 434986
435197 435923
436757 437186
437796 437976
438851 438893
439388 439408
440212 440981
441231 441623
442603 442890
443405 443646
443721 444672
445459 446439
446870 447243
447355 447645
448103 448237
448422 448664
449023 449702
450204 450514
451076 451750
452144 452732
453372 453883
454478 454789
455124 455645
455964 456359
456597 456746
457078 458017
458365 458704
459385 460256
460320 460763
461319 461349
461914 462244
462461 462604
463490 463515
464028 464860
465177 465491
466348 467310
467691 467890
468137 468221
468260 468334
468662 468784
469239 470238
470807 471393
471437 471864
471872 472017
472053 472327
472869 473035
473851 474214
475095 475341
475891 475964
476471 476954
477605 478172
478577 478579
479520 480453
481375 481898
482815 482924
482950 483428
484281 484923
485116 485736
486316 486709
487416 488158
488314 488376
489233 489403
489807 490344
491282 491484
492105 492223
492367 492400
493203 493695
494500 495114
496054 496891
497361 497433
497991 498023
498647 498935
499764 499849
500024 500208
501182 501351
501407 501868
502232 503200
503490 504439
505139 506018
506993 507896
508407 508672
508826 509074
509503 510094
510392 510492
510611 510962
511533 512428
513058 513675
514324 514703
514864 514999
515095 516058
516437 516512
516825 517257
518229 518475
519167 519739
520361 521360
521909 522617
523543 524410
524436 524502
524716 524831
525605 525982
526555 526689
527326 527501
527586 528400
528474 528850
529614 530486
530597 531357
532352 533250
533907 534795
534954 535693
536184 536853
537291 537361
538084 538822
539335 540057
540542 541413
541681 542649
543096 543966
544311 544917
545912 546070
546903 547190
547195 547683
548593 548988
549988 550582
551562 552112
552685 553211
553812 554103
554770 554952
555414 556055
556694 557071
557839 558738
559129 559208
560169 560859
561706 561727
561951 562428
563130 563170
564013 564604
565499 566105
566410 567366
567551 567999
568003 568319
569121 569459
569759 569772
570438 571345
571810 572208
573143 573916
574563 575502
575883 576074
576718 577565
578186 579155
580089 581024
581191 581995
582391 582458
583402 584227
584482 585251
585909 586052
587027 587890
587897 588051
588443 589186
589382 589596
589835 590372
590888 591582
592418 592918
593909 594907
595267 595800
596739 597193
597541 598531
599426 600083
600550 601325
602191 602966
603035 603922
604434 604602
604828 605725
606257 606324
607065 607550
608124 608881
609761 609937
610658 610874
611440 611727
611927 612468
612818 613233
613325 613601
613980 614518
614836 614844
615700 616366
616521 617274
618053 618352
618704 618927
619796 620470
621029 621170
622018 622116
622288 622901
622982 623774
624596 625007
625955 626283
626769 627238
627440 628321
628492 629445
630091 631012
631270 631744
632463 632857
633017 633329
633763 633947
634087 634668
635131 635623
636581 636726
637613 637986
638106 638567
638876 639135
639162 639181
640089 640776
640828 641046
641888 642812
643703 643746
643843 643912
644075 644473
644700 644897
645255 645612
646548 647352
647903 648827
649102 649597
650174 651024
651835 652360
652789 653351
654149 654985
655531 656482
657091 657572
657903 657964
658689 659625
660290 660427
661273 661275
661662 661938
662432 662649
663247 663627
664052 664429
664934 665219
665654 666410
667176 667697
668335 669128
669790 670077
670209 670349
670451 670873
671067 671550
671812 671968
672441 672695
673547 673599
674356 674533
675138 675949
676075 676764
677032 677389
678188 679065
679834 680120
680359 680527
681255 681995
682302 682635
683620 683723
684391 685328
685380 685748
686209 686985
687609 688078
688610 688996
689274 689461
689666 690464
690740 691296
691532 692148
692327 692938
693222 694095
694564 694644
695512 695912
696455 697446
697996 698177
698739 698987
699205 699517
700060 700946
701501 701625
702395 703202
703515 703926
704505 704910
705736 706514
707185 707727
708191 708690
709610 710222
711207 711270
711493 712448
713412 713787
714321 714424
715070 715529
715945 716652
716799 717603
717772 718259
719219 720133
720929 721262
721917 722640
723249 723967
724064 724975
725477 725877
726623 727319
728254 728891
729391 730359
730426 731249
731803 731809
732175 732595
733054 733285
733536 733656
734242 734325
734636 735363
735714 736496
737203 737845
737975 738272
739051 739568
740058 740209
740702 741002
741719 741852
741953 742919
743358 744066
744659 745128
745132 745345
746243 746417
747070 748063
748204 748402
749049 749066
749418 750368
751198 751953
752905 753552
754264 754956
755803 756783
757176 757481
757957 758741
759489 760129
760758 761034
761376 761394
761494 761537
762352 762739
763083 763536
763874 764803
765407 766084
766526 767504
768006 768967
769220 769404
769719 770235
770754 771036
771873 772779
773666 774558
775253 775514
775781 776649
777456 777510
778467 779413
779844 780729
781029 781940
782269 783102
783565 783937
784801 785704
785839 786555
786656 787536
788061 788397
788410 789194
789327 790261
790850 790950
791463 792360
793183 793186
793226 794134
794655 795458
796315 796928
797076 797513
797628 798195
798884 799874
800027 800224
800742 801725
801731 802249
802736 803056
803485 803631
803682 804660
805216 805533
806269 806906
807854 808058
808120 808335
808470 809464
809568 810356
810500 811114
811226 812188
812286 813001
813931 814658
815215 815268
815454 816154
816497 816534
816856 817354
817797 818039
818960 819423
819681 819787
819955 820359
821106 821126
821437 821803
822111 822233
822816 823249
823991 824180
825023 825095
825327 825815
826306 826390
826843 827735
828378 828875
829400 829596
830172 830427
830690 831579
831601 832277
832520 832837
833145 833374
833602 833844
834515 835241
836024 836270
837103 837927
838395 838455
839073 839538
839743 840091
840171 840457
840501 840595
840688 841243
841389 841872
842841 842900
843042 843053
843741 844305
844703 844795
845013 845599
845687 846374
847096 847177
847717 848013
848038 848814
849290 850126
850695 851187
851221 851358
851957 852233
853060 853202
853640 854358
855127 855653
855916 856671
857558 858497
858863 859730
860290 861100
861963 862688
863106 863939
864795 864879
865056 865852
866816 866824
867749 868193
868533 869161
869914 870101
870587 870947
871263 872165
873156 873996
874608 875061
875153 875831
876056 876115
876473 876744
876779 876799
876869 877184
877271 878253
878514 878754
879428 879806
880445 880801
880897 881110
881265 881682
882125 882284
883242 883477
883826 884453
885433 885503
886232 886372
886787 886808
887329 888323
888434 889240
889469 889993
890566 890741
891133 891340
892194 892870
893433 893904
894356 895069
895266 895589
896153 896405
897219 897779
898156 898551
898693 898958
899112 899937
900791 901505
901635 902272
903154 903918
904855 905417
905892 906449
906715 906989
907091 907492
908354 908445
909226 909740
909830 910304
910936 911834
912013 912239
912970 913878
914511 914813
914991 915622
915926 916295
916833 917021
917950 918356
919046 919880
919999 920567
921383 922074
922159 922539
922877 922975
923286 924228
925001 925972
926588 926617
927023 927306
927747 927781
928742 929011
929236 929337
929508 929858
930115 930857
931711 932163
932444 933330
934173 934451
934926 935381
936079 936704
937422 938211
938655 938813
939409 940105
940453 941225
941474 942274
942287 942838
942981 943390
943562 944290
945177 945616
946536 946760
947101 947811
948320 948584
948632 948674
949255 950136
950267 950947
951620 952132
953014 953179
953333 954237
954340 954453
954787 955097
955209 956175
957065 957266
957799 958203
958259 958604
959375 959768
960491 960825
961760 962160
963027 963747
964226 964782
965233 966078
966396 967341
967663 968266
968646 969481
969652 970121
970414 971268
972199 972796
973791 974554
975101 975749
975752 976464
977333 977698
978277 978876
979676 980656
981538 981877
982057 982906
982988 983120
984029 984676
985289 986146
986314 986889
987143 987230
988012 989004
989162 989427
989444 990015
990554 991184
991551 992497
993334 993359
994006 994116
994222 994590
995118 995553
996344 996640
996743 997154
998078 998187
3000
344 385
971 911
977 607
1609 596
1447 972
230 976
1377 978
1568 730
1833 5
981 234
345 851
1742 731
1533 741
1776 147
499 924
1892 54
1502 533
129 240
1637 537
728 696
636 473
1284 868
1906 620
1310 80
290 646
1944 712
1856 219
1534 145
546 569
1503 430
1864 429
1483 246
529 938
1529 468
1254 838
853 627
1750 715
775 777
1975 482
1604 936
1828 828
1601 38
1599 579
1167 236
1362 255
234 524
1316 661
1191 827
1958 878
77 376
1312 484
1154 284
1139 100
418 94
321 46
1928 954
732 404
1244 590
697 855
983 257
859 957
787 557
738 481
1587 694
85 201
665 288
186 960
1191 301
1498 915
623 218
1779 165
257 984
1314 354
673 989
663 431
47 156
1352 423
1048 386
1837 526
1503 970
1226 639
1761 302
576 255
355 522
316 625
1585 737
1803 58
1240 435
1500 346
176 304
1529 806
756 118
1683 9
921 938
1076 548
62 460
616 795
295 842
1777 396
1706 829
1514 76
1870 174
1129 86
408 475
1472 544
268 657
1378 23
1980 640
1264 516
1159 506
1455 870
969 280
430 556
1198 336
1159 662
1036 841
1947 419
522 493
1030 998
1751 263
351 1
266 938
999 109
566 837
536 165
1683 415
1798 865
982 289
1069 214
1959 511
679 61
1683 868
1709 128
804 731
890 2
1185 154
1275 662
322 732
899 994
16 986
1618 591
612 243
1559 294
1320 27
721 394
383 877
1886 724
1670 55
1829 530
1331 309
620 715
1247 933
313 742
1332 57
920 606
1278 851
1505 382
1889 808
160 3
506 794
529 220
680 351
1007 539
863 277
660 860
437 9
914 719
109 385
760 882
787 118
699 742
1978 339
1036 776
1516 959
392 388
1915 684
864 81
895 256
1334 315
614 638
1015 211
1567 180
1370 515
846 402
1856 206
1725 643
1761 894
73 616
633 152
811 202
1798 234
853 536
650 820
5 984
1572 251
308 90
1588 614
1491 414
1645 514
962 468
384 93
335 357
528 635
35 393
683 650
2 513
1462 975
694 1
1571 689
1862 544
1974 856
1165 122
1353 579
822 280
1040 289
1473 670
336 560
264 626
870 57
1728 305
1133 859
1637 129
1777 594
818 19
364 862
1763 337
1605 62
1316 759
1112 670
1519 158
540 552
620 517
1701 720
995 928
1955 226
449 567
1767 313
441 279
1620 239
1174 95
48 139
519 309
457 155
713 645
403 274
1682 877
414 614
425 64
344 650
1125 836
1956 387
681 131
1629 509
390 24
1351 431
22 438
1642 889
615 401
1758 383
138 87
1402 131
290 781
1588 113
1399 694
686 174
306 235
1678 205
1300 662
1345 146
1806 705
398 662
796 51
1975 726
1223 659
1701 213
937 74
507 153
250 602
796 508
1703 747
1344 805
1213 321
1995 969
582 201
1586 97
1099 247
36 943
1625 763
717 15
1452 395
1863 707
32 833
54 183
1732 731
345 587
1274 435
1558 186
1692 172
1310 74
967 979
217 338
1626 496
49 759
1490 453
516 688
1923 998
926 975
377 973
1663 143
67 769
1663 668
1843 746
684 477
67 612
791 183
1139 97
110 243
1533 733
1642 182
225 504
6 707
1951 156
1239 172
1980 200
953 837
1866 433
231 933
1345 426
659 888
1849 350
1090 634
332 502
837 822
331 624
645 83
727 581
142 631
1287 329
575 809
791 246
970 75
1193 672
1197 249
272 135
1602 606
1573 389
1341 35
228 260
70 831
476 751
1840 111
523 626
1429 754
940 742
704 911
67 266
1520 247
448 231
297 335
235 815
1544 236
601 229
1042 90
193 91
1677 827
9 954
1646 492
1085 729
73 741
869 68
386 431
1538 820
712 836
1311 515
648 630
375 108
1466 341
1251 799
766 641
718 765
520 984
329 30
863 988
1520 371
719 36
1179 994
1260 665
286 266
1042 899
474 928
1285 350
1903 177
1892 303
1391 578
721 946
1794 280
1792 655
79 991
88 273
1790 824
968 593
1998 497
1657 759
756 432
1359 842
180 288
1697 46
1973 377
1885 412
146 532
284 160
1100 847
487 52
1031 802
1321 859
1148 742
1480 534
383 814
765 995
1880 129
1182 405
1577 129
785 390
1701 19
748 94
885 223
728 931
796 301
1811 869
594 370
1925 351
1945 213
91 601
257 672
1327 761
899 541
48 534
1433 398
1499 638
1871 644
1901 929
761 773
468 91
468 254
523 913
1989 334
1845 513
1798 320
152 141
1113 569
678 716
231 93
804 890
221 388
1613 944
1194 397
1571 108
957 732
272 147
1379 419
1836 455
1690 280
1506 720
608 718
1861 218
741 128
1468 610
303 465
1412 18
1116 303
1832 414
1732 43
354 276
1404 100
843 87
627 512
1224 457
896 152
619 195
902 598
1881 518
1379 915
504 309
1045 647
1947 204
1693 267
965 410
990 717
215 397
341 311
1398 826
1741 955
230 299
1457 74
24 658
332 560
1450 266
1383 875
739 770
211 857
735 294
1260 385
1436 165
33 862
200 8
76 65
270 517
8 181
1085 280
1640 804
191 503
873 135
309 631
1023 62
242 953
1933 606
914 716
603 476
1333 211
247 715
1046 607
401 670
746 665
689 400
955 58
1316 87
1076 360
882 980
425 567
1330 4
1512 958
1087 965
220 775
444 855
461 920
1590 942
649 25
1422 642
1227 941
1635 530
674 360
1922 458
1707 922
1327 595
1434 157
1066 438
463 555
1535 571
6 940
1388 768
805 590
724 263
1175 638
1626 627
156 357
382 545
709 195
819 16
408 998
397 723
953 313
1644 961
834 154
542 216
1033 88
1104 472
789 638
182 689
1822 300
1756 280
1373 611
95 353
1772 757
464 703
450 287
1890 981
662 289
300 447
1778 252
1927 818
1316 987
1655 387
879 642
1479 962
439 906
298 630
1769 7
572 279
968 207
1979 4
1280 452
574 254
1516 962
529 58
1216 786
1121 504
1384 880
587 743
1072 193
504 561
202 433
1248 125
1319 132
308 289
148 468
1327 70
793 506
315 611
1647 839
462 33
1441 789
1844 180
443 66
1809 265
108 25
76 795
1570 281
464 593
162 625
843 182
630 604
1309 539
1022 533
1218 720
78 124
874 692
231 961
427 230
1387 127
1930 37
1713 651
1110 568
1828 768
977 237
1361 924
1164 295
667 754
1467 123
1129 599
1412 570
1944 919
1181 595
817 550
1959 379
1985 743
711 78
1655 569
1909 485
701 8
221 25
558 747
782 847
1207 328
1366 71
810 862
736 24
738 668
685 311
1356 669
1814 25
527 652
1663 111
1331 1
656 649
1026 72
1873 945
704 917
575 78
296 947
1997 48
1724 219
1676 833
358 496
525 13
1540 735
684 86
278 516
631 442
307 989
1583 176
270 246
1032 309
1315 13
508 324
1997 778
406 866
588 974
986 288
511 315
1438 242
1692 475
620 496
142 16
1943 426
371 929
1074 940
47 142
1264 235
1874 264
1341 986
890 414
586 620
728 914
169 431
435 498
958 890
1822 43
230 907
1000 719
201 379
1482 128
899 510
484 796
1186 570
1729 968
541 176
1988 327
874 157
537 918
1075 23
1504 403
1229 206
1488 911
183 113
1900 819
1465 775
1927 86
1717 760
1876 950
590 540
143 225
1852 558
1930 199
649 418
19 782
1072 858
1928 809
24 545
972 367
1062 630
1118 42
1152 388
615 52
1222 993
1881 763
1479 313
1119 131
739 359
1992 573
527 535
1032 395
1333 257
1731 864
760 918
317 22
1716 187
456 502
1795 473
50 296
1973 614
1997 439
1776 70
754 107
1628 651
409 759
671 605
334 790
1257 60
1188 496
276 751
550 900
1035 62
859 705
1725 223
609 431
1053 640
1970 520
390 45
790 128
1984 879
1931 370
1940 679
1507 996
1140 965
513 344
1641 611
18 367
660 833
399 366
428 347
1701 250
349 22
596 305
290 850
1490 34
1329 131
896 489
1642 529
1814 389
1893 138
630 784
685 559
106 132
1274 880
1082 794
450 30
221 655
1761 823
1926 692
921 596
1482 875
706 696
1546 427
764 717
1306 600
1840 279
1183 512
647 579
1138 932
1821 703
491 608
74 934
1304 669
753 878
1533 309
787 426
1991 261
1394 907
98 36
1715 222
138 896
1430 837
1427 48
620 614
1084 375
113 98
1110 81
261 515
522 918
880 350
309 898
920 860
666 758
1278 275
863 908
1220 704
1800 483
1816 290
1866 669
1909 818
1870 117
1324 891
1741 503
176 578
866 196
1554 707
532 555
1256 372
741 948
945 352
1359 852
1015 170
1875 728
1795 856
249 982
1888 451
1631 396
1803 522
1863 286
1266 655
1165 544
663 485
159 653
971 520
805 749
1441 261
883 2
295 882
274 550
1745 861
219 698
1942 901
1648 619
104 456
752 876
1526 648
145 983
116 319
1105 260
854 573
1583 907
534 478
1609 413
1428 988
624 878
175 190
1792 865
327 489
243 599
419 608
449 402
543 943
1638 305
1241 29
1310 724
126 552
353 479
1772 496
1933 376
565 599
129 693
613 735
1808 301
1143 988
1144 966
1933 640
1822 161
855 846
11 850
1070 189
1677 213
1546 655
644 545
589 953
140 239
532 888
551 827
239 397
1640 38
1194 295
672 627
907 577
508 495
383 816
214 188
905 24
1433 613
1611 277
1339 207
1428 970
1630 239
824 910
1378 722
1168 382
621 740
578 912
190 124
912 845
1610 518
625 933
1996 58
1152 598
920 827
98 3
959 881
898 402
1804 683
1124 131
60 572
1018 62
566 411
559 263
29 94
379 525
884 61
1809 535
1039 92
1034 318
1348 104
243 67
1559 928
1719 573
1821 85
160 733
1993 939
1206 630
80 795
1839 116
203 145
1626 724
1878 735
1713 577
1740 944
1201 730
34 757
826 727
1111 741
1697 447
1436 795
1373 585
849 791
1218 762
1726 299
1674 631
470 101
1135 715
612 763
285 545
298 180
889 49
1480 720
1879 188
75 740
1718 930
1282 353
1825 269
293 655
940 97
1292 436
1958 135
677 71
410 827
807 1000
439 723
503 343
974 426
1346 96
1041 526
1265 784
965 699
168 469
741 489
1876 30
1013 737
275 582
371 601
201 740
1861 673
268 952
620 381
50 217
1129 919
1088 394
720 548
1466 329
714 798
1793 910
1119 907
819 833
135 292
1723 575
1564 905
1823 358
414 561
1518 490
707 458
834 597
1044 231
1867 272
15 127
535 925
1165 33
47 376
277 857
821 135
852 808
431 94
699 866
1982 102
1858 148
744 549
1371 552
1523 544
733 665
545 494
757 497
1067 173
1706 744
25 190
1943 363
762 392
1939 158
163 778
1241 594
1243 929
272 427
68 522
123 466
1670 317
1812 573
363 635
493 734
158 832
223 955
598 495
348 326
696 167
637 703
704 53
242 984
1595 846
495 181
322 858
1877 53
107 429
795 688
559 830
879 848
1111 812
1095 654
346 626
548 976
1040 669
1941 158
1415 416
58 676
1911 583
432 365
1618 140
1988 411
1022 710
1959 874
1049 477
363 173
102 5
863 494
582 950
1180 638
1080 727
1582 53
1486 15
325 834
523 397
348 54
1837 252
1795 729
10 488
114 431
37 530
803 66
1938 631
1237 984
160 980
823 96
786 659
1272 857
1925 15
1942 741
365 356
1911 50
710 771
262 23
1037 537
1828 512
1981 190
3 877
502 6
654 650
805 479
1007 595
1438 727
165 865
398 774
1217 128
1460 758
1317 317
1938 872
900 694
1749 48
23 343
218 535
924 302
100 530
208 26
1041 873
1633 871
1476 360
746 51
1783 658
1739 907
1098 868
1609 941
1936 12
1753 650
1257 619
347 287
1267 730
757 728
1876 988
1204 564
753 617
1839 577
591 823
759 295
661 837
1147 257
1945 938
170 220
202 230
1816 236
651 771
1523 337
289 484
1062 815
1889 117
1058 899
487 504
1781 980
253 27
21 825
1592 163
401 107
1393 928
1676 635
42 471
50 257
1337 966
993 805
122 668
617 922
1257 821
1773 871
911 453
491 327
507 923
360 687
1587 624
1159 603
368 526
1954 57
1659 962
654 216
215 429
181 275
472 127
1043 349
441 477
310 199
509 64
1070 896
1563 371
481 562
966 556
459 850
1555 219
382 666
1163 6
421 984
1240 217
886 492
14 714
1999 369
422 787
1295 838
128 195
1273 719
1253 683
1171 71
996 287
712 465
1782 954
1086 719
1907 914
1652 820
1244 726
1939 244
1624 585
1127 471
1546 95
1092 398
1424 989
1788 982
651 699
292 466
1405 200
397 420
990 34
240 277
720 42
641 713
270 550
1625 907
912 38
499 596
1054 65
1963 416
75 48
1165 668
434 334
1125 438
1323 281
1653 570
1231 214
694 503
639 24
1512 595
1103 567
409 934
1979 293
1051 57
1785 464
1790 296
1275 865
1501 491
1096 99
1939 217
916 447
1998 574
619 324
235 837
1696 761
57 964
202 243
1535 300
231 177
419 626
784 642
1660 951
111 759
1595 7
185 271
597 190
1158 264
1934 349
888 774
212 400
754 498
288 789
1885 925
1476 437
1381 365
956 142
1293 609
1928 808
312 124
1069 963
1369 754
882 195
928 542
1090 671
1491 286
175 833
344 390
1615 166
556 142
1249 290
955 138
459 686
987 520
990 119
1526 411
1275 850
218 768
1407 362
1050 569
1986 852
1883 18
944 746
508 262
1314 446
584 656
1941 246
1110 632
1558 280
922 196
1375 344
73 970
352 748
110 183
168 757
607 427
1621 291
59 605
1609 999
1304 306
211 44
384 805
1863 891
1490 212
1816 682
1436 610
1265 668
280 284
1650 832
1221 649
813 751
581 668
270 652
870 329
1842 758
36 978
372 210
248 360
1837 151
1784 750
784 696
1946 562
741 16
1918 341
1152 870
790 774
977 143
406 568
1605 589
933 349
1893 129
467 181
50 297
1996 118
1753 863
1122 173
1591 80
1654 96
721 459
1079 380
76 117
582 629
479 579
1619 864
1116 593
1074 426
666 535
1732 855
287 58
1409 522
1779 156
240 976
1968 228
1224 558
1177 225
66 42
1723 628
925 75
160 54
998 948
1916 94
1321 919
1720 164
620 935
314 674
232 873
1651 709
1476 355
1765 157
432 912
242 980
168 426
488 581
1082 825
264 203
396 778
359 901
895 710
785 849
1131 158
1664 288
173 709
1123 406
1322 168
940 540
150 899
1777 991
756 751
1492 785
1779 163
136 450
185 269
381 795
1457 103
1876 243
1937 856
1193 131
63 819
1246 247
1552 555
1744 11
1052 47
664 321
938 658
1669 234
941 268
1459 351
1241 450
1736 943
1820 342
1043 519
966 653
1465 317
950 306
521 81
380 300
1261 503
1516 139
1616 272
1705 522
704 995
215 55
1922 191
925 996
1578 115
1007 436
1298 619
1390 820
676 695
1043 917
831 29
1777 588
544 324
144 852
427 900
1566 217
675 572
135 627
873 726
832 254
350 530
949 163
1497 974
1370 754
1931 726
754 816
145 97
1257 121
1707 16
196 156
548 154
447 119
770 215
1222 838
1444 507
238 444
1507 359
316 406
997 943
1802 519
81 386
1994 498
1594 727
552 650
1542 283
462 417
1560 782
1639 843
1440 102
537 737
368 262
82 342
1192 371
509 931
244 368
853 452
1703 580
85 255
45 880
1837 427
1100 130
1585 1
1282 622
233 143
839 753
365 798
1925 52
1497 996
600 889
1255 667
1032 922
903 487
1295 953
1329 1000
1420 6
241 674
160 492
895 207
959 849
894 185
1146 486
1333 402
1704 90
241 667
904 639
1979 861
1596 269
668 356
1903 325
860 889
216 731
765 313
181 644
1788 816
1028 841
712 88
2 998
360 118
110 837
1378 731
1639 987
667 370
320 492
1163 778
693 562
511 498
468 849
1934 533
1899 305
1980 123
1056 443
627 178
1082 51
524 214
1485 933
539 444
511 957
1268 78
58 594
1985 732
1736 207
754 145
1307 609
278 313
1344 351
1628 868
798 356
1704 770
1727 483
1421 913
1667 117
805 546
1194 281
284 980
327 712
1935 54
1965 684
762 28
278 788
76 872
529 559
801 244
1139 332
314 671
172 374
347 39
1996 329
1748 317
1164 177
514 661
50 49
1704 589
298 33
1077 293
682 973
589 76
1558 518
255 549
420 675
1641 342
441 750
498 299
1285 873
721 852
1676 724
622 138
212 457
1088 460
1652 696
251 436
836 129
988 977
407 647
393 331
459 630
158 144
1715 962
41 475
1670 9
970 395
784 701
1529 169
204 144
231 521
432 769
552 492
1238 891
1823 592
186 607
156 14
1970 203
1221 978
713 151
1256 205
1148 46
1148 456
704 290
516 9
1946 409
1259 11
1752 93
1677 502
1000 839
696 213
995 946
1894 556
989 962
1070 54
1762 482
801 137
335 43
658 234
170 227
1008 978
1875 936
417 966
1926 600
1678 393
566 701
999 95
621 956
1508 424
490 244
813 934
1358 349
742 557
624 967
378 432
1251 994
562 233
1885 825
733 466
125 660
1925 466
1863 338
1575 39
813 96
1998 995
1549 550
7 269
1915 791
1130 506
1446 505
1686 968
354 897
562 206
943 42
1009 854
1987 130
523 888
1136 925
765 401
1867 795
1159 53
624 267
1177 810
585 623
1372 50
1110 148
1754 914
1826 468
1817 246
158 318
1143 130
1810 779
496 850
465 563
1555 17
1412 524
1681 450
501 884
821 211
1610 653
818 381
1410 907
1690 586
1396 138
954 889
1385 141
1726 681
691 695
1459 355
1311 102
1525 914
1871 72
1013 889
1424 202
1628 509
16 326
1472 205
1704 761
712 118
646 664
1898 791
1522 434
1694 881
917 397
891 386
129 830
1168 378
912 551
1740 214
1863 704
770 225
1949 388
1142 172
1198 335
604 308
140 830
1509 108
579 798
1239 754
692 854
1449 936
1273 62
48 787
666 881
835 15
1271 285
872 572
104 572
1551 401
1511 915
583 386
518 288
365 601
522 556
1727 769
1201 529
929 645
502 311
104 385
41 179
1172 908
140 568
1542 232
1999 373
495 725
226 564
1539 137
1650 276
674 660
1859 686
1434 276
1405 85
521 845
1457 470
843 58
1222 185
1014 143
1231 321
1035 335
168 692
1143 958
1735 620
1842 444
464 190
451 122
1131 238
787 669
1470 200
1244 654
1992 226
1823 368
1068 432
1061 581
1587 713
1124 645
829 313
1953 759
765 659
188 740
1309 180
884 735
768 526
867 100
524 417
1957 406
1247 880
1117 180
198 63
1647 143
85 150
949 521
241 537
94 97
817 904
1438 724
123 615
1988 657
888 754
1036 18
28 498
597 494
237 620
714 462
1258 384
1553 971
43 453
1153 884
339 335
26 65
1754 926
1041 353
899 791
1351 827
1665 521
630 568
1773 61
1720 578
22 133
506 53
413 500
1601 888
1600 538
990 145
1241 326
1579 44
1704 209
1598 683
304 617
869 995
1402 385
100 155
1858 809
1746 512
1600 800
383 623
732 289
72 659
1891 399
720 245
260 187
1858 12
72 509
1657 918
648 542
268 50
1917 209
443 794
766 288
469 694
1582 104
1382 29
1885 836
1064 137
1524 597
879 406
1091 827
622 713
615 236
1000 81
1944 558
412 745
1436 889
537 267
65 9
461 231
1446 172
147 8
832 469
580 125
1345 20
1462 930
304 392
1196 498
1692 825
444 114
982 95
988 329
1838 609
1518 667
529 273
1835 923
510 568
1137 674
999 478
1087 685
1483 549
1921 460
604 252
1299 338
1944 816
822 773
1172 479
508 671
1330 246
681 286
1045 668
1465 359
795 895
1390 501
1193 966
912 129
597 848
1253 980
686 541
1169 801
924 169
281 747
393 518
1657 801
924 17
1670 313
1580 719
1152 536
810 571
27 334
904 739
1403 562
423 453
814 34
880 316
1921 390
217 46
146 788
358 785
45 215
1104 535
1295 773
550 87
1882 395
1120 581
1531 591
1115 475
727 205
324 735
1092 531
637 567
1648 250
522 757
988 981
623 538
1852 632
349 354
1102 729
17 688
1373 890
1512 546
846 618
1936 684
709 622
1202 745
144 245
1056 169
1616 835
1889 280
1119 336
939 539
1693 133
277 902
1284 424
1381 573
681 448
1036 508
205 471
648 75
1756 967
397 726
1020 150
252 153
530 294
950 420
328 855
1501 839
1262 198
97 889
201 79
1284 227
697 275
1989 921
1889 694
1450 57
1867 130
1634 370
1945 569
968 232
284 161
1788 87
1782 271
534 708
1353 326
1947 531
1831 339
600 265
1108 775
1873 73
1783 821
1219 962
774 725
1876 156
353 22
336 310
771 696
1555 66
78 824
360 369
871 184
62 15
1099 761
1822 494
1583 239
1724 359
1731 575
1624 920
441 907
678 224
1272 664
1267 208
608 636
1092 26
1651 157
1184 80
1398 421
1136 376
1408 483
1298 933
1672 858
1890 285
1177 430
757 284
1633 914
106 134
1924 418
1888 802
314 81
1807 225
1618 854
1723 479
258 184
1722 632
1534 794
1755 316
37 722
745 962
1336 791
1618 981
1256 451
1563 547
1498 179
1744 370
1983 367
728 983
1659 275
1335 420
869 502
1679 953
672 29
640 852
1238 735
1238 926
475 823
1527 70
1950 271
1084 58
991 155
1268 487
1411 472
1724 345
1038 419
1475 545
933 662
472 339
1944 758
902 499
1319 763
1458 903
1753 408
947 595
534 196
1234 122
1818 842
1496 142
557 356
1684 720
1165 650
1236 943
401 154
119 499
1161 957
1726 251
901 559
1629 74
63 965
423 632
1995 196
300 62
428 309
270 85
1646 201
569 166
1165 537
802 632
1989 170
1432 475
1823 277
593 315
479 503
1507 978
1334 522
373 156
1404 463
786 935
487 480
529 813
1134 637
1400 236
840 820
137 475
217 842
824 518
1314 196
1481 64
919 358
1912 439
1005 192
1924 47
1922 608
1804 465
837 323
1503 799
933 293
21 120
989 181
1887 188
1335 100
118 591
1159 860
1130 865
155 620
783 971
1795 673
43 90
25 331
1110 132
1241 477
1255 648
757 158
1292 985
1474 528
1844 216
331 382
1616 216
1454 596
680 66
1839 434
581 626
1528 464
768 294
853 362
1044 692
1763 856
660 87
722 576
1923 65
492 934
1197 278
359 397
83 502
1690 772
1730 312
652 822
1089 814
401 810
1462 125
1612 736
1337 613
829 207
290 576
365 817
1649 718
1075 357
178 453
40 628
376 831
394 294
54 255
544 186
895 834
1424 14
587 521
790 700
1455 146
1505 782
1944 551
293 270
952 292
1438 738
858 526
787 8
893 755
1673 977
1361 766
1662 845
1389 570
1840 318
501 535
1603 885
1083 747
444 11
1434 840
1151 178
1708 596
514 485
1151 152
874 81
710 120
1547 690
414 495
66 405
373 794
555 596
1946 178
767 618
1412 814
818 417
96 114
696 413
1631 176
428 748
252 903
153 677
1993 845
1437 184
590 428
923 493
149 639
1449 385
1964 181
1358 376
1899 799
610 510
903 588
1930 119
143 713
586 471
1560 303
795 121
800 566
1324 914
1789 952
13 166
1358 211
872 167
1214 938
756 731
906 174
1295 630
1164 108
520 369
1390 394
423 126
882 32
40 104
1117 944
1461 376
468 708
1613 984
1555 582
768 280
575 98
1107 612
909 904
1495 753
252 515
276 523
42 804
1722 136
1538 486
1204 241
974 775
89 289
832 619
835 143
1453 31
1964 932
245 482
1768 556
1495 820
1450 234
1159 943
958 773
1837 50
1858 393
1583 394
1959 628
619 454
1943 742
1109 345
1889 928
1666 633
1077 791
1775 76
1342 141
563 550
1593 875
553 450
823 105
946 180
1465 468
14 367
315 268
344 474
26 710
1876 619
164 102
1594 598
1101 691
1780 734
1848 764
219 687
140 60
1506 387
549 584
1809 247
99 67
1545 593
1044 805
321 666
5 990
1401 179
975 976
1543 779
97 58
459 481
1640 931
1008 328
1261 565
691 534
1646 207
1784 941
92 985
10 627
1886 641
1452 843
135 882
968 360
1775 907
481 498
57 440
1469 190
1775 370
1180 552
101 66
400 588
544 146
1486 678
719 477
74 869
509 695
1510 732
1835 784
88 317
674 492
1636 228
463 52
372 52
445 891
834 316
1918 904
32 762
209 482
446 930
592 851
1564 463
1163 397
1020 119
1170 853
43 915
1037 115
1712 172
1440 316
1629 515
650 279
1942 385
1427 957
1321 18
1103 347
1776 130
465 906
1201 801
605 670
1157 828
1674 309
1471 106
391 852
1929 924
896 577
691 990
1408 880
232 530
386 46
1529 242
1840 842
1198 731
336 269
14 869
1041 154
956 817
78 454
464 771
73 491
1151 86
643 117
1090 147
1028 564
1618 945
449 236
1468 660
1968 325
220 163
1144 47
128 821
1722 362
876 312
863 706
1610 823
379 413
1781 254
754 25
1832 432
1250 938
678 753
499 885
1475 680
1941 610
1218 56
341 65
375 714
1656 418
1996 713
930 602
1456 441
15 621
1944 191
297 488
1591 443
1035 16
1401 906
1229 1000
1558 534
1646 571
310 545
228 818
1476 652
1614 452
1195 857
1955 327
527 329
1523 248
311 531
1012 997
954 876
749 464
1000 94
970 335
450 447
1107 226
1344 565
137 858
524 624
240 384
1309 430
354 127
46 209
6 716
1296 619
1780 6
51 95
9 166
1248 527
393 977
523 371
1897 130
1620 262
1751 341
862 548
1246 632
895 160
97 222
505 719
1359 178
626 731
1676 517
1037 820
1192 299
1592 194
1375 870
698 186
1390 801
131 837
1210 361
356 443
543 761
1559 285
1810 516
1296 768
1161 198
1944 787
1347 614
270 255
282 556
1666 965
1988 718
247 919
806 275
1412 976
1310 213
752 101
1222 682
1892 850
282 225
1981 261
555 100
257 463
227 705
1305 332
1099 988
1448 191
396 336
1162 599
519 822
649 242
1697 11
155 657
1790 383
859 935
1338 299
890 533
51 408
290 1000
1762 14
1189 940
1191 930
771 532
1403 937
1559 650
1719 239
868 317
680 979
876 532
449 856
1040 485
1858 356
1083 8
854 890
547 376
1777 789
27 97
152 326
1453 317
660 159
653 191
291 392
919 672
815 172
1964 845
360 393
206 96
1464 345
1214 173
1857 995
1759 418
678 527
699 603
1689 447
933 778
222 924
702 546
1611 377
1439 506
1221 214
10 356
215 954
102 847
781 72
1930 796
583 995
1361 190
1058 278
1909 780
457 202
1515 624
865 16
645 366
158 710
602 687
523 845
1187 527
1539 707
53 63
1069 2
487 312
1609 253
1441 931
786 661
1513 840
1825 252
1369 613
1300 738
937 267
458 438
1114 51
250 520
1174 758
1174 892
739 512
1804 879
1161 470
147 882
155 105
876 412
746 136
1741 929
1697 802
1378 361
658 237
1996 845
736 945
1643 893
1468 777
295 328
1949 294
1797 479
1347 526
419 615
345 435
1079 894
956 681
1841 201
237 178
181 845
259 525
717 265
1820 622
1354 992
1850 489
590 54
981 799
1479 165
689 732
358 316
1257 529
1637 256
829 64
1801 164
1955 522
931 501
146 237
554 758
704 426
884 99
410 443
1359 349
748 249
1547 295
1417 135
703 955
723 595
616 804
756 381
1694 658
33 222
10 473
1779 686
678 662
163 229
1577 319
1645 894
330 78
819 306
166 660
1738 16
1129 348
23 717
248 75
199 252
69 809
1066 401
1181 476
1964 744
1338 145
1962 150
42 44
919 15
1500 98
1517 974
1817 182
770 815
555 788
1032 466
564 128
615 148
1425 313
1215 105
535 809
223 964
936 740
33 773
369 531
677 565
1677 581
1093 970
1342 869
376 181
1556 194
1237 422
1124 428
1987 884
1240 103
575 507
115 430
1130 134
703 955
13 786
1004 393
1578 851
498 591
1374 191
147 639
315 467
1094 405
626 326
1382 23
69 23
687 386
1841 520
735 195
1212 670
1441 279
1062 378
1295 283
1331 685
330 74
261 611
51 846
1948 736
467 506
869 336
182 439
1486 234
749 580
1641 145
356 319
456 491
1435 960
1589 414
1456 457
1542 614
676 919
1971 220
1863 606
1140 217
1347 574
1181 572
896 328
1879 555
684 379
1194 741
737 268
1570 207
248 750
1400 226
1796 53
1982 371
726 160
1994 775
644 65
1292 667
1081 84
190 678
1649 383
1288 517
1133 358
255 423
1131 769
677 867
112 737
371 596
64 542
522 547
1015 150
975 777
596 434
1430 962
380 552
792 867
58 467
1238 535
1339 584
1595 976
1505 188
1713 62
1466 25
1578 489
1630 34
1959 790
1437 264
1923 662
1916 521
775 329
1421 301
856 322
518 405
1900 491
38 425
1546 709
1621 715
1938 68
490 452
1102 455
1424 524
1533 168
121 173
1746 961
911 645
1718 159
1431 801
1368 701
244 155
1194 496
1293 454
8 879
140 135
597 820
545 315
1519 619
1245 651
911 629
353 164
1420 98
1988 851
874 423
967 37
599 392
945 902
1128 140
1671 583
156 693
743 192
244 958
1531 735
448 552
868 234
121 317
144 176
1011 939
1539 17
375 596
156 417
1788 274
394 926
1920 985
785 174
745 243
1588 820
1276 196
894 920
1889 160
1587 238
808 285
1401 789
271 237
1956 972
1276 119
256 351
1853 806
1838 84
735 472
651 76
1213 526
1386 395
1657 622
370 361
1262 128
595 369
692 113
940 388
59 638
1494 737
910 466
1703 334
1847 919
869 84
220 220
981 813
680 583
1778 618
1591 3
584 672
723 12
884 494
1774 840
1959 581
841 183
127 210
1332 206
1505 193
1114 422
1313 574
447 134
414 400
1863 848
58 465
997 788
420 335
671 415
992 816
587 667
97 158
1117 215
770 837
1848 418
1743 796
1187 405
