500
100
983 1228
1798 2624
3255 4175
4604 4755
5435 5617
6482 6669
6930 7881
8308 9155
9238 9838
10071 10330
11284 11393
11896 12510
12800 13578
14382 15076
15489 16188
16911 17742
18238 19056
19810 20517
20781 21208
21364 21891
22202 23043
23826 24538
24942 25673
26118 26862
27214 27865
27908 28508
29313 29555
29599 30151
30521 31034
31721 32273
32892 33294
33643 34170
34712 35333
35935 36368
37072 37924
37944 38289
38702 39042
39655 40025
40376 40711
41122 41644
41665 42150
42204 43133
43338 44035
44326 44892
45331 46120
46715 47524
47586 48029
49009 49549
49563 49643
50089 50702
51583 52447
53090 54087
54371 55275
55735 56560
57018 57076
57424 57800
58692 58696
59093 59190
59383 59431
60269 60278
61053 61249
61267 61369
61602 62065
62095 62496
63222 64000
64477 65303
65452 66434
67346 67891
68294 69155
69665 70070
70758 71185
72008 72113
72515 72876
72947 73029
73993 74558
74831 75114
76007 76706
77462 78075
78632 79243
79746 80167
80929 80970
81877 81970
82315 82830
83496 83797
84610 85382
86276 86731
87666 88524
89394 89821
90554 90702
91442 92121
92659 92778
93122 93748
93948 93962
94151 94250
94367 94423
94750 95396
95935 96621
97450 97987
98557 98622
99307 99853
2000
155 398
321 494
385 1000
145 829
156 273
495 354
485 221
450 694
63 716
40 899
387 220
239 968
279 165
259 871
292 209
88 840
224 471
240 788
374 907
372 814
408 970
7 82
204 580
71 132
130 17
389 571
328 345
353 913
291 99
413 886
261 36
169 594
10 919
370 636
376 939
460 267
441 872
143 399
40 174
123 189
255 802
373 761
1 414
271 311
57 600
197 65
379 887
433 274
339 301
67 298
202 489
51 173
482 37
304 355
385 487
222 376
128 510
346 477
172 806
339 852
121 16
319 101
184 961
16 839
262 927
242 379
156 715
390 655
326 690
43 476
379 900
352 294
381 341
78 9
248 769
267 606
393 901
307 848
156 104
347 722
304 514
77 509
19 187
108 258
417 695
228 613
174 537
382 399
112 367
71 744
283 907
483 373
334 848
263 444
35 679
95 465
333 938
478 138
404 481
102 409
309 88
201 826
40 134
380 207
425 997
487 814
381 373
224 557
66 376
411 372
388 71
405 578
104 584
15 471
273 114
191 315
311 429
105 924
92 774
100 806
212 204
234 4
488 899
53 260
14 693
10 580
83 513
150 193
336 1
17 802
43 707
439 364
90 787
466 646
111 683
83 655
253 437
344 497
251 231
26 661
41 280
79 468
319 972
489 193
372 776
248 222
248 563
397 621
258 760
148 171
403 899
438 967
151 256
344 765
274 767
483 868
435 302
277 85
242 705
292 933
176 76
296 827
491 946
456 376
430 281
275 157
444 218
280 213
425 776
285 573
415 905
205 501
456 433
245 921
435 613
96 987
368 911
197 332
476 189
11 896
493 522
352 530
287 2
69 782
17 338
251 655
395 344
376 941
185 802
110 718
105 607
293 205
46 38
443 36
197 324
476 143
112 568
79 530
278 238
46 377
128 505
7 362
334 92
420 726
449 606
331 756
280 960
49 16
96 554
239 304
283 599
129 914
327 271
39 744
137 479
459 302
296 127
252 171
26 140
257 216
488 39
370 77
374 673
463 56
315 945
94 565
309 962
371 586
73 856
233 214
170 75
182 656
10 763
32 800
349 774
142 184
498 483
222 926
18 117
191 572
159 119
274 711
133 704
465 360
97 776
347 235
328 181
100 889
475 520
119 880
37 406
177 671
105 143
214 305
417 329
389 461
280 104
314 99
265 464
181 862
64 926
271 673
407 332
75 607
492 908
149 702
72 327
420 986
450 303
184 560
421 876
223 625
226 425
457 774
125 366
424 912
457 834
401 841
169 4
48 452
359 137
298 306
253 246
23 712
174 589
76 140
367 751
340 901
352 86
392 205
289 173
466 939
437 804
262 493
222 82
145 765
254 260
242 314
480 379
151 250
121 630
499 563
122 50
147 96
177 872
275 382
226 344
406 477
78 31
351 357
129 546
33 398
119 775
221 476
26 246
100 802
93 403
5 834
286 479
159 477
492 264
8 823
358 879
113 797
307 12
206 999
226 841
479 76
441 912
376 272
302 196
179 792
2 170
385 823
302 65
174 193
65 890
260 590
210 77
293 244
486 981
204 802
148 59
308 171
285 339
332 864
131 404
485 575
296 60
295 693
337 290
99 227
250 637
371 412
237 75
51 412
383 857
496 429
70 749
152 882
269 77
454 362
364 917
420 90
310 549
358 616
152 129
131 470
395 482
354 812
406 653
439 248
320 393
73 345
72 754
395 191
428 816
131 368
253 506
134 448
209 671
262 254
377 668
465 820
475 779
306 189
104 768
179 109
143 441
266 766
274 823
495 570
108 253
422 445
33 745
220 716
201 50
452 721
423 770
82 444
235 780
264 177
34 492
18 610
70 559
442 914
121 326
64 14
44 767
403 348
455 867
12 39
112 326
421 832
224 368
270 586
202 874
135 270
165 473
480 674
336 73
109 541
333 597
346 572
485 98
49 558
108 800
457 475
337 271
29 738
46 922
365 524
212 16
9 529
394 757
209 122
186 35
317 16
116 984
175 230
371 912
321 486
2 952
280 894
223 730
10 129
169 435
332 55
94 691
428 247
214 742
362 663
488 808
355 215
445 564
445 876
172 400
258 669
248 610
423 619
258 470
323 6
54 174
311 942
474 222
418 645
144 743
476 493
399 506
437 898
475 40
22 513
328 105
38 829
144 487
337 804
97 377
448 780
200 746
322 242
483 411
65 669
93 100
105 714
309 29
70 987
204 90
249 980
179 439
39 978
225 671
67 16
397 501
146 408
139 176
78 682
441 767
143 307
181 250
108 863
444 379
269 109
264 408
429 733
207 681
461 575
165 458
477 839
341 971
342 198
39 41
200 550
130 406
319 678
487 192
265 842
370 60
117 198
244 745
353 50
447 522
417 645
88 35
5 958
251 647
42 713
133 272
244 175
265 233
272 227
109 1
222 290
254 85
268 674
440 58
177 93
233 208
289 571
392 994
0 128
173 800
427 136
383 192
152 101
498 918
356 720
15 634
244 977
160 216
265 609
145 367
447 369
433 687
61 845
108 244
298 49
297 937
109 820
146 237
259 131
488 666
176 784
380 481
392 472
217 978
492 438
189 724
399 397
414 772
295 173
486 240
343 544
64 604
46 436
270 976
440 932
259 187
246 152
148 383
403 254
260 34
225 699
489 993
498 95
253 349
7 218
191 559
467 168
18 226
440 401
134 769
31 127
313 895
44 353
93 353
262 616
374 845
164 274
105 315
176 121
283 24
101 819
359 412
220 419
398 294
476 819
438 419
219 100
123 650
206 897
192 684
200 638
281 47
384 645
263 801
483 109
167 5
101 990
151 616
279 806
377 683
114 829
83 322
401 310
118 876
58 232
284 616
449 383
107 787
248 186
273 367
118 523
479 411
487 477
77 759
130 704
139 794
146 28
140 856
42 805
269 345
128 614
255 140
268 975
463 240
133 620
145 145
240 914
219 183
295 507
258 132
58 492
235 916
363 990
256 653
353 887
466 464
364 676
50 238
437 736
174 944
494 257
228 543
258 205
29 628
363 54
295 510
399 198
483 713
27 71
417 510
281 964
187 235
337 162
415 687
333 176
266 330
277 518
387 518
362 667
20 699
434 705
495 14
50 430
258 51
165 243
442 766
59 668
239 40
144 630
89 102
47 460
453 765
412 675
415 246
38 804
40 356
400 590
34 970
9 627
240 227
284 71
64 480
161 131
96 373
226 126
191 31
16 176
392 254
450 528
276 344
234 139
443 618
367 999
278 244
105 806
76 763
142 195
284 130
374 988
256 851
40 768
75 312
27 179
30 983
445 919
322 149
487 502
222 738
18 240
405 45
359 710
281 712
322 786
486 395
155 370
231 24
28 513
156 862
44 148
191 976
467 407
407 191
388 964
265 472
361 205
421 891
405 348
329 957
276 700
137 863
38 555
127 934
25 83
126 234
307 206
401 276
128 613
253 834
11 338
200 887
326 571
367 12
222 531
235 497
449 875
387 841
11 854
156 519
218 578
407 550
242 686
173 417
430 572
143 763
286 658
213 648
286 576
411 589
436 545
337 650
397 575
289 986
361 2
472 47
39 857
27 933
438 82
385 837
66 176
410 698
48 207
184 108
227 754
130 943
211 377
300 466
394 881
149 346
316 542
11 451
129 255
375 725
25 942
475 476
93 294
367 184
455 792
165 44
167 284
69 811
164 865
12 695
104 780
121 93
422 127
125 135
80 37
137 75
211 114
223 53
400 816
405 831
166 319
25 718
285 713
16 367
488 102
392 33
128 22
475 645
294 507
178 273
254 493
56 323
63 412
270 189
288 301
440 769
178 995
403 585
61 182
57 699
477 51
18 459
401 598
322 843
118 130
322 197
421 259
237 562
248 790
80 500
305 487
226 265
151 174
232 335
22 492
182 403
423 730
363 19
184 13
329 454
81 621
414 487
418 139
282 992
8 92
322 809
376 90
223 502
8 312
154 306
85 753
412 201
486 740
243 996
76 115
18 427
253 834
243 166
248 138
257 868
66 919
380 881
134 404
195 618
1 621
293 520
151 863
157 898
340 294
25 444
306 638
258 562
373 930
137 312
274 958
206 115
169 371
28 378
414 754
36 694
470 698
362 373
12 315
452 799
110 636
236 298
348 151
441 679
280 887
3 12
266 467
119 783
60 86
304 99
477 546
263 479
314 637
351 217
326 296
44 491
366 456
443 129
51 319
197 204
301 557
391 748
133 844
318 566
104 789
132 743
254 729
292 844
311 501
91 655
256 236
275 633
232 531
369 262
432 819
450 961
253 137
38 956
157 837
471 814
41 454
396 47
431 457
291 252
150 905
462 644
296 581
30 847
46 747
482 224
346 516
138 794
435 880
448 128
367 565
95 800
347 821
254 521
300 946
354 337
446 325
77 599
444 746
288 667
8 277
143 739
129 504
225 962
337 793
205 979
291 792
28 692
275 552
322 5
77 478
279 742
124 605
142 559
268 759
172 252
109 371
162 477
323 829
264 485
325 734
392 646
323 266
46 877
351 148
116 462
11 553
105 516
86 809
354 873
425 457
71 296
189 278
64 377
359 648
231 850
377 910
79 793
155 813
185 968
113 64
302 791
128 734
61 643
393 434
48 510
33 425
321 435
307 893
169 870
323 600
48 450
290 278
96 642
443 730
153 51
166 589
206 985
46 99
297 259
471 511
197 540
161 255
162 808
50 379
102 7
313 528
266 994
491 655
356 924
70 707
488 285
180 648
461 141
118 270
266 963
449 848
361 908
217 196
303 763
7 357
122 32
237 788
378 762
257 291
294 628
284 887
484 710
168 736
113 246
489 783
115 30
230 711
38 291
319 368
243 212
287 985
116 174
261 847
181 182
13 931
342 581
345 671
85 586
460 22
271 501
145 606
374 624
339 347
367 443
177 713
133 826
486 780
284 156
239 131
25 228
150 686
116 719
346 545
143 410
479 684
20 302
91 883
430 326
183 866
146 498
350 532
303 13
158 176
198 632
30 691
285 858
362 27
473 487
194 247
12 986
63 763
185 521
32 599
288 577
218 57
304 143
237 283
135 824
118 61
287 970
202 314
448 793
420 997
128 859
101 542
422 567
409 346
198 461
470 756
194 814
274 796
453 91
427 440
268 617
404 291
186 963
311 387
247 245
6 932
212 908
228 362
205 439
107 241
346 533
264 453
332 87
199 241
66 828
285 624
131 402
117 795
490 89
391 719
332 678
459 461
54 697
198 780
32 775
485 801
74 393
182 743
337 284
24 862
35 900
190 547
445 275
394 774
188 538
32 800
138 554
108 823
472 835
193 891
386 292
176 120
24 792
17 269
326 875
136 234
266 225
108 543
1 779
448 689
5 36
174 2
224 211
383 303
15 695
347 657
481 462
223 37
97 686
432 735
175 789
125 750
436 890
433 999
348 793
89 840
106 723
125 34
421 635
188 374
294 339
288 414
266 364
334 674
478 500
213 165
259 159
135 325
196 646
37 814
383 664
206 3
191 693
448 910
291 712
408 577
372 950
34 826
158 872
167 624
314 854
99 934
57 416
17 928
256 540
23 43
86 232
2 109
0 155
240 359
418 729
452 766
155 921
192 551
311 409
286 602
62 679
479 547
445 435
28 84
291 232
378 659
123 509
264 734
400 857
298 868
437 711
181 221
135 728
55 209
44 39
300 86
47 817
142 476
236 37
496 274
115 459
498 581
107 820
202 582
462 475
25 291
241 988
236 360
321 137
3 272
357 422
35 757
298 762
121 761
60 913
207 246
230 444
95 838
311 145
285 473
409 505
462 535
355 788
37 553
212 354
46 890
317 807
333 3
400 424
238 487
231 451
218 670
171 813
336 954
478 779
174 549
453 36
397 487
378 180
331 536
28 277
401 816
391 822
470 523
115 90
43 304
136 261
40 91
417 516
127 43
355 345
476 393
421 639
84 419
175 924
77 845
138 351
303 224
244 469
334 632
299 255
142 11
60 118
149 101
79 569
419 461
474 307
70 723
150 519
428 108
454 695
121 482
414 587
155 625
194 712
338 95
407 575
460 141
491 979
366 199
476 256
158 953
240 361
68 92
55 624
437 440
96 192
271 544
207 412
491 294
98 79
345 893
149 205
387 607
264 174
374 529
388 111
283 932
249 719
139 149
377 73
396 117
215 584
455 629
419 421
196 559
205 162
327 866
313 502
405 817
65 709
442 55
193 831
115 321
371 452
270 278
268 946
203 18
8 140
205 424
168 588
9 454
427 732
174 836
39 749
208 121
386 861
403 473
221 685
96 24
419 531
352 655
234 68
464 235
101 991
71 262
109 316
275 718
30 750
419 594
422 452
434 388
440 924
113 322
138 189
112 202
374 8
320 638
13 870
443 11
478 969
346 516
333 78
202 762
428 744
53 837
24 249
474 198
134 231
421 545
95 269
413 638
353 295
243 362
229 686
268 187
251 372
15 693
444 330
488 489
118 773
212 822
371 154
369 604
263 517
393 489
437 621
143 626
360 725
431 618
337 760
175 769
346 136
396 433
297 801
337 651
420 321
252 526
6 491
330 832
27 811
10 91
279 161
303 640
335 932
143 233
17 572
411 289
471 602
85 264
368 907
213 887
484 65
395 733
415 423
460 851
350 293
80 612
490 189
62 941
476 724
354 180
216 666
302 799
117 979
162 860
217 379
387 168
198 996
389 160
429 144
212 908
306 293
33 122
400 820
178 140
235 733
120 895
121 267
271 725
96 648
96 587
182 14
429 781
278 304
145 185
79 167
90 723
440 555
314 317
80 837
453 578
489 273
45 711
431 828
336 178
137 606
2 100
122 289
479 926
407 461
201 231
41 149
286 344
131 924
438 60
119 696
11 627
165 864
216 632
453 105
297 663
223 120
24 737
309 807
491 433
10 26
210 275
109 753
322 116
394 11
429 122
299 221
335 263
366 25
92 398
285 193
363 732
244 87
157 570
404 369
5 190
195 603
207 671
411 891
104 665
161 630
11 979
354 871
446 470
457 110
479 172
281 858
42 916
420 396
109 70
439 407
472 59
379 692
24 420
107 762
290 638
300 801
52 995
390 203
251 907
215 342
149 25
249 33
272 641
133 841
60 179
311 253
443 312
136 858
38 262
288 249
366 771
228 98
89 481
439 209
379 672
65 966
107 44
45 93
29 267
171 53
220 146
172 47
53 77
177 818
294 316
416 12
261 115
80 672
497 697
30 387
332 188
325 79
249 243
350 635
18 555
303 133
103 118
62 387
479 545
325 466
173 977
329 879
43 277
418 160
52 686
151 233
346 982
375 187
218 147
15 652
96 950
471 882
491 905
115 731
287 819
113 484
426 875
295 319
165 728
2 325
150 10
294 985
278 110
366 87
434 597
190 932
272 636
251 748
25 357
219 329
81 322
398 982
7 253
250 949
290 104
17 91
454 881
128 706
26 920
387 634
496 382
341 33
471 550
393 510
440 870
41 865
115 269
151 516
451 928
251 374
467 502
72 835
102 655
402 190
30 379
382 47
404 90
153 538
427 367
228 354
258 615
28 857
403 857
404 697
329 706
136 172
428 633
237 796
335 726
473 343
358 409
309 629
251 681
72 42
238 747
457 712
404 572
316 88
186 290
69 484
392 205
400 295
259 869
488 664
386 292
212 632
235 276
177 189
47 196
135 237
388 91
369 80
57 385
461 728
495 670
13 164
471 6
379 398
386 153
184 700
328 102
375 477
147 700
283 162
310 640
193 966
310 134
339 194
164 730
121 888
60 543
335 848
352 716
271 500
95 90
276 610
267 19
139 948
181 431
240 377
396 861
417 410
384 856
450 819
59 501
316 872
107 85
63 138
224 935
459 156
408 164
331 123
388 690
341 771
153 47
149 73
314 66
1 543
456 174
309 982
216 975
313 728
402 599
226 758
355 264
9 750
309 114
115 382
325 991
133 651
201 546
270 254
314 2
357 811
436 854
279 915
461 264
259 909
226 88
331 274
299 964
283 549
260 979
86 382
250 373
250 949
131 619
248 448
474 398
265 941
338 901
13 546
219 178
212 537
96 86
147 966
455 955
310 890
157 850
337 256
357 746
230 852
499 603
235 112
168 629
175 625
87 672
347 483
487 770
343 102
9 409
86 118
28 611
132 591
267 927
487 673
47 624
2 731
315 478
205 795
433 236
383 256
317 750
194 398
303 400
115 884
292 369
75 280
77 764
250 556
409 731
62 349
30 816
330 838
306 726
98 462
139 246
341 520
128 944
402 727
315 331
95 29
347 419
102 947
73 411
98 51
440 308
301 430
460 89
496 846
30 567
337 964
72 792
431 624
398 21
315 40
458 455
228 334
436 359
226 215
376 309
262 711
407 281
284 938
15 626
436 357
76 139
60 206
320 404
104 826
64 231
225 240
350 711
393 105
14 178
429 419
459 70
0 561
463 725
302 526
187 437
81 354
326 10
27 177
367 513
362 962
222 474
254 344
50 610
453 961
144 221
473 249
349 952
492 859
364 560
408 984
215 496
237 568
59 845
93 351
208 951
60 162
198 851
257 907
74 939
119 417
97 825
296 455
120 509
124 849
282 718
318 388
180 436
66 169
311 354
30 576
481 54
338 775
202 441
277 815
220 571
301 17
417 689
278 201
33 42
121 13
425 158
384 910
155 211
382 293
304 38
461 995
260 618
482 15
126 902
226 232
143 487
104 233
278 30
42 879
143 700
358 925
365 901
68 796
239 611
251 736
422 647
129 781
96 882
219 748
1 587
302 411
480 801
4 269
409 317
223 548
335 974
455 768
293 404
343 398
155 254
364 885
212 902
336 545
172 891
433 712
299 166
62 200
437 387
477 792
209 83
377 878
213 103
333 880
368 285
363 648
255 170
72 481
40 465
8 492
213 100
477 307
231 349
433 967
33 801
164 510
22 167
345 329
386 600
246 30
392 51
166 373
160 513
6 626
276 934
234 624
118 60
418 599
247 549
212 920
44 777
479 941
294 871
234 449
6 468
195 207
335 961
232 961
494 562
197 317
262 217
93 84
205 193
317 429
3 658
386 927
1 843
