5000
1000
983 1279
1607 2531
2670 3663
4257 4636
5564 5742
6249 6329
6814 7355
8242 8455
9411 10365
11236 11570
11728 12429
13025 13439
13653 13670
13705 14479
15028 15982
16579 17471
18040 18042
18656 19461
19826 20048
20792 21125
21800 21838
21864 22230
22604 22678
23179 23619
24515 25241
25543 26119
26861 27749
28319 28531
29281 30087
30598 30936
31169 31779
31878 32080
33008 33352
34197 34803
35104 35348
35400 35415
35574 35950
36932 37667
38303 38942
39383 40334
40435 40687
41470 42068
42212 42868
43025 43960
44374 45037
45359 46259
46468 46521
46692 47147
48117 48906
49741 50462
51059 51447
52302 52502
52857 53057
53428 53773
53816 54804
55099 55897
56299 57277
57417 58248
58791 59625
60340 60349
61310 62137
62293 62453
62923 63038
63211 63648
63696 64081
64360 65181
65245 65569
66228 66609
67000 67647
68168 68469
69302 69677
70083 71003
71637 71801
72396 72464
73026 73062
73681 74174
74864 75752
76193 76752
77137 77706
77804 78166
78328 79285
80101 80543
81193 82185
82469 83303
83700 84346
85275 85470
85645 85964
86103 86336
86710 87073
87838 88461
89077 90001
90557 91040
91215 92130
92580 93489
94112 94768
94773 95693
95850 96144
96742 97543
97875 98046
98940 99422
99427 100126
100178 100575
101504 101812
101825 102318
102389 102708
103229 103905
104119 104908
105795 106409
107370 107586
107786 108564
109097 109466
110258 111225
111602 112258
112491 112736
113502 113876
113884 114665
115136 116010
116207 116505
117169 117593
117861 118349
118716 118913
119434 119622
119829 120139
120241 120439
120703 121073
121879 122490
122722 123525
123914 124043
125021 125426
125696 126057
126192 126349
127037 127391
127556 128435
129014 129473
129955 130779
131500 132354
133172 133428
133555 134019
134836 135068
135750 135919
136352 136674
137245 138235
138466 138587
139408 140033
140795 141531
142030 142350
142554 143271
143884 144833
145606 146104
146256 147114
147546 147670
148572 148882
149443 149998
150051 150070
151034 151923
152447 153024
153762 154320
155178 155992
156917 157161
157165 157588
158242 158873
159507 160145
160740 161014
161342 162234
162592 163338
163729 164139
164531 164802
165476 165971
166473 166763
166858 167014
167676 167683
168030 168840
169759 170559
170909 171165
171455 172404
172727 172756
173028 173788
174782 175548
175685 176605
177219 177990
178744 178945
179714 179800
179961 180369
180850 181732
181917 182435
182818 183396
184333 184885
185046 185965
186750 187202
188136 188459
188637 189545
190370 190421
190965 191009
191338 191458
192032 192263
192472 193285
194029 194259
195117 196105
196990 197496
197629 197966
198331 199255
199975 200430
201290 201317
201610 201925
202337 202602
203008 203597
204324 204388
204988 205088
205471 206219
206336 206371
206476 206526
207368 207865
208612 209110
209294 210114
210661 211353
212070 212619
212887 213712
213875 214875
215445 215569
216137 216467
217397 217593
218311 218983
219598 220132
221014 221935
222126 223069
224040 224413
225013 225411
226132 226877
227366 228282
228887 229208
229696 229707
229838 230190
230334 230906
230965 231224
231809 232132
232528 233344
234131 234663
234923 235287
235585 236437
236754 236880
237651 237705
238229 238393
238768 239134
240080 240780
241070 241225
241720 242408
242814 243734
244341 244635
244760 245716
245894 246086
246258 247245
247464 248181
248524 249413
250332 250446
251187 251405
252120 252650
252795 253665
254265 255175
255963 256874
257303 257706
258374 259332
259436 260269
260620 261517
261947 262460
262834 263306
264303 264344
264370 264815
265760 266701
266788 267261
268044 268981
269626 270370
270494 270949
271361 271847
272162 272614
273592 274084
274761 274938
275572 276504
276756 277744
278514 278637
279138 280094
280904 281818
282253 283112
283516 284471
284504 284548
285349 285415
286132 286519
287440 288394
288873 288963
289046 289434
290256 291122
291574 291757
291904 292703
293117 293321
293817 294371
294639 294839
295727 295854
296534 296546
296694 297603
298576 298968
299957 300395
300738 301148
301215 301862
302370 303350
303933 304803
305112 305812
306662 306915
307229 307231
308063 308484
308907 309161
309700 310601
310784 311336
312043 312532
313280 314006
314732 315689
315818 316458
317052 318034
318435 319127
320050 320699
320878 320924
321774 321816
322682 323139
323412 324357
324882 325063
325901 326307
327262 327688
328658 329372
329881 330649
331453 331479
331490 332377
332672 333302
333422 333525
333801 334586
334656 335250
336181 336891
337640 337886
338543 338923
339406 339846
339987 340125
340955 341140
341354 341483
341934 342626
342942 343454
343997 344939
345154 345189
345681 346346
346619 347279
347838 348439
349210 349545
349630 349834
350555 350676
350845 350978
351109 352073
352372 352815
353200 353609
354087 354872
355026 355502
355813 356530
357436 357466
357614 358462
359296 360269
360420 360860
361008 361069
361790 362184
363082 363084
363140 363729
364602 365030
366029 366241
366437 366825
366886 367018
367409 367453
368314 368522
369318 369717
370431 370448
370974 371126
371943 372278
372349 373315
373897 374235
374870 375523
376176 376836
377091 377857
378656 378749
379591 380491
381296 381392
382104 382667
383588 384392
385103 385609
385667 385733
386681 387402
387880 388591
389277 389508
389549 390063
390651 391456
391865 392177
392353 392356
392764 392805
393280 393812
394785 395337
396120 396890
397273 397509
398145 398839
399033 399685
400318 400633
400876 400921
401118 401562
402098 402204
403077 403133
404046 404906
405270 405467
405808 405909
406053 406762
407687 408670
409268 409799
410445 411393
412272 412783
413718 414364
414962 415155
415562 416205
416623 416835
417610 418454
419374 419480
420065 420863
421473 422268
422581 423409
423621 424309
424849 425196
425410 426080
427057 427434
428122 428579
429399 429569
430057 430313
430994 431101
431267 431784
431851 432716
433222 433821
434393 434763
435453 435758
435846 436766
436886 436957
437630 437648
438148 438330
438890 439477
439643 440289
440416 441263
441991 442688
443326 443363
443524 443603
444309 444783
445152 445466
445724 446539
447490 447635
448228 448896
449001 449893
450804 451116
451160 452048
452155 452933
453294 454064
454401 455019
455858 456437
456964 457061
457088 457162
457942 458089
458332 458864
459363 459915
460287 460942
461366 462193
463026 463390
464367 464577
465575 465712
465894 466550
466562 466771
466897 467594
467723 468408
468669 469542
470024 470815
470930 471797
472564 473055
473793 474054
474983 475674
476644 477563
478255 478455
478902 479384
479514 480103
480597 481561
481666 482356
482696 483430
483558 483808
483843 484721
485242 485857
486541 487337
487471 487816
488444 488872
489415 489863
490063 490665
490738 490910
491758 491896
492475 492664
493343 493708
493818 494193
494673 495218
495877 496510
497288 497517
497844 498381
499241 499757
500291 500357
501208 501436
501902 502712
502967 503372
504200 504532
504623 505489
506220 506478
506809 507160
507349 507721
508004 508756
509116 509706
510402 510627
511530 512232
512861 513008
513931 514533
515382 515638
516011 516874
517750 517811
518707 519593
520420 520550
520811 521621
522443 522480
523426 524210
524858 525659
525897 526366
527359 527793
528356 528470
528871 529729
530393 531002
531598 531846
532083 533058
533388 533914
534102 535012
535395 535660
536474 537169
537905 538701
539308 539578
540359 541127
541417 541507
542376 542412
542625 543244
543845 544804
545261 546169
546798 547115
547400 548234
549075 549491
550462 550893
551699 551872
552654 553299
553450 554076
554330 554912
555746 555818
556332 556780
557680 558648
558989 559619
559639 559998
560723 561591
562282 563220
563713 564559
564662 565345
565542 566196
566292 566876
567203 567240
567290 568137
568338 569224
570139 570484
570766 570932
571051 571204
572160 572264
572814 573158
574053 574943
575364 575950
576205 576260
576835 577174
577869 577984
578047 578988
579343 579892
580573 580817
581639 581905
582658 582786
583205 583980
584550 584858
585803 586041
586698 587503
587593 587727
588399 589310
589378 590149
590789 591591
591772 592585
592710 592735
593292 593810
594398 595369
595613 595757
596382 596444
596749 597585
598169 598852
599164 599799
599856 600729
601123 601697
602589 603560
604560 604764
605552 605599
606547 606586
606888 607172
608015 608723
608787 609716
610381 610706
611023 611541
612014 612164
612274 612598
613271 613570
613865 614595
614646 615524
615528 616293
616606 617446
617855 618796
618908 619514
619956 620253
620427 620624
621460 621830
622788 623706
624455 624886
625726 626118
627023 627059
627266 627439
628056 628923
629880 630809
631659 632301
633282 633492
633526 634149
634594 634740
635432 635981
636745 637648
638593 639168
640096 640968
641843 642538
643375 644330
644714 644952
645789 646787
646961 647796
648118 649016
649127 649270
649528 650363
651130 651777
652144 653057
653085 653943
654836 655098
655855 656570
656826 656993
657797 658066
658207 658266
658938 659430
660028 660035
660745 660772
661634 662608
663536 663743
663841 664247
664704 665003
665752 666505
666789 666998
667304 667523
667880 667952
668266 668999
669760 670704
671694 671944
672081 672128
672407 672807
673228 673996
674595 674689
675547 676418
677054 677731
678065 678866
679301 680034
680665 680737
681323 681972
682418 683398
683408 683482
684312 684330
684605 685540
685616 686571
687085 687123
687737 688551
689395 690384
690633 691258
691834 692280
692458 692537
693267 693397
694141 695137
695418 696036
696534 696697
697503 697787
698727 699640
700355 700738
701538 701712
702444 702751
703719 704540
705095 705109
705255 705952
706622 707424
708315 708545
708829 709385
709881 710098
710506 711271
711341 712195
713079 713929
714826 714839
714877 714950
715446 716325
716837 717215
717803 718654
719300 719425
719711 719820
719827 720412
720544 721543
722078 722656
723362 724358
724754 725299
725663 726364
727208 727849
728354 728969
729871 730563
730564 731212
731338 731751
732260 732280
732642 733109
733146 733182
733379 734219
735053 735353
736187 736209
736265 737160
737356 737697
737763 738483
738547 738768
738808 739222
739972 740590
741541 741607
741868 741884
741993 742316
742753 743529
743548 744493
744580 745241
746224 746559
747306 747866
748683 749299
749365 750095
750969 751847
752431 753268
754237 754714
755052 755843
756806 757541
757730 758224
758444 758830
758953 759438
760396 760451
761423 761724
762035 762569
763421 764234
764327 764911
765546 765756
766280 766431
767280 767841
768828 769660
770511 770703
770962 771181
772106 772482
773450 774428
775070 775317
775994 776154
776578 777034
777665 777846
778284 778367
779217 780156
780600 781070
781229 781809
782081 782116
782226 782457
782548 782929
783125 783649
783828 783926
784859 785741
785868 786509
786547 787321
787516 787959
788858 789112
790080 791018
791101 792026
792830 792920
793338 793716
794710 794911
795288 795639
795854 796173
796300 797300
797793 798587
799286 800070
800325 800642
800654 801501
802026 802663
803311 803437
804352 804791
805668 806662
807648 808003
808344 808822
809384 810359
811053 811522
811574 811583
812285 813226
814129 814340
815250 815517
815592 816060
816439 816957
817540 818249
819041 819590
819638 819858
820736 821213
821283 821346
821582 821609
822155 822649
823159 823825
824379 825005
825680 826610
827197 828068
828518 828557
829518 829797
830043 830828
830950 831435
831679 832136
832463 832859
833793 834351
835078 835608
836478 837212
837357 837498
837860 838690
839299 839851
840539 841380
841503 841831
842509 842722
843428 844008
844939 845605
845651 846005
846983 847418
847910 847913
848542 849215
849813 850198
850898 851314
851513 852451
853411 854361
854478 854977
855238 856056
856854 857641
858056 858566
859017 859390
859737 860365
861333 862074
862945 863512
863838 864154
865040 865060
865574 865874
866214 866222
867013 867741
868380 868816
869295 869918
870168 870661
871651 872511
872722 873147
873512 873897
874148 874878
875787 876444
877247 878104
878440 879438
879777 879984
880001 880929
881577 881731
882523 882722
883066 883798
883851 884531
884657 885420
885654 886562
887264 887699
888517 889020
889904 890338
890951 891343
892188 893084
893908 894341
895126 895947
896170 896498
897192 897351
897359 897512
898108 898233
898672 899440
899812 900738
901531 902030
902249 902538
902963 903611
904438 904770
904795 905387
905969 906328
907133 907541
907572 908261
908514 909493
909876 910475
911469 912079
912213 912645
913441 913502
914095 914740
915674 915996
916938 917442
918310 918394
919136 919241
919869 920147
920272 920730
921188 921808
922145 922477
922809 923384
924319 924360
924780 925088
925129 925336
925916 926549
926887 927239
927560 927610
928047 928432
929313 929323
929517 929696
930063 930290
931057 931774
932103 932325
933025 933574
934155 934802
935754 936313
936817 937299
938207 938985
939416 940112
940960 941854
941991 942057
943055 943624
944007 944192
944438 944635
945578 945748
946158 947092
947307 947584
947965 948419
949080 949553
949589 950241
950816 951402
952268 952291
952631 952655
953068 953579
954328 955303
956155 956261
956542 956723
957349 958185
958766 958952
959545 959888
960102 960338
960784 961029
962016 962109
962473 962933
963109 963291
964154 964621
965314 965976
966784 967293
967494 968476
969112 969589
970183 971025
971047 971084
971380 971626
972446 973320
973358 973501
974316 974450
974553 975085
975886 976827
977568 977890
978660 979136
979299 979853
980845 981194
981651 981803
981830 982628
982641 982898
983530 984059
984268 985231
986226 987030
987035 987780
987989 988793
989771 989953
990080 990133
990152 991115
991277 991389
992121 992260
992744 993559
994481 994483
994554 995217
995282 996069
996720 997004
997149 997856
998648 999093
999782 999886
1000718 1000789
1000790 1001769
2000
4382 378
2478 201
1428 626
1226 192
1745 473
4836 419
3212 810
1282 329
3133 405
2800 594
4815 252
4155 940
4647 933
3085 947
3384 291
1179 584
280 939
120 464
1792 858
3997 516
3706 733
2325 144
2277 311
203 932
3893 724
4847 219
4638 768
4003 281
319 49
2110 256
778 870
271 505
4447 380
1685 337
2626 531
1181 383
1446 346
3155 645
4449 498
3992 243
4063 547
1805 333
2283 124
1936 580
3071 537
1516 317
2128 804
3383 665
4337 599
3433 702
1379 16
1900 178
139 235
3469 613
3458 297
2613 510
2134 611
2816 896
3904 173
2989 904
3715 805
2943 127
1636 780
1314 500
1777 314
3857 780
228 688
2188 74
648 56
3635 650
793 635
3555 822
2180 527
2257 160
969 304
3794 191
2449 320
4460 767
4932 494
1259 453
3837 232
1942 717
1462 274
4973 912
1700 438
1827 70
3463 803
593 313
3629 344
3056 671
534 68
3481 821
1445 107
4117 995
4664 44
4864 105
4627 795
464 383
3767 634
769 60
3564 386
4285 189
223 283
3402 103
2395 763
914 274
3007 861
2913 330
4065 901
391 668
3845 149
3401 952
1970 777
4205 960
3886 894
2284 585
4822 816
1641 180
50 908
657 853
393 441
4320 746
3423 303
932 1000
4740 612
4109 460
786 39
2960 757
3661 124
1676 688
2274 59
306 408
3989 264
4760 535
2288 820
4412 240
848 923
3615 791
1392 869
231 675
4528 153
128 53
760 598
3459 734
3811 469
237 183
2169 73
413 861
1176 634
687 641
125 947
581 268
3694 326
3057 368
4319 565
3241 826
2368 112
3591 320
819 166
2286 302
3019 57
317 444
307 62
2917 497
2966 264
873 658
1491 181
4271 198
4340 344
2884 364
4937 342
3250 81
4936 31
1287 564
1803 823
4617 439
183 162
1195 146
4967 792
470 740
3606 303
661 930
839 431
3445 881
3579 784
4073 600
2385 20
2051 869
1191 559
4620 836
68 212
2441 675
1543 647
2422 639
3657 634
3645 505
59 443
2895 274
4666 294
1322 319
4106 36
3467 45
1192 31
1528 550
4228 373
572 513
33 360
1016 528
2297 594
2779 346
3329 407
665 686
4002 545
165 783
2055 978
1656 849
1493 819
4755 83
4342 247
1083 953
1382 109
4016 266
4234 694
1468 951
42 298
4059 230
1450 142
4969 294
677 190
3931 173
418 426
3266 367
3893 448
3705 733
4497 868
2006 96
3828 684
1269 732
1238 489
564 920
1381 383
2250 819
3498 654
2296 79
1934 168
3253 765
48 103
3665 562
900 499
92 851
2177 722
1914 503
4513 623
674 295
4269 879
2058 403
4078 361
2436 535
1875 103
1812 626
3049 39
2454 999
671 327
4542 581
1250 953
1912 327
4682 157
3412 313
2141 980
1787 879
2119 190
1158 616
1784 725
2850 606
4574 21
3609 786
3206 908
1055 109
766 950
2907 193
571 647
2758 85
4287 70
4935 484
2578 32
1243 506
2954 242
3284 145
4154 456
842 776
1624 409
1804 443
1917 408
4337 545
2384 967
1351 565
2174 939
1443 855
718 662
4732 224
2168 151
1082 107
318 451
555 847
2688 450
3235 279
705 335
3518 740
4288 739
985 61
4793 664
1283 737
4717 117
152 392
352 679
4940 47
1633 218
3376 132
3930 579
3476 616
3577 595
4990 760
2611 276
159 195
2865 683
3323 192
4600 525
549 504
105 263
2857 296
971 598
236 812
3775 102
3728 368
1767 889
2490 788
4982 176
3130 284
1451 396
3203 781
2881 97
1548 222
2907 242
1587 446
4318 341
4605 775
2751 481
1740 286
968 547
599 993
704 168
3214 245
4103 126
2105 743
3888 654
2161 148
1320 321
58 685
1680 102
2561 472
4268 773
1585 913
242 557
2243 968
2648 617
3157 502
485 614
810 880
1561 73
2520 843
2192 258
1250 720
706 31
4854 130
2712 175
3984 825
3760 183
3592 489
3762 467
3896 941
4256 393
797 24
3737 68
4617 776
4184 149
3353 268
1112 277
2402 582
1143 319
2293 390
2502 690
2244 401
168 115
1759 742
2099 791
1196 458
3047 363
341 827
2125 912
1876 979
1238 371
721 254
2790 355
1746 675
1000 349
4971 621
3912 889
1336 330
4250 187
3943 488
1374 814
4025 907
3252 270
509 10
628 181
3943 326
1785 397
3267 311
2558 548
4818 603
2494 309
4181 66
3007 749
2177 804
3091 555
2280 490
2500 897
946 846
421 230
2175 421
874 564
2853 665
3834 514
4980 299
1065 466
4201 283
1345 336
3268 856
3738 316
3435 626
1439 456
3598 773
3163 811
1059 400
3902 755
3359 547
899 731
3517 357
1421 76
370 355
86 896
4792 1
640 472
1443 711
4154 108
554 852
2222 888
428 343
3623 682
4174 491
3284 861
4918 604
3098 72
351 607
4788 360
2667 462
533 391
3570 80
4851 405
4068 133
1890 512
2491 263
3508 904
3998 710
4589 762
3588 867
3958 767
2420 747
976 949
215 884
2535 547
3418 546
265 952
3946 796
197 93
859 727
1897 711
3146 97
4735 276
3786 52
3986 418
4 306
2308 815
2 428
1535 119
3673 92
4183 753
4911 669
2995 977
3597 43
4850 696
1872 900
4048 956
1443 715
4536 504
732 765
1088 441
3563 870
4549 778
4028 765
1237 791
638 981
1217 210
1793 314
3490 401
1440 673
417 297
3031 940
2581 540
3884 71
4193 244
1642 593
3728 765
1818 925
1813 563
4160 964
3466 122
1196 707
424 55
2113 941
834 170
106 206
1015 881
1105 453
2512 925
3672 576
2949 151
3744 511
3439 936
3036 1
708 524
4399 14
4210 171
4760 592
3101 157
1704 870
2825 108
22 933
2936 23
872 710
2959 723
4267 172
2850 201
1921 560
1949 712
3678 407
441 675
2755 645
2731 749
1273 482
4986 729
4883 233
1230 721
3340 775
3192 370
1385 37
4276 218
3974 524
4813 893
607 16
2874 519
1537 641
1691 340
1826 264
370 827
3325 899
1003 840
1100 379
1900 853
4368 541
1459 456
3492 30
4219 852
1359 900
2148 682
4780 656
870 545
683 693
4050 88
1520 670
1870 188
1763 252
42 655
2805 556
879 694
1875 454
3781 152
4656 901
2256 393
821 889
2205 366
224 612
1805 639
1320 112
3986 175
4706 185
3632 464
380 442
329 630
2137 262
1149 228
3465 317
3063 532
1325 854
3753 687
4854 954
4180 679
1296 283
4937 714
986 264
3627 107
1690 502
3697 683
2792 928
3538 651
2218 527
2798 132
1596 129
4587 91
3449 749
4333 127
3855 971
2966 41
2000 951
2193 577
1346 802
3272 830
1534 623
3880 478
3107 852
3847 643
4603 285
4458 813
1976 316
200 175
4921 883
2672 139
3858 879
873 493
3866 485
592 293
207 244
2432 152
4959 560
4313 952
2220 333
813 506
3451 867
2400 543
4212 497
927 794
2307 482
662 258
4313 314
627 36
976 285
3858 595
29 173
4215 421
1035 483
1240 630
1564 486
888 202
1021 411
2691 263
1260 19
103 41
1782 158
4721 280
4693 677
469 540
3559 395
4938 113
2147 594
1929 30
1811 939
504 703
2605 815
4611 906
4554 60
2271 597
2887 434
4374 802
1232 766
1232 382
4069 724
2983 104
2249 35
3138 79
3684 735
3541 826
1153 612
3788 494
4465 381
3156 355
3365 3
772 903
1781 762
3767 513
4839 757
2814 371
4688 482
1155 661
778 426
5 637
1259 797
3584 705
1897 28
2710 511
108 760
3315 512
2993 695
1193 237
2376 954
2743 662
3151 589
1863 524
3720 420
4575 621
2646 505
4251 966
4587 182
4860 508
553 578
3735 782
2425 978
779 940
4289 69
1567 608
1303 553
1377 602
4807 636
4670 222
3903 795
686 79
1213 597
1049 236
4243 464
3510 472
3039 786
4705 133
4438 636
4192 217
2940 591
2607 159
293 313
1659 584
569 822
1401 63
661 435
2996 782
1477 223
1008 401
3617 680
2835 913
2639 779
3840 78
2973 291
4898 443
3750 828
1687 990
1118 122
1760 928
1126 835
3933 741
339 866
4738 759
2607 578
4409 363
36 29
456 668
3305 752
2444 328
1049 65
3208 111
1434 228
833 896
3410 451
2055 553
89 906
4740 630
1128 310
113 116
1498 701
1195 640
3562 932
1654 25
4281 348
3535 740
4713 577
3340 485
4351 678
2999 415
778 713
2435 60
3643 95
812 505
4751 277
1177 74
2116 788
2793 799
1337 40
131 672
4747 992
3978 957
154 939
2420 626
2868 870
4331 317
2170 187
2013 739
3591 400
268 895
709 300
1033 91
4044 454
1720 597
3274 463
2356 132
3148 156
2806 873
767 741
1091 275
486 754
779 77
850 341
4307 665
853 514
231 64
4339 959
689 503
2232 654
3942 406
981 368
1200 802
211 419
2405 366
3928 203
72 808
4447 158
2621 428
2635 610
3402 829
1293 735
4548 313
70 734
4373 545
3971 324
2113 542
1345 895
4208 718
2597 218
1210 427
4334 707
507 514
4615 759
4503 570
2630 132
4203 158
1428 309
3136 579
2678 340
13 673
2070 252
1812 871
2287 934
2130 816
955 761
2989 940
3918 11
2321 816
1783 353
3109 716
4932 290
94 791
230 294
3476 229
2222 672
567 39
19 666
1631 447
4344 189
3788 559
628 258
1846 915
1854 959
3088 796
367 837
1174 731
4572 123
2591 523
1484 882
618 952
4569 98
982 848
1431 488
1249 590
3743 281
4199 352
4079 945
730 244
1446 387
752 477
264 497
769 950
2146 242
2448 46
823 421
615 612
3041 992
2835 626
510 364
4182 841
3983 307
2169 542
212 823
113 127
3229 598
4620 862
4007 870
3241 254
4142 620
3792 512
1911 208
4450 540
3634 744
208 999
1174 537
4417 488
4524 175
1459 140
1718 456
4834 810
1216 626
686 463
158 320
3321 138
3409 515
3718 367
4256 689
4315 634
2870 541
500 514
4370 342
1326 218
298 692
2718 891
3432 612
3725 116
3843 632
4465 927
3180 634
963 374
880 505
1524 148
4905 793
107 234
2982 563
2671 471
3063 824
1696 381
2933 108
3913 656
3568 816
4751 355
2837 994
250 230
4331 407
427 307
2272 510
4084 891
3951 266
519 263
3084 562
2759 699
3550 469
3523 522
4092 408
1032 504
2064 997
4791 226
3198 400
3003 377
725 337
869 683
2181 141
3842 82
1397 554
4708 176
1529 803
2470 147
633 175
1048 622
4520 531
3026 100
4515 663
2661 417
3275 795
2274 165
4606 781
898 857
4338 375
4028 650
3233 18
971 579
1655 981
2229 207
1037 379
2321 954
3685 563
2253 747
4289 746
4133 201
4939 765
3088 529
1296 132
669 980
2845 615
2090 375
4681 68
3721 558
1707 759
4410 664
1686 709
4626 593
4618 239
2197 496
1515 292
661 878
37 931
3599 194
4561 186
4445 271
2455 461
531 798
4291 937
158 923
2715 100
3419 185
4687 288
1602 245
4912 302
4800 78
752 694
1164 457
2449 272
70 269
2936 258
4346 489
3932 794
2671 673
281 221
4695 995
3995 385
1751 506
1978 108
3297 605
4019 547
3737 178
4267 429
547 521
1117 573
4834 202
4808 647
2376 220
609 133
1005 994
2294 217
580 480
4204 279
3356 101
832 998
4832 40
4514 226
2089 538
943 712
2934 807
4537 45
2252 447
1617 275
245 516
1277 788
654 164
4004 269
2145 293
2054 599
874 517
1735 607
43 420
3000 456
2155 61
3231 124
1475 390
2968 23
1446 412
4564 993
772 811
4443 151
1502 501
2963 622
2844 143
1189 437
323 66
1545 924
4665 164
619 812
1097 887
4914 117
3689 845
3246 898
1751 122
2375 630
3731 170
3758 449
135 602
3376 142
3339 188
2513 614
877 234
3339 513
3323 744
2170 166
294 842
1796 335
4987 11
2517 172
3076 694
3891 851
3235 435
3469 410
1573 56
3764 975
2901 999
4165 141
57 146
121 512
2847 888
3088 443
2669 949
2073 379
1024 775
2033 955
3766 60
2541 512
3571 529
395 474
1606 561
3016 80
1079 515
682 764
3045 996
1822 737
4640 317
613 458
3899 551
1545 297
1261 196
1552 757
3203 394
3111 18
2914 584
4660 315
3018 678
4940 109
2352 875
3939 717
3879 905
1639 508
1472 803
3952 916
3891 471
1130 572
4419 250
439 158
3581 963
4262 633
1957 535
762 445
4459 364
2572 721
3767 800
1238 574
2527 130
3678 201
2421 546
4511 570
1528 922
2068 310
890 566
1678 54
3986 460
487 446
2882 476
4009 865
2225 759
3489 336
680 999
282 865
3620 417
666 774
2448 663
4366 767
4058 78
1278 622
1104 450
680 320
2605 704
404 449
1826 501
975 927
445 865
3954 791
3737 788
1318 322
2285 914
800 311
4550 327
3735 754
3042 628
1948 409
641 845
3935 715
2857 468
230 905
829 656
1782 151
978 972
2750 119
988 466
3547 164
4765 90
4700 816
4130 135
3316 31
4157 713
1652 600
1352 84
4162 23
618 919
2537 601
2676 488
2046 276
2244 980
2580 640
2232 945
4448 834
3214 785
92 109
4739 376
508 507
3820 818
2719 725
1306 177
3868 356
4944 409
3185 337
3046 605
1147 935
1683 254
4729 915
1831 376
1715 11
1652 927
1046 452
1363 112
1960 831
3250 774
4267 219
4364 206
2111 912
2520 536
4882 67
3447 971
393 573
2797 961
910 474
1675 552
1958 188
1347 599
3558 109
663 771
4928 67
3686 410
3935 962
3212 911
1039 741
2542 192
4807 563
3829 135
1822 347
3577 823
3413 7
4911 477
289 740
4511 300
3985 264
315 181
3908 570
2208 942
512 930
2937 483
2086 127
1576 919
2353 299
520 266
2046 489
4973 466
641 621
647 921
3199 451
4494 340
87 486
4974 316
66 191
873 986
361 215
4603 714
3672 376
3109 310
2073 557
2632 750
4473 591
1762 657
3931 466
2842 112
2382 99
2285 410
1306 422
4762 172
513 242
2974 982
575 290
2839 555
2775 22
4873 325
440 307
3815 15
3430 503
391 415
1269 417
3490 578
448 774
110 822
238 199
4456 522
4094 828
1035 238
354 102
3851 407
4497 769
4507 913
3407 70
1479 674
3391 598
2529 722
1158 706
215 237
638 196
1870 935
3292 872
705 786
2859 835
1119 973
4141 121
3666 483
4740 75
3232 542
2128 302
3050 869
1967 361
1405 885
3792 770
1256 690
1780 838
117 612
2296 359
225 572
4747 234
458 159
267 335
1908 723
2832 918
66 489
303 637
2373 753
4432 41
1283 475
1234 639
1425 428
4121 64
4473 857
3828 656
3485 563
1457 562
1802 492
4684 832
3013 27
1306 738
4365 785
2717 511
3237 193
3606 491
1320 798
3449 478
3795 648
2956 472
1604 724
720 614
2623 83
882 226
745 762
3590 890
186 14
1594 344
3569 997
4996 860
1100 49
4416 149
1783 871
1150 739
251 133
2855 69
4917 501
4813 698
4699 158
3742 415
2574 308
4336 279
4811 657
2569 556
1182 711
2892 662
816 881
3542 305
4648 924
78 28
4847 826
515 370
2765 245
3953 271
4102 344
4708 605
545 673
3302 966
911 636
511 510
4201 42
1847 420
4739 940
1767 501
706 479
89 141
2120 775
4730 675
2262 909
3179 186
2012 962
2084 938
631 853
183 688
4983 419
631 836
2079 460
442 507
1325 636
1902 283
1713 678
3232 762
1214 544
1513 30
2448 173
1715 76
4123 28
1465 323
3643 950
49 896
3775 189
557 676
1011 711
2829 910
856 273
2714 57
4592 202
2458 630
3355 330
4358 998
3759 218
886 527
4811 229
1619 146
398 104
2554 189
3084 860
2632 311
1745 830
3566 171
1928 852
1392 65
4205 993
3708 469
4032 373
4848 525
4245 858
2530 966
1092 791
1466 361
4005 739
3790 907
2675 449
266 222
2289 926
249 530
4657 966
3808 490
3850 862
1288 230
4618 867
2813 678
4787 955
4150 941
76 932
3808 570
1834 840
3810 644
69 89
3634 146
2139 621
648 864
4852 558
1800 800
1575 656
51 343
2433 439
281 845
2465 540
4242 147
1252 211
544 108
1124 408
837 168
4542 981
3893 340
3675 471
4996 761
1192 925
3789 868
1893 561
3911 652
3369 980
3363 198
3368 799
2531 15
2916 145
2431 578
1193 348
1916 62
4018 441
856 542
3474 854
1909 153
4352 195
4874 198
3525 893
1290 723
567 443
4811 207
2198 147
4325 975
2733 589
2192 668
1100 81
2802 356
1507 83
3458 794
68 26
656 789
2685 887
972 5
3412 654
4772 738
2008 689
3527 162
1027 762
3867 518
2267 42
3946 132
3960 132
693 839
732 767
2025 75
1860 326
4523 933
535 908
1571 731
2289 244
661 870
2316 414
1374 395
2429 603
2113 237
4107 73
4154 939
3680 355
113 574
3163 838
3755 390
2769 215
2674 643
3550 581
2556 641
4486 197
506 507
4288 812
3522 32
2147 926
2377 643
4568 947
2856 202
4646 200
2188 768
4614 177
3587 181
1936 520
4263 87
2433 280
4536 231
3332 328
946 948
2723 452
4142 988
4903 630
3489 251
2703 48
3672 54
3243 101
1933 837
4049 789
3524 330
1688 178
4670 822
4437 381
3358 855
2988 572
4202 770
3290 526
4278 679
4998 298
3535 681
4241 123
2258 780
2200 232
995 260
3411 998
4179 241
4860 140
2057 144
3068 348
3011 544
3341 984
4882 469
4522 585
1476 283
141 924
745 145
2202 489
4008 720
1842 491
2499 111
3945 396
1532 355
3581 914
3833 478
1886 994
3468 498
3006 385
909 654
1738 378
4836 669
311 883
3995 672
1288 861
1843 13
2387 840
1140 645
1123 138
109 486
2950 166
2679 864
3310 36
3169 675
2405 448
1785 329
4947 992
2207 676
3264 252
2997 811
3270 41
142 624
4856 534
2750 983
433 175
2360 370
4514 884
440 167
1857 773
4798 24
179 477
2248 54
3216 306
1953 373
1966 95
2549 503
4494 752
2901 284
2339 4
1252 304
3310 73
3158 850
3221 441
4797 867
2517 865
3175 679
3745 758
4278 539
1859 447
3369 133
1673 696
1588 879
2227 263
4298 532
3304 117
2350 922
2331 726
3929 736
995 480
944 310
828 351
3332 808
416 92
4140 229
233 339
2794 712
515 745
3141 997
1618 385
608 989
123 24
3279 758
4011 140
2083 441
1266 98
4480 78
4847 913
2542 136
4858 253
4632 4
2169 411
1664 498
1821 139
4415 757
370 625
4594 533
568 974
2508 397
81 674
4240 361
4584 885
106 429
1449 806
74 863
844 677
2706 519
967 696
4098 638
4423 516
2781 894
3789 650
4234 162
2162 325
953 297
3770 596
557 630
2731 711
1561 926
3229 508
2426 496
2845 657
4577 693
1110 359
3350 674
589 174
3130 943
270 342
3265 70
4732 892
443 225
569 820
1511 608
749 27
3056 133
3588 818
224 733
72 8
3922 964
1868 155
2188 353
2679 721
3086 350
1543 773
4423 534
949 150
3030 728
1556 988
1501 671
1905 820
4903 392
1671 866
2527 969
2283 387
2004 428
2684 608
4583 994
445 954
831 844
4613 303
4114 714
2126 776
3540 457
264 812
3628 902
1746 120
3358 575
4927 301
2080 532
4302 308
1823 603
1495 257
2277 368
4985 664
3513 815
3586 323
4458 546
814 16
475 339
1872 53
3879 505
3204 699
1815 118
3965 971
3631 369
4911 53
672 202
1067 445
3449 995
3222 528
1118 187
879 696
283 851
232 339
4403 384
4173 207
4769 556
1716 611
4682 633
4837 363
2685 669
3550 262
1343 300
3431 416
3633 981
378 425
4967 434
551 328
2951 424
1050 804
3157 128
180 704
798 712
3961 645
174 760
4590 650
2994 293
1442 185
1284 76
4732 694
66 452
3341 959
2226 174
1882 51
2475 556
1496 663
2204 631
1347 422
2054 652
2398 123
1919 915
2319 521
4929 919
2025 129
4042 216
2097 798
1397 434
4785 853
2332 51
2172 195
1160 368
683 905
4631 679
2721 246
3944 288
3277 107
4862 321
4307 387
2983 941
3198 282
4784 517
2302 190
4191 661
2611 730
3202 375
315 525
3156 578
1589 5
3182 742
755 12
1401 524
4174 719
1636 29
2113 872
3068 89
2873 877
569 132
4980 571
1009 745
2603 439
2119 611
3206 663
1358 476
2444 696
2270 461
1722 873
581 16
4019 476
3617 165
1823 717
3785 7
2711 801
1342 54
3646 280
1051 338
1148 534
2328 676
133 320
4902 768
3815 109
666 855
424 590
1484 414
2365 398
2138 913
797 512
1815 618
4924 116
4924 969
1117 761
3663 724
3295 975
3506 592
1996 467
4529 744
3693 613
423 203
1206 787
2051 860
260 897
2042 934
184 206
2240 102
4161 789
220 59
519 716
3043 977
2600 691
812 514
712 86
181 996
590 643
2057 118
3352 606
2577 945
