1000000007
1000000007
0
112
1000000007
0
49
720
110
35
362
139
1000000007
203
120
368
3
301
622
207
1000000007
164
551
272
331
658
279
655
491
895
1000000007
1000000007
156
127
232
596
11
267
564
1000000007
361
514
185
74
1000000007
109
780
613
202
230
692
143
1000000007
926
734
1000000007
1000000007
25
313
351
417
1000000007
529
24
447
980
584
220
467
180
158
1000000007
330
19
55
249
117
613
165
0
194
603
647
487
1000000007
734
1000000007
1000000007
672
700
1000000007
388
4
1000000007
892
636
875
100
953
922
459
923
142
1000000007
417
1000000007
855
560
964
604
152
230
252
891
558
559
670
1000000007
398
490
1000000007
672
321
374
1000000007
329
437
779
168
159
1000000007
152
1000000007
1000000007
1000000007
107
539
131
93
1000000007
159
1000000007
358
276
137
6
201
107
521
350
90
1000000007
663
312
1000000007
332
296
1000000007
157
336
9
1000000007
364
211
887
124
329
1000000007
232
558
762
1000000007
615
280
1000000007
156
411
1000000007
536
1000000007
701
144
300
876
1000000007
718
29
1000000007
249
1000000007
311
486
1000000007
898
1000000007
1000000007
833
1000000007
926
737
981
249
556
844
845
518
893
1000000007
963
507
1000000007
132
532
1000000007
801
35
258
147
221
291
214
334
65
25
1000000007
485
425
284
171
1000000007
13
28
116
846
465
152
1000000007
369
545
592
13
315
5
390
31
507
1000000007
70
239
7
387
553
86
962
1000000007
440
638
5
805
464
802
378
966
1000000007
363
1000000007
51
1000000007
37
1000000007
337
752
562
1000000007
439
407
238
87
201
1000000007
705
242
433
1000000007
9
444
723
931
200
505
0
597
523
334
1000000007
107
42
501
359
1000000007
542
1000000007
1000000007
524
372
1000000007
754
0
700
91
444
458
865
247
315
378
364
967
1000000007
1000000007
497
323
131
1000000007
254
155
1000000007
277
134
959
911
365
429
1000000007
199
632
429
1000000007
1000000007
654
1000000007
678
1000000007
1000000007
339
138
363
702
663
635
459
988
241
510
92
467
546
1000000007
204
88
302
1000000007
1000000007
354
127
172
1000000007
1000000007
463
458
628
60
779
195
1000000007
275
158
16
557
464
437
194
323
112
184
1000000007
558
1000000007
1000000007
1000000007
944
137
601
12
63
1000000007
211
263
215
623
401
179
1000000007
715
1000000007
1000000007
123
342
0
55
162
1000000007
244
489
375
1000000007
1000000007
23
895
363
314
5
202
357
1000000007
422
1000000007
89
241
1000000007
433
895
77
1000000007
655
491
1000000007
980
1000000007
83
1000000007
82
1000000007
195
134
98
59
855
437
133
542
867
1000000007
1000000007
1000000007
1000000007
487
787
551
139
1000000007
69
572
434
218
83
1000000007
483
140
295
888
1000000007
650
1000000007
61
166
238
1000000007
1000000007
410
1000000007
427
1000000007
1000000007
193
1000000007
1000000007
485
408
1000000007
537
381
55
255
1000000007
264
139
1000000007
398
65
1000000007
105
678
646
428
270
195
66
318
58
421
32
1000000007
645
328
1000000007
301
1000000007
584
167
5
144
71
76
365
976
1000000007
337
354
51
695
1000000007
101
1000000007
281
64
824
71
1000000007
545
437
813
773
46
665
495
420
613
13
405
89
162
339
539
231
201
847
633
242
159
1000000007
1000000007
756
439
861
390
152
1000000007
1000000007
823
1000000007
1000000007
710
1000000007
735
180
734
1000000007
77
191
864
321
39
0
317
366
369
246
15
36
449
166
138
674
619
620
555
141
494
597
100
760
302
513
681
319
1000000007
562
271
558
479
1000000007
226
254
351
588
185
67
1000000007
535
54
33
276
451
22
56
258
477
1000000007
1000000007
205
547
1000000007
837
1000000007
1000000007
516
286
1000000007
965
137
276
1000000007
872
444
623
325
410
359
571
169
218
167
798
339
1000000007
340
1000000007
752
101
129
152
700
504
668
701
108
235
633
1000000007
1000000007
384
362
0
329
417
70
122
236
928
10
541
16
339
512
430
448
603
1000000007
257
1000000007
0
135
427
486
1000000007
576
134
803
123
1000000007
981
443
34
0
1000000007
293
531
1000000007
367
218
911
153
344
191
1000000007
1000000007
724
224
512
441
43
413
394
726
1000000007
829
408
6
1000000007
1000000007
1000000007
585
324
1000000007
517
44
721
321
219
1000000007
41
432
797
440
27
324
1000000007
740
409
1000000007
1000000007
113
111
173
1000000007
238
261
1000000007
694
71
216
597
1000000007
272
0
348
371
463
1000000007
152
293
1000000007
1000000007
264
212
1000000007
1000000007
1000000007
1000000007
1000000007
917
142
18
288
140
54
320
1000000007
351
215
743
122
483
1000000007
94
481
1000000007
633
1000000007
423
745
357
923
99
240
714
0
704
1000000007
127
787
1000000007
55
955
817
1000000007
85
572
156
1000000007
778
216
884
79
1000000007
262
1000000007
1000000007
676
1000000007
960
370
1000000007
392
846
860
167
1000000007
236
169
806
1000000007
807
1000000007
1000000007
371
1000000007
1000000007
198
1000000007
1000000007
181
362
99
143
667
1000000007
463
32
100
1000000007
441
1
908
973
793
889
672
0
660
805
417
263
297
1000000007
457
1000000007
1000000007
141
639
1000000007
9
987
254
766
497
1000000007
215
940
456
603
1000000007
234
69
155
412
1000000007
587
0
295
430
391
401
250
965
815
412
1000000007
85
523
344
144
1000000007
270
1000000007
542
592
1000000007
317
129
51
793
496
687
0
14
1000000007
447
344
387
488
1000000007
211
1000000007
1000000007
249
722
331
450
247
721
1000000007
947
243
87
809
394
1000000007
468
569
1000000007
697
152
100
851
172
257
99
108
1000000007
1000000007
521
1000000007
1000000007
290
336
10
396
709
594
78
622
1000000007
214
13
1000000007
382
1000000007
1000000007
1000000007
176
700
732
1000000007
1000000007
701
469
8
27
272
834
173
184
1000000007
43
702
46
41
511
150
1000000007
1000000007
1000000007
596
797
1000000007
394
11
135
1000000007
50
0
100
846
778
1000000007
1000000007
927
1000000007
839
1000000007
279
927
1000000007
1000000007
917
1000000007
148
1000000007
0
187
67
901
671
654
148
169
570
897
320
116
90
72
184
321
382
1000000007
603
512
420
932
942
349
924
1000000007
546
1000000007
90
1000000007
1000000007
408
174
1000000007
852
1000000007
551
816
557
26
93
1000000007
131
1000000007
49
632
441
198
1000000007
95
262
905
164
242
614
260
270
24
529
175
318
162
458
19
584
335
890
1000000007
121
1
142
298
260
422
454
729
1000000007
377
214
644
357
177
319
420
567
514
396
45
947
82
408
485
816
583
344
153
1000000007
518
849
70
124
220
1000000007
130
352
274
64
315
57
657
24
1000000007
817
1
23
1000000007
503
732
247
1000000007
1000000007
811
119
105
705
1000000007
1000000007
161
725
46
1000000007
32
390
211
694
321
1000000007
753
607
188
136
918
81
1000000007
97
351
1000000007
179
1000000007
0
351
394
584
477
909
835
419
462
493
49
1000000007
59
618
23
248
132
491
711
258
1000000007
1000000007
188
244
1000000007
425
1000000007
359
661
1000000007
1000000007
628
1000000007
319
463
51
884
203
861
227
27
285
11
0
330
431
1000000007
350
48
1000000007
0
1000000007
668
1000000007
1000000007
867
1000000007
46
5
63
235
554
395
1000000007
60
263
338
357
56
462
699
51
0
1000000007
9
151
322
538
168
605
978
324
424
791
1000000007
473
205
334
259
502
1000000007
1000000007
704
132
270
109
124
793
1000000007
138
1000000007
537
1000000007
367
1000000007
121
116
1000000007
660
472
1000000007
1000000007
1000000007
4
380
1000000007
36
221
1000000007
56
651
251
1000000007
1000000007
1000000007
320
657
389
380
1000000007
450
265
474
505
415
543
976
2
672
1000000007
226
962
70
821
708
75
1000000007
1000000007
228
1000000007
0
743
304
783
587
467
569
198
23
690
405
1000000007
3
120
1000000007
184
563
893
375
885
1000000007
1000000007
162
566
410
0
1000000007
320
1000000007
613
137
1000000007
65
734
1000000007
1000000007
1000000007
918
1000000007
288
235
235
437
939
99
798
119
1000000007
11
258
74
1000000007
416
960
114
109
848
594
862
221
419
169
411
1000000007
61
82
1000000007
851
1000000007
163
295
753
83
604
52
526
789
1000000007
627
109
467
82
517
13
1000000007
1000000007
573
1000000007
854
1000000007
1000000007
891
76
347
1000000007
0
676
1000000007
32
1
235
27
188
514
376
149
29
100
725
251
483
673
58
1000000007
1000000007
482
1000000007
484
17
798
53
723
1000000007
146
672
393
119
532
519
86
634
231
613
14
1000000007
644
214
648
866
212
799
789
883
445
319
461
309
337
1000000007
1000000007
27
269
925
114
440
1000000007
56
311
1000000007
78
1000000007
536
575
204
1000000007
252
169
847
0
74
351
643
150
456
19
586
207
269
0
565
881
257
74
31
149
913
365
27
15
322
370
618
1000000007
555
445
392
75
341
919
525
183
1000000007
254
1000000007
248
195
418
1000000007
1000000007
169
282
254
1000000007
375
210
753
396
280
299
1000000007
439
1000000007
588
434
18
282
407
795
1000000007
455
61
207
1000000007
1000000007
442
84
1000000007
772
809
259
1000000007
708
300
738
600
1000000007
950
1000000007
670
138
945
270
1000000007
885
82
1000000007
252
892
276
169
575
47
546
795
114
262
13
720
1000000007
306
410
189
101
383
104
53
400
1000000007
1000000007
1000000007
0
166
612
253
5
537
823
154
1000000007
8
125
727
274
1000000007
1000000007
69
82
265
1000000007
121
474
750
593
1000000007
75
619
459
761
452
684
2
58
378
100
96
28
95
418
150
370
271
157
280
169
419
893
420
571
71
1000000007
27
38
1000000007
144
321
701
468
24
872
1000000007
755
672
406
131
12
358
1000000007
156
162
596
36
1000000007
539
112
121
269
1000000007
21
1000000007
1000000007
542
217
1000000007
164
722
108
1000000007
228
187
1000000007
1000000007
1000000007
269
1000000007
242
219
467
160
67
393
861
1000000007
1000000007
817
338
1000000007
27
802
229
59
416
411
1000000007
357
361
630
346
308
220
684
21
677
125
134
1000000007
1000000007
369
46
1000000007
973
82
45
34
258
193
619
128
28
1000000007
672
941
274
648
896
126
63
673
22
1000000007
606
571
1000000007
95
507
133
1000000007
832
1000000007
676
433
982
1000000007
1000000007
232
118
149
82
842
0
371
303
255
9
35
168
48
525
1000000007
1000000007
7
37
165
1000000007
124
79
709
133
936
510
124
1000000007
506
825
470
467
110
1000000007
284
764
688
454
210
120
416
1000000007
600
1000000007
307
743
147
1000000007
367
286
495
397
1000000007
720
521
1000000007
161
459
1000000007
650
557
984
1000000007
66
534
463
380
412
147
469
231
243
773
476
1000000007
70
225
639
500
1000000007
357
183
1000000007
1000000007
770
0
180
303
1000000007
316
445
98
560
1000000007
320
194
1000000007
1000000007
815
345
1000000007
44
725
53
1
936
254
434
860
226
594
971
1000000007
64
265
801
187
61
8
590
139
851
433
1000000007
1000000007
859
198
190
170
60
1000000007
664
1000000007
1000000007
369
75
1000000007
171
1000000007
406
550
1000000007
1000000007
198
468
780
85
1000000007
4
529
381
0
571
523
297
171
35
65
193
263
1000000007
349
456
935
305
133
117
745
310
379
88
247
70
51
427
458
253
601
718
833
1000000007
230
932
467
17
583
111
115
1000000007
1000000007
839
573
57
305
1000000007
1000000007
664
1000000007
469
769
1000000007
375
133
263
1000000007
1000000007
650
128
349
728
618
622
110
246
137
105
138
68
1000000007
728
416
50
214
20
144
211
0
616
