422
140
31
325
714
25
51
621
160
233
64
4
0
52
290
288
144
55
373
796
284
1000000007
470
271
121
41
63
50
126
245
0
856
183
182
13
83
289
169
27
5
84
118
67
276
206
272
61
166
473
425
373
571
0
146
286
359
660
284
491
138
70
138
42
220
57
17
64
685
187
172
0
239
148
127
44
376
220
138
301
190
146
362
539
328
564
230
174
311
143
143
196
100
209
580
292
145
0
158
521
49
94
0
36
865
157
59
260
163
120
163
265
300
415
186
154
99
0
4
107
103
88
95
694
333
134
233
81
49
39
69
40
59
240
139
214
159
125
120
189
35
127
1000000007
424
220
240
154
485
17
600
281
78
120
101
445
677
62
121
85
30
506
470
353
123
1000000007
118
119
394
359
247
113
908
170
92
6
39
59
199
111
0
191
335
121
240
117
22
15
20
546
445
259
51
7
299
17
169
365
337
443
0
742
96
157
109
965
181
4
0
302
32
312
708
606
63
96
241
399
8
5
313
235
267
298
57
253
48
21
142
229
370
297
131
133
22
769
359
67
623
187
236
15
69
0
278
0
6
62
831
434
193
3
34
76
457
149
254
181
132
76
223
74
4
136
56
182
249
42
0
56
8
638
7
258
342
616
25
265
49
168
679
68
23
19
0
51
45
125
325
0
316
0
345
191
50
463
0
290
156
46
115
19
37
426
184
220
469
496
257
90
812
1
93
41
1000000007
88
129
38
111
176
417
11
345
489
140
154
1000000007
0
108
117
638
26
145
227
119
45
135
9
29
19
82
131
82
12
402
439
218
90
1
162
190
31
272
626
267
70
110
195
59
172
58
273
258
75
21
0
66
82
212
0
72
379
347
71
33
53
0
258
42
73
221
83
102
610
584
126
73
0
56
142
19
412
328
161
0
82
102
250
122
362
1
477
126
142
256
84
286
152
330
408
0
252
285
92
308
97
211
78
971
288
254
389
0
92
336
213
71
0
108
251
167
202
411
155
164
0
278
103
93
85
16
576
51
71
69
253
237
64
513
461
73
108
22
55
184
22
102
28
550
149
528
522
132
0
339
258
748
163
44
481
1000000007
1000000007
227
101
148
496
585
204
164
144
14
42
182
521
759
115
273
182
2
169
84
0
794
4
75
461
421
313
137
286
65
380
