1000000007
1000000007
555
1000000007
677
346
1000000007
1000000007
1000000007
1000000007
1000000007
1000000007
1000000007
310
1000000007
1000000007
1000000007
1000000007
1000000007
317
1000000007
1000000007
50
1000000007
1000000007
1000000007
1000000007
1000000007
1000000007
810
1000000007
1000000007
1000000007
623
1000000007
1000000007
954
52
1000000007
1000000007
1000000007
1000000007
328
563
1000000007
1000000007
1000000007
1000000007
880
87
75
640
1000000007
1000000007
1000000007
1000000007
1000000007
837
298
540
1000000007
1000000007
1000000007
1000000007
1000000007
1000000007
494
1000000007
771
894
249
1000000007
175
1000000007
120
1000000007
51
1000000007
955
1000000007
1000000007
309
1000000007
1000000007
1000000007
1000000007
87
497
1000000007
77
1000000007
1000000007
132
1000000007
192
1000000007
1000000007
1000000007
1000000007
1000000007
1000000007
1000000007
1000000007
942
1000000007
720
554
749
223
497
161
1000000007
1000000007
409
1000000007
1000000007
1000000007
371
1000000007
1000000007
519
471
1000000007
959
1000000007
36
1000000007
1000000007
930
1000000007
1000000007
311
1000000007
663
1000000007
381
1000000007
1000000007
1000000007
748
1000000007
59
359
1000000007
1000000007
1000000007
1000000007
1000000007
1000000007
1000000007
1000000007
1000000007
591
1000000007
44
1000000007
1000000007
1000000007
60
788
1000000007
1000000007
1000000007
1000000007
1000000007
200
1000000007
1000000007
868
1000000007
1000000007
1000000007
1000000007
1000000007
223
1000000007
1000000007
1000000007
1000000007
506
279
0
1000000007
295
777
1000000007
969
1000000007
1000000007
1000000007
1000000007
1000000007
1000000007
1000000007
1000000007
1000000007
1000000007
890
1000000007
1000000007
808
1000000007
1000000007
51
1000000007
1000000007
1000000007
739
0
1000000007
1000000007
564
160
1000000007
1000000007
99
1000000007
1000000007
1000000007
1000000007
924
1000000007
1000000007
700
250
411
1000000007
1000000007
295
1000000007
78
308
644
644
1000000007
1000000007
171
800
784
1000000007
1000000007
1000000007
426
1000000007
1000000007
467
1000000007
1000000007
1000000007
453
753
850
1000000007
1000000007
1000000007
1000000007
1000000007
1000000007
1000000007
1000000007
86
1000000007
1000000007
1000000007
171
31
761
648
88
1000000007
641
478
1000000007
1000000007
1000000007
1000000007
1000000007
1000000007
1000000007
1000000007
44
138
118
132
1000000007
1000000007
1000000007
1000000007
1000000007
243
1000000007
1000000007
1000000007
670
141
1000000007
1000000007
1000000007
291
1000000007
1000000007
1000000007
1000000007
346
1000000007
1000000007
575
921
1000000007
1000000007
1000000007
100
1000000007
1000000007
1000000007
458
1000000007
539
532
934
1000000007
1000000007
1000000007
917
1000000007
1000000007
1000000007
1000000007
1000000007
353
1000000007
1000000007
1000000007
1000000007
1000000007
1000000007
1000000007
1000000007
1000000007
117
1000000007
156
1000000007
1000000007
1000000007
1000000007
1000000007
1000000007
1000000007
1000000007
1000000007
376
304
1000000007
881
1000000007
1000000007
1000000007
1000000007
1000000007
1000000007
768
1000000007
1000000007
1000000007
1000000007
1000000007
146
1000000007
1000000007
156
1000000007
1000000007
1000000007
1000000007
1000000007
1000000007
1000000007
558
1000000007
541
1000000007
1000000007
1000000007
1000000007
1000000007
1000000007
1000000007
1000000007
1000000007
1000000007
315
1000000007
410
1000000007
509
1000000007
1000000007
879
1000000007
1000000007
1000000007
1000000007
1000000007
534
1000000007
1000000007
1000000007
1000000007
1000000007
1000000007
1000000007
1000000007
122
1000000007
1000000007
891
686
557
1000000007
1000000007
753
1000000007
780
393
1000000007
1000000007
676
640
1000000007
1000000007
1000000007
1000000007
808
1000000007
1000000007
1000000007
1000000007
1000000007
825
676
308
476
758
1000000007
29
1000000007
1000000007
209
1000000007
1000000007
1000000007
1000000007
1000000007
1000000007
1000000007
315
1000000007
824
1000000007
1000000007
1000000007
1000000007
1000000007
600
1000000007
1000000007
1000000007
1000000007
443
243
1000000007
1000000007
1000000007
1000000007
644
1000000007
1000000007
1000000007
1000000007
1000000007
1000000007
1000000007
1000000007
1000000007
369
229
537
1000000007
1000000007
1000000007
1000000007
1000000007
1000000007
1000000007
1000000007
1000000007
1000000007
1000000007
1000000007
469
1000000007
1000000007
1000000007
280
1000000007
476
469
476
973
619
473
53
741
1000000007
238
1000000007
1000000007
1000000007
267
717
1000000007
1000000007
1000000007
1000000007
1000000007
1000000007
1000000007
1000000007
1000000007
1000000007
185
1000000007
592
915
75
1000000007
1000000007
1000000007
1000000007
1000000007
1000000007
1000000007
1000000007
875
310
1000000007
462
1000000007
479
1000000007
655
1000000007
405
131
136
1000000007
307
1000000007
1000000007
1000000007
1000000007
1000000007
1000000007
63
1000000007
1000000007
540
9
161
1000000007
336
470
1000000007
1000000007
693
1000000007
1000000007
1000000007
1000000007
503
715
1000000007
1000000007
1000000007
1000000007
1000000007
1000000007
1000000007
809
340
1000000007
690
670
1000000007
1000000007
1000000007
1000000007
1000000007
0
1000000007
1000000007
1000000007
1000000007
1000000007
1000000007
1000000007
967
0
850
1000000007
1000000007
1000000007
525
1000000007
371
1000000007
1000000007
31
171
1000000007
1000000007
1000000007
1000000007
1000000007
1000000007
1000000007
947
725
1000000007
1000000007
130
1000000007
808
1000000007
1000000007
1000000007
1000000007
2
1000000007
511
138
1000000007
1000000007
1000000007
1000000007
1000000007
62
119
1000000007
1000000007
1000000007
1000000007
1000000007
819
1000000007
194
130
1000000007
1000000007
1000000007
53
725
212
1000000007
297
128
1000000007
1000000007
3
1000000007
656
781
1000000007
688
1000000007
1000000007
793
1000000007
1000000007
0
1000000007
219
78
1000000007
1000000007
520
342
1000000007
480
1000000007
1000000007
1000000007
144
1000000007
1000000007
1000000007
1000000007
1000000007
1000000007
1000000007
1000000007
1000000007
1000000007
815
197
504
1000000007
459
683
1000000007
1000000007
897
1000000007
1000000007
1000000007
1000000007
1000000007
321
1000000007
369
729
1000000007
1000000007
1000000007
646
1000000007
1000000007
1000000007
1000000007
739
1000000007
216
1000000007
1000000007
1000000007
1000000007
1000000007
1000000007
1000000007
1000000007
1000000007
1000000007
1000000007
1000000007
221
1000000007
1000000007
1000000007
956
1000000007
1000000007
289
1000000007
1000000007
971
1000000007
1000000007
1000000007
1000000007
385
1000000007
538
1000000007
1000000007
1000000007
33
242
1000000007
33
1000000007
1000000007
80
1000000007
1000000007
1000000007
1000000007
1000000007
113
43
1000000007
1000000007
1000000007
1000000007
1000000007
1000000007
944
1000000007
1000000007
1000000007
1000000007
1000000007
1000000007
348
1000000007
1000000007
1000000007
471
271
1000000007
672
1000000007
1000000007
1000000007
1000000007
1000000007
1000000007
1000000007
1000000007
1000000007
103
1000000007
469
477
967
1000000007
102
1000000007
1000000007
817
1000000007
94
1000000007
562
1000000007
1000000007
1000000007
1000000007
632
327
1000000007
139
0
87
813
1000000007
1000000007
815
1000000007
552
1000000007
1000000007
207
1000000007
306
1000000007
1000000007
1000000007
60
1000000007
642
1000000007
1000000007
469
1000000007
1000000007
441
1000000007
1000000007
256
1000000007
1000000007
1000000007
1000000007
1000000007
1000000007
1000000007
1000000007
1000000007
300
438
1000000007
273
0
419
1000000007
1000000007
749
1000000007
287
478
1000000007
757
1000000007
1000000007
1000000007
456
1000000007
781
1000000007
417
1000000007
1000000007
1000000007
1000000007
1000000007
1000000007
1000000007
126
252
484
1000000007
1000000007
1000000007
1000000007
1000000007
1000000007
1000000007
1000000007
329
509
347
1000000007
1000000007
709
1000000007
1000000007
1000000007
1000000007
1000000007
1000000007
1000000007
1000000007
1000000007
1000000007
1000000007
1000000007
189
1000000007
1000000007
1000000007
1000000007
0
1000000007
1000000007
1000000007
1000000007
1000000007
1000000007
1000000007
1000000007
1000000007
1000000007
271
673
1000000007
35
1000000007
1000000007
833
1000000007
1000000007
1000000007
686
1000000007
222
1000000007
1000000007
1000000007
1000000007
1000000007
1000000007
1000000007
609
1000000007
1000000007
1000000007
287
436
679
1000000007
385
978
1000000007
1000000007
56
34
1000000007
11
1000000007
1000000007
615
135
1000000007
1000000007
922
719
1000000007
517
1000000007
1000000007
1000000007
1000000007
1000000007
1000000007
503
1000000007
1000000007
1000000007
1000000007
634
1000000007
1000000007
143
1000000007
0
1000000007
1000000007
582
238
1000000007
272
1000000007
1000000007
1000000007
102
455
1000000007
1000000007
1000000007
1000000007
572
1000000007
1000000007
208
1000000007
1000000007
221
1000000007
1000000007
1000000007
1000000007
479
892
1000000007
500
1000000007
604
1000000007
242
1000000007
1000000007
1000000007
1000000007
1000000007
1000000007
531
1000000007
361
747
179
645
1000000007
1000000007
1000000007
874
1000000007
1000000007
1000000007
583
1000000007
1000000007
1000000007
1000000007
1000000007
517
1000000007
538
1000000007
1000000007
1000000007
1000000007
1000000007
1000000007
1000000007
1000000007
1000000007
1000000007
1000000007
468
1000000007
1000000007
876
30
1000000007
1000000007
1000000007
1000000007
542
1000000007
1000000007
708
192
1000000007
1000000007
1000000007
1000000007
96
1000000007
1000000007
604
1000000007
1000000007
1000000007
533
530
1000000007
1000000007
1000000007
1000000007
624
1000000007
706
1000000007
1000000007
1000000007
1000000007
222
796
10
1000000007
1000000007
1000000007
845
575
1000000007
148
1000000007
673
1000000007
411
1000000007
1000000007
1000000007
1000000007
1000000007
1000000007
1000000007
1000000007
1000000007
338
1000000007
1000000007
664
1000000007
1000000007
1000000007
48
449
755
244
1000000007
1000000007
371
1000000007
322
1000000007
1000000007
277
1000000007
615
1000000007
1000000007
1000000007
526
1000000007
1000000007
1000000007
1000000007
1000000007
1000000007
1000000007
1000000007
1000000007
252
1000000007
349
909
1000000007
399
1000000007
600
272
1000000007
1000000007
1000000007
1000000007
1000000007
1000000007
546
1000000007
424
58
635
1000000007
343
276
1000000007
1000000007
1000000007
181
1000000007
1000000007
1000000007
1000000007
1000000007
196
1000000007
1000000007
1000000007
556
1000000007
1000000007
386
439
1000000007
357
773
1000000007
1000000007
1000000007
1000000007
1000000007
1000000007
1000000007
1000000007
791
1000000007
1000000007
1000000007
262
1000000007
217
1000000007
344
1000000007
1000000007
192
409
1000000007
353
1000000007
1000000007
477
1000000007
1000000007
1000000007
1000000007
1000000007
393
30
1000000007
679
1000000007
1000000007
1000000007
293
1000000007
1000000007
186
964
787
1000000007
1000000007
1000000007
1000000007
885
1000000007
1000000007
251
1000000007
1000000007
1000000007
501
1000000007
1000000007
1000000007
195
361
1000000007
1000000007
1000000007
654
246
907
1000000007
1000000007
419
122
1000000007
260
1000000007
1000000007
248
1000000007
1000000007
700
1000000007
1000000007
1000000007
1000000007
1000000007
1000000007
430
1000000007
1000000007
245
1000000007
1000000007
1000000007
1000000007
1000000007
1000000007
1000000007
483
1000000007
1000000007
1000000007
661
1000000007
185
1000000007
664
1000000007
1000000007
129
765
1000000007
1000000007
1000000007
1000000007
1000000007
1000000007
1000000007
1000000007
1000000007
653
943
1000000007
1000000007
1000000007
1000000007
929
683
1000000007
88
181
384
1000000007
1000000007
1000000007
418
899
1000000007
1000000007
1000000007
1000000007
1000000007
507
83
1000000007
1000000007
1000000007
871
1000000007
1000000007
1000000007
1000000007
1000000007
1000000007
1000000007
1000000007
1000000007
1000000007
169
1000000007
1000000007
381
1000000007
967
1000000007
600
874
1000000007
1000000007
946
1000000007
1000000007
1000000007
1000000007
1000000007
1000000007
114
1000000007
1000000007
1000000007
1000000007
429
1000000007
1000000007
1000000007
459
1000000007
1000000007
1000000007
98
1000000007
1000000007
1000000007
1000000007
1000000007
1000000007
1000000007
1000000007
1000000007
1000000007
1000000007
1000000007
1000000007
1000000007
1000000007
907
1000000007
1000000007
1000000007
555
1000000007
1000000007
357
1000000007
1000000007
495
1000000007
1000000007
755
1000000007
1000000007
1000000007
1000000007
527
310
1000000007
798
128
1000000007
876
571
1000000007
1000000007
177
841
587
1000000007
1000000007
1000000007
1000000007
1000000007
421
1000000007
527
1000000007
1000000007
709
1000000007
1000000007
660
622
1000000007
32
1000000007
1000000007
1000000007
180
1000000007
1000000007
593
700
760
1000000007
309
1000000007
1000000007
1000000007
1000000007
101
1000000007
1000000007
1000000007
1000000007
1000000007
1000000007
802
1000000007
164
1000000007
726
320
1000000007
282
1000000007
1000000007
312
482
1000000007
1000000007
1000000007
1000000007
900
1000000007
1000000007
1000000007
375
1000000007
953
1000000007
691
666
1000000007
1000000007
1000000007
313
1000000007
1000000007
1000000007
835
1000000007
1000000007
1000000007
61
180
1000000007
1000000007
628
1000000007
360
864
1000000007
342
1000000007
1000000007
1000000007
1000000007
1000000007
210
1000000007
59
1000000007
1000000007
761
1000000007
1000000007
1000000007
226
1000000007
1000000007
1000000007
0
1000000007
1000000007
1000000007
1000000007
57
1000000007
1000000007
497
1000000007
1000000007
375
1000000007
1000000007
1000000007
252
1000000007
927
1000000007
327
64
1000000007
1000000007
1000000007
1000000007
1000000007
1000000007
1000000007
1000000007
70
1000000007
537
104
978
1000000007
1000000007
1000000007
1000000007
639
1000000007
854
1000000007
1000000007
1000000007
1000000007
1000000007
738
1000000007
259
1000000007
422
1000000007
1000000007
1000000007
1000000007
1000000007
1000000007
1000000007
1000000007
1000000007
1000000007
708
598
837
1000000007
1000000007
1000000007
1000000007
574
1000000007
1000000007
1000000007
1000000007
1000000007
1000000007
536
1000000007
765
1000000007
1000000007
203
1000000007
1000000007
475
1000000007
803
390
1000000007
1000000007
1000000007
1000000007
1000000007
1000000007
1000000007
1000000007
1000000007
56
1000000007
958
2
134
1000000007
1000000007
399
1000000007
1000000007
1000000007
1000000007
485
1000000007
1000000007
1000000007
1000000007
1000000007
1000000007
117
1000000007
287
1000000007
431
295
1000000007
929
1000000007
881
1000000007
1000000007
729
1000000007
646
274
0
805
1000000007
481
643
1000000007
1000000007
1000000007
1000000007
602
1000000007
1000000007
1000000007
545
1000000007
1000000007
1000000007
113
1000000007
1000000007
224
1000000007
1000000007
1000000007
1000000007
1000000007
305
1000000007
907
372
1000000007
527
1000000007
386
1000000007
110
1000000007
1000000007
1000000007
1000000007
1000000007
1000000007
1000000007
1000000007
1000000007
1000000007
1000000007
1000000007
376
1000000007
1000000007
605
1000000007
697
1000000007
1000000007
1000000007
1000000007
153
308
1000000007
1000000007
1000000007
1000000007
477
1000000007
1000000007
1000000007
1000000007
1000000007
1000000007
1000000007
241
55
1000000007
326
731
1000000007
1000000007
1000000007
94
1000000007
1000000007
1000000007
1000000007
1000000007
1000000007
1000000007
1000000007
1000000007
669
1000000007
1000000007
145
221
825
112
258
586
1000000007
104
1000000007
1000000007
1000000007
1000000007
125
669
1000000007
1000000007
648
1000000007
1000000007
1000000007
183
1000000007
491
160
540
344
1000000007
1000000007
1000000007
1000000007
1000000007
44
112
420
1000000007
365
1000000007
1000000007
58
1000000007
1000000007
844
246
266
1000000007
1000000007
482
913
1000000007
1000000007
1000000007
607
1000000007
1000000007
143
1000000007
1000000007
1000000007
1000000007
1000000007
1000000007
1000000007
492
970
1000000007
1000000007
68
563
1000000007
1000000007
1000000007
1000000007
1000000007
1000000007
24
1000000007
1000000007
210
1000000007
536
657
1000000007
1000000007
459
1000000007
1000000007
1000000007
1000000007
828
1000000007
48
1000000007
83
1000000007
1000000007
529
4
1000000007
1000000007
1000000007
1000000007
1000000007
932
1000000007
1000000007
1000000007
0
1000000007
1000000007
1000000007
471
1000000007
1000000007
422
1000000007
1000000007
1000000007
272
1000000007
1000000007
130
1000000007
700
1000000007
1000000007
163
1000000007
1000000007
260
830
1000000007
775
656
1000000007
480
1000000007
921
575
1000000007
68
1000000007
423
1000000007
1000000007
1000000007
1000000007
1000000007
1000000007
131
953
1000000007
1000000007
1000000007
146
815
1000000007
403
1000000007
1000000007
1000000007
1000000007
1000000007
266
1000000007
1000000007
1000000007
1000000007
1000000007
574
271
1000000007
1000000007
1000000007
610
1000000007
1000000007
1000000007
448
795
1000000007
152
1000000007
1000000007
1000000007
1000000007
1000000007
888
622
1000000007
1000000007
206
1000000007
1000000007
1000000007
1000000007
1000000007
667
1000000007
875
1000000007
1000000007
1000000007
1000000007
1000000007
1000000007
1000000007
1000000007
1000000007
1000000007
1000000007
1000000007
1000000007
1000000007
1000000007
1000000007
1000000007
516
1000000007
1000000007
1000000007
32
1000000007
1000000007
1000000007
555
1000000007
887
1000000007
294
1000000007
1000000007
1000000007
21
244
1000000007
1000000007
1000000007
1000000007
1000000007
1000000007
1000000007
1000000007
1000000007
1000000007
1000000007
854
1000000007
1000000007
1000000007
1000000007
1000000007
1000000007
1000000007
28
1000000007
1000000007
1000000007
1000000007
1000000007
1000000007
1000000007
1000000007
49
1000000007
1000000007
1000000007
494
1000000007
1000000007
1000000007
1000000007
114
1000000007
1000000007
331
5
1000000007
839
580
1000000007
1000000007
1000000007
1000000007
1000000007
0
1000000007
1000000007
1000000007
673
1000000007
731
1000000007
1000000007
426
1000000007
1000000007
1000000007
1000000007
1000000007
523
451
1000000007
1000000007
542
45
1000000007
856
1000000007
1000000007
445
608
1000000007
1000000007
1000000007
1000000007
1000000007
1000000007
185
1000000007
192
1000000007
1000000007
1000000007
1000000007
1000000007
240
1000000007
1000000007
1000000007
1000000007
727
71
1000000007
42
1000000007
1000000007
195
1000000007
1000000007
372
208
1000000007
1000000007
1000000007
1000000007
71
207
1000000007
179
1000000007
167
1000000007
1000000007
1000000007
372
1000000007
1000000007
721
70
362
1000000007
3
1000000007
1000000007
1000000007
690
741
57
301
1000000007
1000000007
1000000007
1000000007
1000000007
1000000007
922
1000000007
1000000007
1000000007
1000000007
1000000007
835
658
1000000007
1000000007
1000000007
1000000007
1000000007
832
441
796
1000000007
788
1000000007
44
562
1000000007
179
1000000007
1000000007
456
842
1000000007
1000000007
1000000007
1000000007
1000000007
1000000007
215
1000000007
1000000007
1000000007
315
406
1000000007
1000000007
1000000007
487
836
1000000007
751
1000000007
494
1000000007
352
617
1000000007
307
41
1000000007
1000000007
1000000007
1000000007
1000000007
1000000007
1000000007
1000000007
1000000007
456
1000000007
650
1000000007
95
1000000007
1000000007
224
809
720
1000000007
776
1000000007
1000000007
38
1000000007
1000000007
1000000007
1000000007
1000000007
1000000007
1000000007
881
1000000007
1000000007
15
3
1000000007
1000000007
1000000007
929
948
164
1000000007
536
236
1000000007
1000000007
590
823
203
1000000007
1000000007
1000000007
74
1000000007
1000000007
1000000007
1000000007
941
1000000007
1000000007
522
386
473
1000000007
818
1000000007
1000000007
615
1000000007
1000000007
493
1000000007
1000000007
596
398
69
681
49
163
57
1000000007
1000000007
1000000007
593
766
1000000007
624
389
1000000007
1000000007
1000000007
1000000007
793
1000000007
1000000007
1000000007
1000000007
501
168
1000000007
1000000007
1000000007
1000000007
1000000007
1000000007
1000000007
569
1000000007
1000000007
462
1000000007
29
1000000007
1000000007
1000000007
839
1000000007
1000000007
307
1000000007
1000000007
257
932
1000000007
1000000007
1000000007
1000000007
1000000007
1000000007
979
1000000007
1000000007
1000000007
1000000007
1000000007
1000000007
1000000007
1000000007
1000000007
1000000007
61
1000000007
108
684
1000000007
1000000007
851
1000000007
1000000007
1000000007
613
1000000007
1000000007
1000000007
1000000007
585
1000000007
1000000007
871
1000000007
1000000007
1000000007
1000000007
230
1000000007
353
29
340
1000000007
1000000007
1000000007
1000000007
884
1000000007
16
963
1000000007
143
1000000007
1000000007
1000000007
1000000007
1000000007
1000000007
1000000007
220
1000000007
1000000007
860
1000000007
440
1000000007
401
1000000007
1000000007
535
1000000007
1000000007
1000000007
1000000007
1000000007
1000000007
1000000007
1000000007
1000000007
1000000007
1000000007
1000000007
1000000007
1000000007
236
437
344
1000000007
1000000007
5
487
1000000007
1000000007
380
1000000007
405
831
544
1000000007
923
448
1000000007
1000000007
1000000007
1000000007
308
1000000007
1000000007
287
1000000007
1000000007
1000000007
320
663
1000000007
1000000007
1000000007
1000000007
0
522
1000000007
1000000007
353
1000000007
1000000007
1000000007
1000000007
1000000007
1000000007
443
1000000007
1000000007
1000000007
1000000007
836
1000000007
1000000007
1000000007
1000000007
427
1000000007
1000000007
782
1000000007
1000000007
1000000007
1000000007
1000000007
1000000007
1000000007
1000000007
1000000007
1000000007
1000000007
195
720
1000000007
1000000007
674
1000000007
1000000007
1000000007
1000000007
872
86
1000000007
293
1000000007
1000000007
1000000007
1000000007
1000000007
586
1000000007
1000000007
1000000007
58
369
1000000007
1000000007
1000000007
118
1000000007
1000000007
140
1000000007
1000000007
1000000007
1000000007
1000000007
1000000007
14
1000000007
261
17
968
1000000007
1000000007
1000000007
436
1000000007
382
1000000007
1000000007
1000000007
471
791
1000000007
1000000007
1000000007
1000000007
1000000007
1000000007
480
1000000007
1000000007
1000000007
1000000007
794
1000000007
342
1000000007
435
1000000007
1000000007
511
1000000007
1000000007
1000000007
1000000007
1000000007
1000000007
1000000007
427
1000000007
1000000007
262
1000000007
675
1000000007
1000000007
38
951
1000000007
343
443
1000000007
1000000007
1000000007
1000000007
1000000007
1000000007
1000000007
1000000007
1000000007
460
1000000007
1000000007
1000000007
1000000007
1000000007
765
1000000007
1000000007
292
1000000007
1000000007
544
1000000007
168
1000000007
405
1000000007
1000000007
1000000007
253
1000000007
473
1000000007
1000000007
1000000007
1000000007
1000000007
1000000007
1000000007
555
1000000007
900
1000000007
1000000007
452
1000000007
1000000007
1000000007
851
1000000007
233
1000000007
1000000007
373
1000000007
1000000007
1000000007
204
1000000007
1000000007
1000000007
1000000007
1000000007
1000000007
478
1000000007
366
1000000007
1000000007
1000000007
1000000007
1000000007
1000000007
1000000007
1000000007
1000000007
1000000007
1000000007
1000000007
566
1000000007
1000000007
1000000007
1000000007
1000000007
521
1000000007
34
1000000007
310
844
1000000007
340
534
495
1000000007
643
119
1000000007
1000000007
1000000007
1000000007
375
96
1000000007
1000000007
533
1000000007
1000000007
720
1000000007
1000000007
1000000007
1000000007
1000000007
1000000007
1000000007
1000000007
1000000007
1000000007
1000000007
935
1000000007
1000000007
464
1000000007
1000000007
1000000007
472
182
808
1000000007
926
883
1000000007
472
92
258
1000000007
737
1000000007
531
1000000007
1000000007
1000000007
1000000007
1000000007
1000000007
1000000007
234
1000000007
394
1000000007
1000000007
1000000007
1000000007
1000000007
1000000007
1000000007
1000000007
1000000007
321
1000000007
1000000007
1000000007
1000000007
1000000007
1000000007
0
502
1000000007
1000000007
1000000007
338
1000000007
1000000007
898
284
1000000007
1000000007
1000000007
1000000007
1000000007
738
1000000007
1000000007
1000000007
768
1000000007
1000000007
1000000007
1000000007
1000000007
961
1000000007
1000000007
1000000007
637
1000000007
89
1000000007
1000000007
1000000007
1000000007
1000000007
1000000007
1000000007
1000000007
628
1000000007
55
184
271
1000000007
1000000007
22
851
1000000007
389
1000000007
627
1000000007
1000000007
427
110
1000000007
1000000007
1000000007
1000000007
1000000007
1000000007
305
612
1000000007
87
1000000007
1000000007
1000000007
1000000007
1000000007
1000000007
1000000007
1000000007
875
1000000007
1000000007
1000000007
73
1000000007
1000000007
65
1000000007
1000000007
70
1000000007
0
1000000007
428
1000000007
1000000007
871
1000000007
840
326
1000000007
95
1000000007
1000000007
377
1000000007
1000000007
318
1000000007
914
781
515
1000000007
148
1000000007
1000000007
1000000007
1000000007
1000000007
300
1000000007
1000000007
113
1000000007
442
1000000007
1000000007
106
464
1000000007
1000000007
1000000007
1000000007
1000000007
1000000007
886
507
1000000007
619
1000000007
1000000007
549
1000000007
1000000007
1000000007
1000000007
321
1000000007
1000000007
709
1000000007
1000000007
1000000007
1000000007
1000000007
0
1000000007
1000000007
1000000007
1000000007
1000000007
741
1000000007
1000000007
1000000007
1000000007
1000000007
653
399
1000000007
838
486
1000000007
1000000007
1000000007
1000000007
1000000007
1000000007
1000000007
1000000007
1000000007
1000000007
1000000007
1000000007
1000000007
1000000007
1000000007
875
176
1000000007
725
500
1000000007
1000000007
392
1000000007
1000000007
856
1000000007
1000000007
1000000007
1000000007
1000000007
832
817
559
1000000007
1000000007
741
1000000007
511
1000000007
1000000007
260
226
1000000007
1000000007
361
1000000007
1000000007
719
1000000007
960
1000000007
1000000007
1000000007
1000000007
692
1
1000000007
1000000007
1000000007
1000000007
1000000007
1000000007
1000000007
420
42
1000000007
1000000007
1000000007
1000000007
411
43
1000000007
1000000007
1000000007
288
690
6
201
172
1000000007
568
527
1000000007
1000000007
606
1000000007
1000000007
598
122
1000000007
1000000007
1000000007
439
1000000007
956
1000000007
1000000007
903
1000000007
305
926
1000000007
1000000007
1000000007
1000000007
1000000007
1000000007
883
1000000007
1000000007
1000000007
255
43
1000000007
1000000007
1000000007
1000000007
982
1000000007
1000000007
197
1000000007
0
355
6
1000000007
0
378
620
1000000007
944
114
1000000007
1000000007
1000000007
1000000007
1000000007
312
615
1000000007
1000000007
1000000007
1000000007
1000000007
159
1000000007
1000000007
1000000007
1000000007
635
1000000007
1000000007
446
1000000007
1000000007
1000000007
1000000007
289
1000000007
1000000007
1000000007
1000000007
1000000007
1000000007
1000000007
123
36
633
1000000007
187
1000000007
1000000007
428
1000000007
1000000007
1000000007
1000000007
1000000007
1000000007
911
1000000007
1000000007
826
1000000007
1000000007
1000000007
1000000007
1000000007
131
1000000007
267
1000000007
965
1000000007
1000000007
1000000007
1000000007
1000000007
1000000007
1000000007
1000000007
1000000007
1000000007
1000000007
1000000007
1000000007
1000000007
1000000007
1000000007
1000000007
1000000007
40
1000000007
1000000007
578
1000000007
1000000007
404
1000000007
904
1000000007
1000000007
0
1000000007
1000000007
1000000007
1000000007
886
1000000007
827
1000000007
1000000007
394
1000000007
1000000007
1000000007
338
405
481
133
1000000007
1000000007
1000000007
1000000007
145
1000000007
1000000007
1000000007
1000000007
1000000007
308
1000000007
1000000007
1000000007
1000000007
1000000007
304
1000000007
1000000007
1000000007
797
349
1000000007
241
1000000007
1000000007
646
1000000007
1000000007
1000000007
1000000007
1000000007
1000000007
613
1000000007
1000000007
1000000007
1000000007
1000000007
583
532
1000000007
1000000007
608
202
284
1000000007
75
1000000007
872
1000000007
1000000007
1000000007
72
1000000007
198
1000000007
677
1000000007
1000000007
1000000007
1000000007
542
455
1000000007
1000000007
1000000007
1000000007
1000000007
1000000007
385
1000000007
859
221
965
1000000007
548
1000000007
790
1000000007
1000000007
1000000007
157
1000000007
882
1000000007
1000000007
85
1000000007
1000000007
1000000007
209
1000000007
713
218
1000000007
1000000007
1000000007
1000000007
1000000007
1000000007
1000000007
1000000007
1000000007
1000000007
731
913
616
672
127
1000000007
942
1000000007
153
1000000007
520
188
1000000007
876
1000000007
225
1000000007
1000000007
1000000007
1000000007
122
1000000007
1000000007
1000000007
1000000007
1000000007
457
1000000007
111
1000000007
1000000007
8
1000000007
378
1000000007
1000000007
1000000007
1000000007
17
1000000007
866
231
1000000007
1000000007
1000000007
1000000007
910
1000000007
1000000007
1000000007
1000000007
471
952
1000000007
1000000007
1000000007
1000000007
845
1000000007
239
1000000007
84
1000000007
1000000007
1000000007
576
1000000007
1000000007
175
1000000007
1000000007
1000000007
1000000007
1000000007
1000000007
470
208
0
1000000007
1000000007
1000000007
1000000007
1000000007
1000000007
1000000007
1000000007
309
1000000007
377
715
1000000007
653
882
1000000007
128
436
1000000007
1000000007
1000000007
785
1000000007
980
1000000007
1000000007
184
3
1000000007
1000000007
1000000007
1000000007
1000000007
1000000007
841
1000000007
1000000007
1000000007
1000000007
1000000007
1000000007
318
692
1000000007
1000000007
1000000007
1000000007
1000000007
1000000007
385
1000000007
1000000007
1000000007
1000000007
1000000007
1000000007
1000000007
1000000007
1000000007
31
154
1000000007
1000000007
1000000007
1000000007
913
1000000007
468
532
0
329
976
1000000007
1000000007
1000000007
1000000007
437
798
1000000007
1000000007
1000000007
680
1000000007
1000000007
1000000007
1000000007
1000000007
1000000007
480
567
371
281
1000000007
357
1000000007
1000000007
1000000007
47
1000000007
1000000007
1000000007
1000000007
1000000007
102
1000000007
12
1000000007
0
1000000007
116
1000000007
1000000007
1000000007
1000000007
1000000007
1000000007
189
249
1000000007
1000000007
1000000007
180
1000000007
666
861
938
485
370
1000000007
1000000007
1000000007
1000000007
129
1000000007
367
1000000007
1000000007
1000000007
1000000007
162
1000000007
1000000007
1000000007
420
1000000007
1000000007
1000000007
647
405
1000000007
953
1000000007
1000000007
1000000007
1000000007
1000000007
329
1000000007
1000000007
1000000007
1000000007
1000000007
1000000007
1000000007
391
1000000007
79
1000000007
511
1000000007
1000000007
168
1000000007
1000000007
1000000007
626
243
1000000007
1000000007
1000000007
951
461
653
90
1000000007
821
1000000007
1000000007
1000000007
1000000007
1000000007
1000000007
1000000007
243
1000000007
1000000007
332
1000000007
526
157
678
1000000007
1000000007
1000000007
1000000007
819
1000000007
1000000007
402
1000000007
1000000007
1000000007
1000000007
161
1000000007
1000000007
874
588
1000000007
1000000007
51
113
597
1000000007
812
1000000007
167
0
903
454
1000000007
1000000007
1000000007
1000000007
1000000007
160
1000000007
199
1000000007
20
1000000007
1000000007
278
1000000007
660
802
116
1000000007
93
583
494
1000000007
1000000007
1000000007
1000000007
940
210
789
1000000007
1000000007
1000000007
1000000007
1000000007
1000000007
492
1000000007
1000000007
197
1000000007
1000000007
1000000007
1000000007
1000000007
192
1000000007
303
1000000007
1000000007
566
1000000007
1000000007
301
1000000007
1000000007
1000000007
876
81
639
1000000007
614
519
2
239
333
1000000007
1000000007
1000000007
1000000007
1000000007
1000000007
1000000007
33
1000000007
478
703
1000000007
1000000007
1000000007
1000000007
1000000007
1000000007
1000000007
1000000007
1000000007
1000000007
349
1000000007
1000000007
1000000007
859
1000000007
259
1000000007
421
500
1000000007
1000000007
1000000007
1000000007
1000000007
407
891
1000000007
512
1000000007
1000000007
576
1000000007
628
1000000007
1000000007
1000000007
248
420
573
1000000007
1000000007
138
1000000007
1000000007
1000000007
370
657
1000000007
1000000007
300
1000000007
1000000007
1000000007
1000000007
1000000007
1000000007
1000000007
250
250
1000000007
514
1000000007
1000000007
1000000007
1000000007
1000000007
1000000007
178
1000000007
1000000007
616
1000000007
563
425
1000000007
1000000007
1000000007
867
1000000007
1000000007
218
1000000007
1000000007
813
1000000007
1000000007
1000000007
201
1000000007
195
667
1000000007
1000000007
1000000007
568
702
472
225
1000000007
1000000007
1000000007
1000000007
155
1000000007
1000000007
296
1000000007
593
1000000007
1000000007
534
765
800
1000000007
516
1000000007
8
1000000007
923
183
1000000007
1000000007
387
1000000007
1000000007
1000000007
1000000007
794
1000000007
1000000007
1000000007
1000000007
1000000007
831
1000000007
1000000007
1000000007
976
931
1000000007
424
115
76
1000000007
213
1000000007
792
335
1000000007
1000000007
1000000007
1000000007
1000000007
1000000007
1000000007
1000000007
1000000007
1000000007
1000000007
1000000007
413
1000000007
339
514
1000000007
1000000007
1000000007
874
1000000007
1000000007
1000000007
1000000007
165
1000000007
1000000007
1000000007
1000000007
1000000007
1000000007
1000000007
299
848
1000000007
1000000007
1000000007
505
469
1000000007
1000000007
751
1000000007
1000000007
905
1000000007
901
351
1000000007
834
1000000007
340
1000000007
1000000007
121
576
1000000007
1000000007
1000000007
12
1000000007
203
104
1000000007
1000000007
1000000007
1000000007
1000000007
1000000007
1000000007
498
465
627
1000000007
1000000007
1000000007
1000000007
1000000007
1000000007
1000000007
1000000007
1000000007
1000000007
78
505
1000000007
1000000007
1000000007
912
1000000007
89
1000000007
329
1000000007
1000000007
132
1000000007
259
1000000007
1000000007
42
1000000007
1000000007
432
1000000007
1000000007
228
188
810
1000000007
1000000007
1000000007
413
1000000007
1000000007
331
94
327
1000000007
1000000007
1000000007
1000000007
972
1000000007
1000000007
1000000007
19
1000000007
1000000007
1000000007
1000000007
1000000007
780
247
404
517
189
242
1000000007
21
1000000007
1000000007
1000000007
266
1000000007
1000000007
577
495
695
587
187
1000000007
1000000007
1000000007
1000000007
717
67
712
192
1000000007
1000000007
1000000007
216
1000000007
851
338
1000000007
1000000007
1000000007
12
1000000007
1000000007
1000000007
1000000007
1000000007
659
1000000007
1000000007
459
1000000007
1000000007
1000000007
26
1000000007
1000000007
1000000007
1000000007
676
158
719
523
1000000007
1000000007
719
1000000007
1000000007
740
1000000007
1000000007
311
1000000007
467
273
1000000007
1000000007
1000000007
438
702
714
244
1000000007
113
263
118
1000000007
843
1000000007
1000000007
1000000007
1000000007
717
1000000007
542
436
1000000007
1000000007
1000000007
1000000007
1000000007
76
1000000007
1000000007
218
1000000007
1000000007
1000000007
610
1000000007
1000000007
1000000007
1000000007
1000000007
1000000007
1000000007
1000000007
1000000007
767
1000000007
529
1000000007
1000000007
1000000007
27
194
895
1000000007
1000000007
1000000007
1000000007
1000000007
1000000007
1000000007
905
753
1000000007
1000000007
1000000007
436
1000000007
82
1000000007
1000000007
850
259
1000000007
1000000007
1000000007
383
1000000007
1000000007
1000000007
1000000007
622
38
1000000007
1000000007
1000000007
1000000007
92
1000000007
1000000007
1000000007
1000000007
1000000007
1000000007
1000000007
575
1000000007
155
1000000007
1000000007
1000000007
345
1000000007
1000000007
1000000007
639
857
1000000007
1000000007
947
910
1000000007
523
1000000007
1000000007
1000000007
1000000007
269
1000000007
1000000007
0
1000000007
1000000007
1000000007
919
1000000007
955
1000000007
1000000007
1000000007
1000000007
1000000007
1000000007
848
1000000007
1000000007
782
1000000007
1000000007
1000000007
1000000007
1000000007
1000000007
754
862
0
1000000007
1000000007
1000000007
1000000007
1000000007
1000000007
1000000007
42
1000000007
1000000007
1000000007
44
43
1000000007
270
1000000007
1000000007
19
194
960
1000000007
1000000007
842
1000000007
1000000007
1000000007
1000000007
1000000007
1000000007
1000000007
776
264
1000000007
1000000007
1000000007
1000000007
742
304
917
142
230
834
1000000007
1000000007
1000000007
1000000007
1000000007
1000000007
322
766
739
1000000007
1000000007
1000000007
1000000007
1000000007
631
1000000007
700
213
825
704
0
1000000007
1000000007
265
1000000007
812
1000000007
486
1000000007
1000000007
562
1000000007
1000000007
1000000007
131
1000000007
1000000007
1000000007
1000000007
1000000007
1000000007
1000000007
1000000007
610
1000000007
1000000007
1000000007
1000000007
1000000007
289
1000000007
1000000007
1000000007
1000000007
1000000007
622
860
836
519
1000000007
125
1000000007
1000000007
1000000007
1000000007
796
17
1000000007
1000000007
1000000007
1000000007
294
1000000007
1000000007
1000000007
1000000007
1000000007
350
896
1000000007
1000000007
1000000007
554
210
104
1000000007
785
1000000007
1000000007
1000000007
1000000007
765
1000000007
304
1000000007
1000000007
635
1000000007
1000000007
1000000007
794
1000000007
913
171
237
1000000007
46
1000000007
1000000007
1000000007
1000000007
1000000007
1000000007
451
1000000007
1000000007
1000000007
675
1000000007
1000000007
1000000007
1000000007
318
1000000007
1000000007
1000000007
1000000007
1000000007
31
1000000007
349
1000000007
1000000007
642
418
237
1000000007
1000000007
1000000007
1000000007
8
1000000007
1000000007
1000000007
1000000007
1000000007
576
1000000007
856
276
1000000007
704
384
608
24
639
1000000007
736
1000000007
794
1000000007
494
1000000007
1000000007
1000000007
1000000007
305
788
1000000007
1000000007
1000000007
1000000007
1000000007
0
1000000007
1000000007
1000000007
1000000007
1000000007
777
198
216
1000000007
442
1000000007
641
1000000007
1000000007
438
181
1000000007
1000000007
1000000007
1000000007
1000000007
1000000007
1000000007
605
1000000007
1000000007
1000000007
1000000007
1000000007
1000000007
1000000007
1000000007
1000000007
1000000007
1000000007
1000000007
1000000007
1000000007
1000000007
1000000007
969
1000000007
1000000007
1000000007
599
1000000007
1000000007
1000000007
1000000007
1000000007
620
319
1000000007
743
1000000007
1000000007
226
834
495
1000000007
733
1000000007
1000000007
1000000007
449
1000000007
1000000007
1000000007
1000000007
1000000007
1000000007
1000000007
1000000007
942
1000000007
1000000007
1000000007
1000000007
602
347
1000000007
1000000007
1000000007
1000000007
832
1000000007
712
1000000007
603
149
485
443
1000000007
1000000007
1000000007
1000000007
1000000007
461
1000000007
170
619
216
1000000007
1000000007
1000000007
1000000007
56
1000000007
1000000007
1000000007
1000000007
1000000007
1000000007
1000000007
126
1000000007
1000000007
1000000007
1000000007
1000000007
1000000007
905
1000000007
1000000007
1000000007
1000000007
1000000007
786
1000000007
1000000007
1000000007
1000000007
1000000007
1000000007
1000000007
231
1000000007
1000000007
115
1000000007
1000000007
1000000007
1000000007
1000000007
413
1000000007
1000000007
1000000007
70
1000000007
1000000007
1000000007
413
1000000007
360
99
320
1000000007
1000000007
1000000007
1000000007
452
1000000007
398
50
808
1000000007
1000000007
1000000007
830
239
1000000007
1000000007
1000000007
1000000007
1000000007
1000000007
479
938
1000000007
1000000007
1000000007
1000000007
2
1000000007
1000000007
1000000007
1000000007
1000000007
670
205
656
1000000007
1000000007
1000000007
923
1000000007
1000000007
1000000007
1000000007
1000000007
1000000007
797
1000000007
1000000007
0
1000000007
1000000007
1000000007
36
885
1000000007
1000000007
860
1000000007
962
362
1000000007
290
1000000007
1000000007
1000000007
1000000007
1000000007
0
98
1000000007
1000000007
801
1000000007
221
333
1000000007
781
1000000007
450
1000000007
1000000007
1000000007
1000000007
1000000007
458
1000000007
1000000007
269
1000000007
208
202
1000000007
1000000007
1000000007
1000000007
77
1000000007
680
806
224
1000000007
207
116
1000000007
121
1000000007
1000000007
1000000007
1000000007
1000000007
390
188
1000000007
1000000007
1000000007
304
979
1000000007
1000000007
1000000007
1000000007
1000000007
215
1000000007
666
1000000007
1000000007
1000000007
1000000007
1000000007
783
50
59
1000000007
1000000007
1000000007
1000000007
1000000007
1000000007
1000000007
82
17
1000000007
1000000007
668
1000000007
1000000007
1000000007
939
819
689
1000000007
1000000007
1000000007
161
1000000007
1000000007
1000000007
1000000007
1000000007
1000000007
1000000007
1000000007
1000000007
1000000007
915
350
1000000007
151
1000000007
1000000007
695
501
1000000007
1000000007
1000000007
1000000007
306
1000000007
0
1000000007
1000000007
1000000007
825
167
1000000007
1000000007
1000000007
1000000007
850
798
1000000007
378
1000000007
1000000007
1000000007
1000000007
406
1000000007
1000000007
1000000007
866
1000000007
1000000007
1000000007
703
1000000007
1000000007
1000000007
1000000007
1000000007
1000000007
1000000007
68
308
1000000007
91
1000000007
1000000007
707
1000000007
1000000007
224
43
353
1000000007
1000000007
1000000007
1000000007
1000000007
1000000007
0
1000000007
1000000007
1000000007
628
1000000007
1000000007
1000000007
900
1000000007
1000000007
1000000007
1000000007
391
1000000007
811
1000000007
1000000007
893
1000000007
1000000007
1000000007
427
1000000007
1000000007
245
1000000007
1000000007
1000000007
1000000007
1000000007
1000000007
1000000007
327
1000000007
1000000007
1000000007
466
130
1000000007
28
623
1000000007
1000000007
757
982
319
1000000007
1000000007
1000000007
116
959
1000000007
905
1000000007
1000000007
1000000007
1000000007
1000000007
1000000007
347
336
1000000007
1000000007
326
1000000007
90
1000000007
731
1000000007
1000000007
380
1000000007
1000000007
1000000007
167
1000000007
1000000007
1000000007
1000000007
1000000007
1000000007
1000000007
1000000007
1000000007
943
1000000007
173
1000000007
314
620
1000000007
226
1000000007
1000000007
1000000007
1000000007
1000000007
1000000007
1000000007
70
458
1000000007
287
578
425
1000000007
29
1000000007
449
1000000007
730
1000000007
475
1000000007
662
1000000007
878
1000000007
1000000007
1000000007
1000000007
1000000007
1000000007
1000000007
1000000007
658
785
1000000007
1000000007
1000000007
1000000007
1000000007
1000000007
1000000007
514
750
1000000007
1000000007
1000000007
1000000007
1000000007
1000000007
1000000007
1000000007
1000000007
1000000007
1000000007
1000000007
1000000007
1000000007
540
1000000007
1000000007
1000000007
215
353
1000000007
190
1000000007
1000000007
1000000007
1000000007
1000000007
314
681
1000000007
866
1000000007
1000000007
482
379
1000000007
1000000007
100
1000000007
1000000007
14
1000000007
1000000007
682
916
64
1000000007
1000000007
489
1000000007
1000000007
499
952
269
870
218
874
1000000007
1000000007
1000000007
574
1000000007
1000000007
0
1000000007
1000000007
1000000007
1000000007
1000000007
1000000007
1000000007
1000000007
1000000007
1000000007
1000000007
423
1000000007
1000000007
1000000007
1000000007
1000000007
1000000007
1000000007
191
1000000007
689
1000000007
362
1000000007
71
667
1000000007
1000000007
1000000007
1000000007
1000000007
412
1000000007
807
564
1000000007
319
254
972
1000000007
1000000007
223
1000000007
1000000007
1000000007
1000000007
1000000007
123
1000000007
685
1000000007
