30
255
761
413
81
359
26
81
13
322
454
157
141
99
294
238
78
30
262
0
704
106
342
115
48
0
417
45
195
732
65
426
37
138
94
402
741
206
85
298
92
17
124
262
80
136
183
117
3
192
242
457
156
724
256
208
426
24
302
163
94
169
14
24
257
77
54
162
129
140
38
143
132
160
73
216
468
121
240
4
134
362
127
101
381
146
69
0
510
366
1000000007
155
174
55
202
388
12
226
53
254
123
334
9
69
248
6
302
548
777
5
562
121
116
4
98
214
0
24
143
49
447
153
247
490
24
158
1000000007
59
527
241
54
844
224
17
533
93
162
150
259
322
823
50
312
31
338
0
33
72
8
69
46
182
15
13
269
0
107
795
355
408
104
157
161
77
216
56
0
73
766
5
472
189
178
160
160
94
50
77
97
276
266
41
382
347
102
1000000007
56
0
784
52
10
209
121
254
18
295
154
749
97
233
89
120
235
422
554
186
619
145
456
137
849
18
872
217
275
321
35
36
188
181
186
235
168
599
378
288
914
912
75
136
10
56
96
78
196
250
0
195
711
449
140
72
60
113
4
19
197
264
223
248
266
113
443
26
777
330
56
0
544
1000000007
125
34
134
1000000007
200
29
67
144
78
71
197
7
70
229
252
111
0
26
93
307
622
531
17
138
201
593
244
9
1000000007
61
85
1000000007
7
220
277
57
15
176
344
230
22
256
329
1000000007
29
357
220
80
232
396
59
344
29
30
232
0
8
533
185
19
119
242
892
38
69
296
27
555
325
0
748
148
749
139
10
541
31
253
112
132
242
123
284
372
99
572
459
19
172
84
175
48
22
40
173
97
1000000007
139
19
0
1000000007
78
268
121
36
339
303
130
538
513
274
631
224
141
102
2
16
577
180
148
33
20
796
10
323
42
228
215
185
144
100
159
10
235
553
96
639
254
32
147
128
529
110
42
14
215
273
315
0
119
448
408
54
697
422
235
455
90
197
210
32
62
665
273
284
541
280
176
237
202
1000000007
425
0
196
879
65
642
567
42
119
5
535
378
210
184
145
661
74
158
277
114
175
22
151
114
226
192
340
785
0
71
49
476
113
59
12
1
56
417
0
162
76
52
201
307
72
1000000007
244
701
249
291
83
30
36
43
126
142
17
711
129
79
254
174
371
511
77
95
24
306
189
33
435
141
104
606
39
100
168
52
365
73
80
458
144
24
59
186
177
408
274
469
0
392
513
34
373
10
31
171
60
672
164
936
517
285
471
36
1000000007
213
112
24
19
448
689
215
94
304
19
230
429
73
408
291
125
483
145
53
14
170
15
34
1000000007
404
88
62
34
27
48
451
21
35
267
76
39
405
129
112
52
580
335
2
66
285
205
269
184
331
924
456
38
75
479
144
279
444
681
19
91
173
150
517
87
621
353
21
141
365
318
188
381
43
68
536
1000000007
1000000007
212
82
270
90
63
201
289
60
709
101
80
701
146
268
257
197
45
41
361
773
120
95
731
69
282
172
441
85
358
257
39
43
27
286
81
2
122
267
5
421
38
583
19
443
123
206
482
115
155
90
0
9
277
290
136
946
360
24
14
30
525
56
73
108
256
86
208
70
18
483
677
35
49
165
467
101
431
37
295
0
37
160
18
68
157
108
6
157
145
492
22
216
230
275
207
184
171
439
67
58
488
23
316
146
86
202
40
32
26
319
209
60
212
535
465
154
145
336
104
205
208
79
62
32
1000000007
41
0
559
49
295
647
85
25
448
449
41
420
229
257
297
602
119
119
176
227
12
224
466
28
523
121
184
26
245
544
130
72
338
148
255
156
323
9
634
256
227
201
86
186
77
209
179
239
593
98
116
62
273
59
47
103
67
142
638
96
580
78
96
12
689
30
36
47
583
32
535
422
301
67
150
96
72
162
11
196
138
84
309
248
741
664
145
43
77
186
1000000007
395
20
88
112
126
115
336
2
1000000007
918
400
443
14
287
142
322
91
243
53
190
66
177
488
192
469
131
148
586
125
158
2
547
71
1000000007
245
222
718
415
58
408
123
105
49
24
41
38
51
286
123
214
145
49
0
39
4
1000000007
34
807
591
13
40
16
73
225
554
6
699
148
13
302
54
753
111
0
25
322
58
458
480
313
482
118
113
101
346
588
587
17
587
7
146
679
209
865
1000000007
740
330
110
876
3
25
179
293
115
140
349
59
76
143
118
163
78
396
337
500
276
350
58
203
690
271
206
183
439
140
131
59
170
2
148
153
719
333
275
34
54
13
33
132
165
152
126
409
178
311
55
47
372
112
607
458
393
1000000007
18
46
183
173
36
46
280
119
100
79
140
225
0
124
60
615
839
107
150
71
12
251
128
55
125
297
23
268
905
9
605
4
190
311
62
124
1000000007
484
116
290
81
240
700
405
59
47
41
262
87
92
659
117
1000000007
79
179
75
173
34
23
19
309
0
82
127
99
248
6
1
805
24
5
51
201
32
30
102
124
82
13
178
155
799
657
317
2
280
19
575
206
372
731
215
18
88
122
23
67
0
1000000007
51
176
111
42
94
8
178
5
86
97
254
0
77
127
27
179
205
17
218
608
222
4
185
75
127
63
122
611
356
231
397
106
801
44
275
345
490
116
359
226
1
445
7
512
412
456
348
414
3
42
87
120
138
306
649
378
120
168
214
264
433
127
20
89
174
21
149
3
308
375
0
48
201
406
679
302
151
96
169
571
431
287
513
208
525
0
1000000007
213
403
90
428
5
104
236
126
353
123
133
122
85
113
0
381
199
659
153
166
13
379
114
378
64
0
220
1000000007
306
66
97
452
904
121
131
427
51
541
50
54
5
79
75
0
405
309
60
1000000007
354
51
66
75
267
8
10
72
562
109
716
338
43
655
765
77
26
135
704
43
80
65
74
70
213
338
177
309
37
143
11
492
0
629
297
42
377
132
489
368
83
695
45
184
381
149
382
188
305
168
514
399
316
546
7
366
87
124
137
184
12
62
0
383
474
2
0
246
181
268
3
394
220
233
8
61
147
162
84
472
94
64
149
182
422
574
445
87
204
295
12
156
173
42
115
309
394
183
207
268
569
0
94
115
126
76
235
36
80
163
17
271
345
285
43
31
1000000007
1
188
147
134
872
17
51
672
457
36
15
146
1000000007
75
438
45
37
798
54
637
45
799
121
207
359
523
19
515
62
645
127
141
313
110
192
56
222
235
240
454
489
72
1000000007
35
340
53
0
149
138
88
189
789
111
144
366
368
502
290
12
179
91
28
394
239
63
141
498
5
371
5
48
11
99
123
181
62
147
269
263
7
532
267
270
332
228
129
152
453
289
207
88
450
121
0
56
27
185
644
312
133
77
314
325
118
81
88
49
119
230
68
6
89
19
670
61
261
362
17
0
167
57
774
145
313
104
9
57
212
63
301
11
136
1000000007
8
0
136
44
18
147
696
113
286
36
0
371
321
1000000007
23
147
699
0
85
150
143
781
82
57
310
42
680
163
128
644
16
77
49
36
203
108
846
695
167
216
286
850
195
147
628
86
379
86
22
0
74
52
20
255
466
291
33
164
58
122
212
78
56
76
144
167
163
0
751
52
380
411
231
8
230
145
388
143
280
345
1000000007
77
302
16
32
269
237
160
135
168
134
216
133
763
95
108
81
514
223
36
107
120
88
384
588
60
97
140
148
311
948
50
294
248
670
761
102
278
82
80
61
170
36
171
51
117
333
798
29
138
175
26
17
155
298
27
243
183
184
32
793
64
201
149
460
69
150
5
186
39
136
309
102
146
638
674
84
344
508
170
73
110
1000000007
279
148
291
814
73
112
205
239
90
78
27
35
33
606
429
335
79
136
318
157
1
44
331
38
531
145
63
32
0
443
533
101
569
15
8
237
154
448
132
50
1000000007
0
91
248
505
31
32
40
201
239
145
259
243
284
227
71
353
130
55
118
288
111
112
219
36
300
423
10
400
778
2
505
149
141
15
149
84
531
0
79
29
151
295
14
100
887
295
231
100
301
517
167
232
464
149
0
224
55
612
638
18
87
127
450
25
38
181
100
436
172
101
144
478
59
331
146
443
56
456
300
189
497
59
45
95
38
313
63
37
114
230
87
213
363
152
250
176
0
391
39
216
360
189
49
473
22
56
385
11
888
105
139
459
154
0
298
238
36
0
799
472
349
48
296
478
52
144
361
705
274
107
136
516
718
114
6
408
129
48
0
396
116
288
309
0
115
416
51
258
108
59
272
26
29
413
95
603
478
69
46
84
355
172
22
90
32
206
113
103
278
229
230
53
295
51
192
396
116
293
457
11
408
201
231
397
26
301
0
84
375
982
0
46
177
66
333
95
0
476
1000000007
111
201
676
222
258
62
141
195
29
7
46
151
826
57
452
52
282
172
3
117
252
310
144
256
36
76
70
184
222
312
237
0
265
92
454
227
140
145
182
242
32
127
154
40
171
251
87
497
332
4
1000000007
174
514
695
497
417
79
122
1
335
132
890
531
113
88
153
305
496
97
416
339
283
190
45
140
125
334
22
429
8
92
234
179
342
1000000007
101
314
371
480
2
193
724
105
192
1000000007
458
3
413
142
503
536
102
179
27
71
166
304
186
476
1000000007
661
604
11
264
21
209
60
452
95
293
363
519
363
344
18
221
77
548
0
146
0
741
0
410
172
33
278
142
360
146
502
55
210
521
89
230
8
85
0
382
303
2
8
26
0
281
61
147
109
34
138
791
550
279
102
727
450
170
116
255
16
297
104
3
237
262
40
303
156
36
6
18
143
0
162
27
249
506
265
6
118
185
87
67
702
215
318
61
143
112
227
130
168
94
105
51
502
212
14
100
196
12
779
387
163
329
147
286
16
49
523
385
21
16
179
122
273
116
10
95
83
63
93
52
1
287
156
15
103
325
2
454
121
135
39
257
117
197
5
136
205
118
167
253
144
22
97
319
29
0
141
425
239
2
223
1
41
34
86
306
73
141
444
221
65
290
652
871
251
682
213
85
20
77
0
181
315
473
534
313
45
145
164
570
52
349
147
80
20
278
297
0
111
294
7
104
673
524
41
49
0
156
0
30
13
100
586
180
81
110
624
243
474
438
733
296
656
85
878
321
538
894
722
125
238
361
166
667
1000000007
45
333
119
264
188
672
461
397
45
17
32
173
75
33
162
333
639
184
260
293
54
56
879
7
190
171
846
174
167
122
111
187
161
268
393
148
14
341
145
431
350
180
349
8
56
351
146
49
275
580
61
56
402
1000000007
375
436
624
0
125
534
55
39
264
609
41
581
394
40
544
138
0
505
206
99
19
109
108
477
970
534
292
791
194
47
22
261
220
1000000007
204
253
347
229
521
453
0
644
212
166
76
90
189
945
261
412
28
708
396
248
22
41
47
33
90
79
68
152
41
70
14
113
224
263
180
165
54
212
304
267
67
164
433
15
504
321
268
123
113
896
249
648
387
35
315
0
26
228
96
316
3
66
68
389
110
1
48
647
22
332
220
82
914
54
107
76
33
1
669
65
91
167
312
113
347
216
61
365
174
5
83
48
78
152
94
93
398
646
449
491
49
67
17
0
15
0
48
149
17
101
904
121
455
547
465
140
381
52
583
293
324
551
0
289
333
502
17
221
71
737
622
271
83
33
47
345
130
20
26
386
60
301
367
39
140
4
283
52
145
516
149
147
355
78
64
1000000007
39
589
57
80
158
489
306
15
108
337
921
275
534
206
151
181
264
65
310
385
158
0
83
105
0
1000000007
269
143
928
411
206
1
0
11
0
143
415
230
408
125
608
2
260
315
30
338
190
96
350
226
604
282
55
186
182
45
143
455
0
173
184
11
175
358
12
0
2
485
432
17
150
146
416
207
31
307
828
92
144
18
399
54
110
0
444
103
600
82
63
388
67
21
146
143
148
692
781
51
521
142
261
585
247
286
93
129
126
105
681
117
143
17
278
126
770
490
31
76
114
165
303
188
0
101
160
51
182
161
713
33
572
1000000007
315
0
351
26
212
136
15
299
361
277
94
79
56
811
155
121
122
414
115
11
0
354
63
261
39
533
484
339
18
40
316
61
163
696
198
502
441
384
365
228
391
91
8
120
65
103
285
84
30
105
25
220
30
241
694
435
45
225
165
441
74
215
290
51
117
57
330
0
63
191
19
122
335
3
47
336
113
0
258
1000000007
223
425
215
171
424
35
285
326
42
222
2
118
82
620
0
66
240
3
70
297
33
149
669
60
143
335
256
111
108
261
89
336
694
23
219
489
0
161
106
108
51
78
305
341
147
317
551
80
64
138
3
135
1000000007
18
702
76
16
416
302
223
456
68
392
35
165
241
380
152
423
216
120
136
214
165
142
1000000007
284
1000000007
145
15
357
25
863
214
540
69
295
174
304
430
103
206
203
27
141
642
27
1000000007
603
69
49
0
30
166
69
4
250
166
304
598
38
260
0
1000000007
136
591
42
299
146
31
113
501
57
166
50
146
481
417
225
152
352
38
325
336
360
0
474
394
136
301
109
264
646
777
270
1
1000000007
149
271
156
38
179
21
211
134
156
189
421
101
197
477
215
424
336
69
182
90
748
1000000007
397
0
13
16
494
69
163
43
245
557
82
189
148
56
181
240
664
19
241
28
6
143
488
66
21
952
24
537
43
175
19
175
176
476
2
98
38
72
290
408
525
213
176
69
54
39
487
48
672
9
30
76
397
252
638
1
58
90
968
155
686
60
103
553
77
453
7
244
184
24
929
30
32
36
214
0
148
296
964
16
253
35
24
53
745
71
11
68
441
30
112
431
188
35
163
497
691
320
88
513
79
310
435
319
0
137
16
601
322
37
932
142
549
33
113
1000000007
270
822
274
293
294
369
149
248
172
408
43
101
60
184
732
321
687
17
508
252
765
15
223
185
486
246
278
483
34
490
221
144
15
253
214
54
1000000007
97
441
61
466
96
24
270
837
228
196
101
76
243
133
2
548
56
68
67
99
162
756
112
362
146
1000000007
89
274
317
138
40
387
75
90
69
18
539
30
326
188
215
223
128
41
102
53
0
226
20
228
112
102
78
281
221
2
172
248
294
78
212
29
85
273
21
219
101
11
188
469
750
1000000007
373
15
384
324
316
56
669
236
330
0
80
69
313
248
32
393
620
528
1000000007
1000000007
82
313
408
349
263
70
232
85
283
184
177
761
0
249
581
0
584
493
206
43
147
362
128
335
169
1000000007
1000000007
91
53
183
225
37
108
274
257
69
186
98
0
239
106
802
20
103
325
620
82
366
69
204
1000000007
813
783
304
364
57
913
84
348
70
68
129
401
12
477
417
321
304
777
56
65
153
1000000007
723
423
36
1000000007
113
39
283
1000000007
54
953
123
147
570
176
58
29
136
151
42
125
350
64
57
219
159
113
144
344
172
30
205
146
336
367
18
0
393
61
376
144
30
159
125
193
285
293
320
47
146
150
408
606
628
116
216
21
93
1000000007
73
117
763
219
0
228
164
62
412
242
871
129
255
250
353
35
49
79
365
180
17
167
492
11
148
246
71
18
308
475
132
17
154
183
59
785
333
142
217
98
253
515
90
337
147
1000000007
0
114
30
78
550
370
486
18
146
330
519
46
539
195
329
77
410
223
112
838
10
13
198
155
95
168
14
135
15
148
74
21
132
264
308
23
619
61
859
76
736
113
253
92
199
635
145
405
203
373
145
292
438
0
727
2
568
711
663
61
30
233
60
0
347
309
722
488
276
616
241
187
149
287
51
849
142
21
567
42
83
300
50
311
15
247
56
247
61
58
1000000007
1000000007
864
25
213
16
93
809
188
132
458
112
467
56
50
409
436
157
356
736
20
782
214
291
333
11
8
55
49
439
425
156
15
1000000007
561
0
152
354
15
124
528
223
8
588
612
204
61
182
200
96
0
1000000007
221
401
203
27
102
261
15
7
0
119
187
170
541
123
29
340
139
282
451
212
71
0
67
145
17
189
73
483
144
114
355
275
124
43
386
241
325
185
740
119
130
220
148
344
234
0
257
27
33
1000000007
92
344
65
330
532
477
6
227
147
278
12
37
229
72
124
1
91
576
6
205
197
201
130
129
356
258
329
704
85
381
59
400
149
178
299
258
347
17
169
143
101
69
631
279
446
261
67
95
53
334
200
226
210
90
292
410
154
139
9
0
131
37
24
61
142
218
249
101
425
204
765
135
56
94
22
105
231
419
68
588
333
1000000007
48
123
76
98
194
273
356
49
131
183
43
12
159
4
179
50
311
91
24
60
72
1000000007
442
62
126
822
322
193
26
0
224
11
1000000007
618
1000000007
82
169
319
963
233
72
254
110
286
17
390
149
65
126
183
187
117
686
147
1000000007
774
95
417
666
133
66
108
59
236
591
9
304
662
260
552
134
36
358
0
211
175
0
175
179
602
398
2
202
9
141
2
372
0
386
64
29
53
562
142
575
34
415
16
267
624
666
239
79
268
107
141
1000000007
246
190
233
246
183
470
322
375
53
341
421
208
23
613
564
175
293
144
57
52
626
130
28
35
148
366
207
263
399
32
132
82
855
130
366
231
87
351
139
338
312
110
45
549
0
162
290
319
108
168
516
356
99
177
511
109
76
63
441
47
38
150
142
349
314
139
4
634
153
147
244
20
66
0
71
178
148
390
94
858
59
70
20
159
143
240
35
91
27
87
47
304
177
27
80
0
172
706
115
71
447
166
61
463
314
375
32
303
18
190
119
20
26
282
213
358
39
117
257
169
23
186
45
26
13
366
287
0
18
739
347
5
654
435
219
51
14
110
37
91
345
335
84
350
32
1000000007
56
57
7
235
690
118
6
329
0
2
529
129
312
456
139
404
0
190
139
229
222
321
885
0
362
79
78
225
120
524
150
135
570
260
932
166
45
0
78
284
37
22
17
96
248
2
162
238
116
149
112
79
122
93
1000000007
709
7
64
64
343
183
347
709
367
316
71
194
441
811
63
313
132
370
1000000007
279
135
372
0
71
375
366
644
18
711
108
87
123
449
110
923
39
4
2
323
189
403
1000000007
176
59
260
20
170
450
288
236
410
293
130
197
74
161
0
579
225
128
510
60
201
194
401
17
61
93
221
178
21
178
60
12
700
229
102
339
96
0
92
64
142
330
410
45
40
19
5
399
68
359
175
22
82
530
43
149
103
265
74
3
558
77
42
156
957
181
77
14
15
118
625
140
371
146
197
66
558
391
179
146
369
20
378
102
257
266
88
97
55
239
500
42
321
232
172
279
162
797
51
127
239
5
853
32
293
273
206
170
77
875
220
299
61
46
42
364
160
861
96
323
683
148
158
133
301
53
433
0
24
204
862
51
145
94
55
254
65
62
186
5
1000000007
466
0
33
120
142
123
142
871
480
902
116
338
6
144
244
798
78
432
502
45
49
4
444
316
305
380
341
40
26
585
507
600
28
147
22
71
58
78
121
37
106
376
0
237
171
50
497
32
5
9
251
464
16
327
660
228
422
105
173
444
24
0
66
53
1000000007
500
127
257
321
153
93
533
136
114
28
1000000007
170
894
176
190
124
141
177
233
713
31
32
290
634
217
129
102
309
312
459
138
219
12
21
59
136
193
11
55
89
64
366
168
314
166
34
26
0
13
245
411
282
64
99
73
652
282
57
0
688
122
974
414
20
121
14
0
40
118
125
4
0
355
199
0
0
117
44
99
56
558
0
392
365
297
275
325
153
119
17
243
383
162
53
256
211
226
610
124
68
150
0
267
335
50
488
64
43
391
95
129
1000000007
146
234
357
7
39
596
120
802
133
126
668
181
29
10
0
37
225
269
581
39
163
71
166
172
347
93
322
364
306
683
143
307
231
149
365
6
140
93
326
135
124
182
300
146
569
193
132
182
0
5
255
389
399
380
629
22
18
5
10
85
793
169
46
179
275
217
206
88
118
62
550
310
264
1000000007
1000000007
154
766
22
6
642
4
67
308
97
89
561
85
211
236
620
774
157
158
456
163
610
216
219
148
18
52
135
48
290
49
274
400
5
131
176
278
112
312
178
158
379
445
100
153
129
48
98
63
18
221
150
123
451
64
113
18
154
60
462
461
117
81
295
1
0
601
337
134
642
284
193
375
306
325
766
146
4
37
149
269
160
265
274
145
265
68
122
298
491
382
301
150
63
201
465
125
425
155
478
0
824
305
113
26
17
182
149
271
190
218
43
43
265
546
252
554
63
214
231
215
34
118
368
105
199
17
756
501
225
7
601
679
158
68
980
234
264
151
138
12
67
849
305
115
0
16
257
388
306
133
28
325
166
112
244
31
548
31
56
14
188
282
282
137
532
921
68
190
269
293
386
141
22
108
1000000007
146
353
60
188
30
816
49
145
161
204
0
442
364
38
135
8
150
2
880
244
707
589
0
219
0
192
460
450
2
230
43
0
89
4
70
318
75
472
12
167
127
0
17
1000000007
508
525
116
196
336
1000000007
372
262
55
114
192
524
414
121
290
144
0
33
0
1000000007
0
386
124
756
36
206
68
5
320
154
0
218
150
51
66
116
152
309
195
515
212
1000000007
202
0
2
213
144
69
43
90
368
146
261
753
135
173
584
11
49
662
256
0
134
167
660
130
10
219
610
495
1
56
84
190
199
197
88
36
769
659
27
571
236
86
76
289
48
89
162
167
331
359
37
180
42
193
139
46
85
334
14
261
167
24
1000000007
383
79
216
0
630
20
222
400
39
402
58
594
395
39
121
586
280
495
94
106
695
280
231
209
290
14
65
11
162
383
52
97
177
82
676
139
133
163
278
166
707
75
489
233
259
197
125
195
642
46
931
343
102
254
34
326
420
389
129
8
80
206
209
217
481
558
171
54
339
158
149
61
35
0
664
42
13
417
73
438
6
15
130
274
92
490
68
47
306
143
210
430
444
158
218
262
391
0
226
4
0
185
98
19
77
42
200
206
108
355
466
337
420
4
7
98
41
93
85
236
74
116
815
241
220
18
699
321
188
89
110
145
150
65
143
149
197
153
297
0
418
134
13
321
211
363
220
858
273
288
176
101
171
925
188
368
139
111
133
46
27
639
86
201
10
191
103
18
0
5
183
0
208
168
64
38
12
60
111
491
164
158
214
126
150
169
0
193
95
629
246
236
47
195
14
150
61
17
343
46
146
37
149
487
101
685
682
198
320
98
73
86
148
2
130
144
559
79
29
51
744
135
365
234
446
40
19
112
454
299
122
168
55
54
307
86
4
0
150
34
457
21
74
17
454
107
75
359
54
108
146
288
79
687
454
86
148
277
59
116
80
897
73
82
95
26
19
74
106
859
538
113
239
135
194
1000000007
57
165
130
29
37
230
31
421
657
200
61
46
32
505
311
1
66
86
1000000007
34
540
146
248
80
205
177
81
153
33
333
118
42
99
39
91
30
103
77
228
487
167
240
533
352
286
93
101
323
123
33
2
131
59
42
77
74
26
0
251
417
150
159
91
1
347
137
311
300
234
45
55
204
107
55
33
12
286
109
1000000007
720
200
18
221
18
82
404
121
164
305
270
582
287
105
354
18
27
10
346
217
41
109
410
523
330
145
22
21
97
25
172
237
32
221
200
10
594
168
130
126
277
83
36
184
4
210
50
