1000 2000
509 573
145 107
338 565
8 219
878 167
75 835
523 998
270 942
535 72
465 680
64 333
270 350
992 197
740 392
327 769
966 836
341 462
294 30
378 653
249 255
171 675
442 693
673 63
635 559
135 451
238 550
783 507
251 774
704 990
517 382
758 482
217 450
295 862
480 24
514 80
279 36
754 72
729 778
134 715
337 620
165 926
521 299
785 771
424 840
113 940
221 222
773 438
672 67
651 503
442 165
582 720
552 687
143 632
817 629
346 153
600 862
430 121
512 214
243 935
53 355
874 274
929 646
63 600
64 713
454 506
229 35
577 133
721 72
764 537
700 462
41 299
323 471
771 187
36 14
121 441
368 347
714 296
992 128
247 408
192 700
265 773
86 841
905 807
264 668
695 315
129 736
614 804
558 736
990 593
749 462
33 469
808 98
116 152
577 715
559 769
414 823
893 852
15 797
658 631
816 704
791 558
748 348
646 89
293 394
550 677
862 358
775 330
509 703
44 419
471 809
593 715
660 959
511 669
589 327
373 534
623 163
443 722
863 88
810 155
482 711
831 695
68 957
24 928
660 67
346 482
876 290
197 887
249 59
556 837
385 928
722 359
442 165
80 304
252 889
458 85
600 641
780 19
597 155
299 256
574 996
90 449
335 886
344 242
722 81
521 796
439 963
960 871
618 563
759 428
648 710
68 779
81 16
285 731
272 858
726 713
658 363
350 345
248 693
586 322
125 107
117 916
421 76
786 38
990 896
465 637
958 532
767 390
548 52
120 171
261 845
235 919
208 584
263 807
628 200
128 753
306 244
20 726
671 157
116 661
52 580
649 361
464 768
750 363
171 221
533 431
66 767
701 625
350 315
431 977
515 911
81 820
154 100
898 177
608 13
189 660
944 189
372 407
956 474
769 478
694 653
261 759
771 961
735 120
276 518
449 142
428 881
313 933
333 210
109 940
574 649
951 870
838 323
276 145
796 397
623 489
49 883
600 820
195 686
291 822
203 739
963 630
620 276
563 304
837 23
243 763
672 194
632 509
868 907
5 663
303 627
503 704
861 454
523 56
140 813
877 694
904 840
324 875
467 238
178 655
612 420
417 283
965 48
143 832
307 148
846 961
126 701
16 987
506 538
42 645
703 270
339 606
461 14
832 927
603 9
582 214
780 350
497 97
750 991
928 56
490 126
368 616
178 384
602 683
273 995
328 975
616 18
932 77
31 763
355 985
123 288
198 255
638 46
351 387
37 630
794 878
755 513
493 932
896 446
615 521
792 294
847 408
663 779
484 45
893 838
29 368
126 226
622 115
272 324
853 660
953 646
537 60
158 382
343 406
827 309
278 971
602 124
378 616
902 213
660 147
402 688
866 879
266 839
993 537
162 845
196 114
842 732
525 352
113 868
109 292
176 386
262 130
509 991
745 763
555 405
261 956
444 126
835 709
964 179
245 125
376 792
590 217
876 115
920 340
334 28
983 509
765 596
638 274
586 383
388 140
139 648
448 582
125 634
643 88
812 239
564 187
31 505
756 258
619 675
597 304
55 932
813 819
527 802
444 465
536 831
956 674
830 403
608 954
36 602
393 200
840 308
738 222
813 493
479 783
520 428
87 926
359 899
744 237
52 188
701 588
370 657
613 552
59 572
857 447
173 602
646 365
909 383
586 721
228 417
504 747
196 590
672 906
840 767
142 891
306 195
830 28
851 443
579 909
366 787
707 539
388 352
255 297
87 192
17 314
960 520
60 155
461 83
412 652
201 906
543 507
100 372
534 950
166 464
210 532
250 917
422 638
620 28
934 706
219 302
19 179
174 430
685 634
864 97
286 65
354 180
571 453
903 456
754 69
919 963
952 168
231 725
157 851
752 442
556 970
744 927
500 269
356 185
902 220
633 539
284 986
70 206
438 325
661 543
745 579
505 696
98 736
420 255
938 523
696 845
492 791
771 992
59 127
528 313
698 160
203 333
497 273
538 286
597 198
828 693
128 332
388 225
419 159
831 356
681 527
201 524
669 323
867 728
801 394
40 498
905 242
830 753
866 719
38 814
268 865
506 395
549 245
972 319
755 802
675 435
680 227
311 349
901 177
76 702
923 467
199 179
60 381
932 278
99 969
91 719
186 949
113 734
545 84
52 300
238 78
86 917
656 396
265 909
925 692
610 199
158 160
729 570
540 660
847 991
981 289
61 518
237 173
251 782
609 654
433 846
84 518
114 91
266 379
999 190
422 608
740 580
120 468
149 11
128 347
1 460
635 61
977 872
586 579
5 546
584 789
391 667
306 504
110 571
234 108
112 656
68 851
587 187
319 87
549 798
433 550
257 67
962 585
290 899
163 646
444 746
434 186
765 92
42 226
14 627
333 126
282 752
976 220
290 646
658 839
443 90
740 51
509 53
987 150
952 149
148 747
247 933
933 363
24 974
588 390
600 272
515 234
376 842
805 665
840 463
855 282
904 946
685 412
999 671
914 302
172 61
48 770
993 980
484 369
305 71
758 257
694 624
490 69
465 294
86 304
108 292
938 12
238 974
423 588
996 688
889 167
748 936
288 93
268 771
813 572
193 922
180 887
545 669
307 9
315 744
665 422
36 954
433 273
927 208
212 922
247 100
441 347
387 80
439 654
851 603
578 395
524 757
633 68
778 940
428 444
683 92
865 70
397 650
694 323
209 905
597 455
4 389
801 391
468 591
396 670
193 325
417 716
434 49
135 211
340 563
6 375
6 222
444 403
871 138
77 431
42 25
886 398
413 686
140 233
629 535
254 821
212 670
889 645
719 23
207 410
585 212
784 943
433 228
697 304
717 773
734 110
798 971
507 562
9 998
146 637
533 400
457 744
69 345
388 139
720 594
549 656
157 684
598 589
263 294
244 979
419 330
441 568
300 947
481 308
297 627
296 829
26 753
924 446
449 663
585 520
608 485
176 764
168 125
704 431
771 948
761 189
277 201
756 928
500 588
588 796
214 883
976 591
987 899
37 788
913 973
307 520
457 834
635 976
959 338
758 729
285 519
917 913
71 24
841 570
963 780
717 177
662 692
767 649
942 155
436 854
127 94
725 935
928 711
911 886
49 20
966 685
538 234
598 961
609 790
530 571
569 599
747 582
642 866
230 584
20 17
789 499
111 866
433 390
576 695
627 624
715 592
661 604
825 610
564 433
399 446
3 319
396 102
900 37
967 482
620 338
498 761
836 960
626 621
701 201
315 327
177 381
918 189
337 94
798 252
878 196
697 881
866 444
334 765
481 300
246 100
989 96
212 825
407 837
797 108
390 111
434 918
844 704
106 532
797 903
783 675
450 832
907 315
275 240
79 755
891 677
207 879
772 418
55 178
607 851
637 348
314 71
265 509
126 722
40 274
976 822
948 425
653 206
739 928
797 169
34 39
197 240
270 320
10 324
850 616
527 486
315 192
908 579
700 33
652 739
307 627
912 606
51 917
812 141
196 960
661 229
999 858
821 268
177 830
943 26
797 469
864 111
660 771
41 711
804 44
801 110
670 713
67 72
629 230
212 824
190 872
52 188
81 224
807 258
53 749
635 201
570 498
663 229
621 703
292 424
746 92
885 767
804 951
838 784
533 49
607 722
273 11
261 705
234 67
314 639
815 949
191 384
798 854
965 418
556 256
193 654
699 429
772 503
732 610
638 264
10 597
985 634
607 245
339 192
311 652
182 477
952 373
861 102
226 825
871 133
432 64
138 130
492 910
984 575
871 622
838 880
218 822
514 176
418 852
719 80
855 901
557 807
625 417
260 202
593 130
334 24
193 824
153 37
85 489
611 955
110 801
834 679
974 699
206 392
902 924
471 757
176 27
915 152
795 174
353 387
303 39
410 848
214 915
236 298
403 198
252 864
998 437
894 324
136 99
715 37
374 537
145 902
916 411
53 710
584 406
97 239
796 858
438 9
124 25
306 878
222 557
741 572
345 986
895 480
84 961
869 458
497 13
711 412
424 763
474 359
520 570
949 315
779 386
323 903
410 980
132 984
888 225
907 233
210 153
712 294
113 932
103 961
945 813
725 720
927 198
430 447
119 379
761 249
116 436
503 526
415 635
861 303
859 119
887 68
271 950
713 735
882 167
47 178
331 771
897 258
320 678
704 438
56 816
687 172
251 189
49 18
175 261
672 33
379 558
101 649
507 165
735 388
332 781
917 662
904 813
271 223
491 326
13 898
142 51
69 744
591 469
113 766
729 784
798 107
341 250
107 200
415 841
939 746
974 856
759 877
20 382
451 862
707 463
760 848
513 180
944 104
649 56
869 377
840 18
836 532
268 942
731 34
135 22
131 460
877 889
336 896
270 138
758 977
601 869
176 465
48 119
920 696
175 140
425 366
158 260
897 777
553 980
810 687
1 940
498 229
180 833
124 802
323 233
130 923
101 305
739 149
776 659
196 302
798 620
19 955
879 915
731 784
246 892
822 598
831 320
826 363
504 950
164 826
534 293
100 635
949 839
783 76
497 330
377 294
950 395
601 180
662 331
963 259
223 785
857 405
456 682
767 959
983 282
785 517
926 884
503 875
722 637
302 218
966 31
864 915
777 464
447 438
146 761
49 720
897 905
125 352
938 243
311 273
525 95
141 450
330 643
676 52
631 978
621 596
8 484
863 784
299 309
574 445
69 974
164 966
878 288
317 167
883 979
791 759
73 931
560 403
925 236
806 555
565 778
151 924
614 365
59 912
673 984
356 93
957 872
410 186
511 727
353 393
705 143
151 130
426 63
884 702
298 41
257 214
170 759
137 783
123 547
47 147
531 402
239 487
625 649
25 136
727 377
528 783
871 31
264 648
93 499
350 742
539 958
307 709
68 795
843 542
341 889
688 223
643 278
62 267
278 86
402 356
814 282
491 684
664 106
684 756
605 385
849 495
342 155
555 761
949 398
302 641
638 341
864 632
618 925
899 248
10 652
955 823
933 445
858 948
551 541
703 507
925 903
1 618
57 556
378 357
305 31
998 294
371 861
926 341
137 824
588 146
827 542
320 112
339 529
59 889
70 114
395 346
16 747
316 425
654 45
781 310
76 130
604 446
342 529
786 478
704 725
975 882
267 294
993 957
823 52
845 244
165 591
941 532
689 608
956 343
653 737
4 728
866 607
525 208
487 311
37 190
35 12
72 653
657 416
609 831
467 805
426 983
747 367
515 788
326 470
130 978
558 133
57 776
92 582
335 578
244 371
120 630
734 543
283 391
958 243
221 777
400 999
111 498
717 977
285 42
447 766
372 356
899 428
483 342
9 169
919 252
540 390
882 625
932 516
15 242
110 588
370 861
586 480
359 302
457 643
695 255
409 66
962 659
494 445
1000 854
613 270
458 504
660 691
129 943
558 495
184 667
434 905
528 371
385 886
24 193
880 719
447 288
784 408
298 629
204 297
483 817
919 940
672 578
982 152
872 539
647 408
557 432
312 84
803 696
321 826
240 201
896 686
840 680
446 138
308 649
786 142
817 704
433 841
633 414
992 505
952 638
912 861
422 223
944 224
271 617
401 510
169 649
548 8
328 345
497 987
345 283
481 514
338 913
354 971
679 345
475 982
335 738
842 756
312 138
331 582
754 83
444 922
731 343
281 410
687 778
749 383
412 581
896 749
493 249
719 523
946 545
505 280
282 346
387 594
483 69
527 588
151 322
509 234
664 142
995 702
919 95
85 682
675 332
430 168
933 501
690 878
397 546
509 31
244 895
624 726
963 502
314 465
824 174
50 839
315 45
893 585
139 977
266 814
660 48
333 592
548 374
469 944
920 977
974 163
223 949
240 185
803 905
2 978
431 51
816 745
447 708
682 586
36 947
751 48
994 435
639 893
808 108
189 79
436 162
593 659
463 185
195 617
89 196
594 871
599 761
968 45
469 649
982 856
947 732
903 941
518 894
185 326
1 373
756 788
887 349
798 701
885 993
317 325
540 910
196 138
670 163
535 490
163 516
698 109
600 952
401 117
845 586
794 197
310 902
985 196
250 782
896 486
126 212
810 666
473 5
155 143
519 689
984 681
557 681
142 508
633 542
976 829
479 770
26 789
671 362
984 272
143 232
757 621
795 918
286 268
275 440
410 793
481 393
826 37
426 967
896 58
860 871
886 339
992 263
479 662
624 814
285 119
45 393
739 840
311 376
107 937
815 868
729 647
612 906
683 37
872 578
446 84
801 684
774 792
946 252
806 922
417 90
40 814
835 130
5 497
505 463
433 671
330 513
318 293
419 352
330 642
282 127
725 82
810 850
873 108
453 678
381 870
120 772
35 306
901 39
802 405
501 586
75 182
450 392
474 868
96 803
862 377
282 938
458 443
788 330
902 240
360 282
461 831
53 495
136 305
885 289
709 385
226 136
566 675
879 40
543 974
194 756
350 475
693 807
270 480
489 171
72 200
805 884
30 857
731 517
162 615
805 222
1000 382
357 917
56 236
308 950
209 502
705 911
328 398
69 949
229 557
120 300
108 924
536 137
132 266
653 293
880 809
867 231
542 223
148 598
810 807
547 371
308 604
633 988
353 701
936 581
258 407
233 365
330 768
854 814
33 858
106 912
19 324
495 560
899 994
509 708
800 56
430 460
11 62
799 363
763 734
943 372
493 175
88 174
294 293
987 326
503 445
590 521
768 84
432 666
429 941
726 228
348 507
687 358
921 485
72 35
571 366
406 63
541 845
236 186
138 223
512 992
667 453
512 786
536 295
452 964
235 529
543 582
35 230
291 307
66 362
341 636
728 746
50 620
943 286
805 432
860 668
423 878
120 286
15 7
580 818
322 815
346 865
748 733
94 39
39 511
752 380
147 479
477 196
450 771
833 255
202 44
922 624
273 394
261 288
400 841
105 722
7 451
586 754
535 31
144 925
541 896
656 39
726 133
587 176
903 419
430 457
815 703
432 87
96 693
374 848
533 831
569 891
633 506
644 167
536 788
443 428
35 99
467 760
231 53
935 485
823 716
941 637
771 373
76 218
417 801
65 301
631 633
191 263
138 186
781 25
325 224
453 359
322 919
119 904
323 405
388 145
121 681
782 243
405 209
460 821
9 525
121 640
509 663
902 999
848 35
375 525
258 827
883 579
97 353
482 419
758 221
916 230
901 49
472 305
257 283
477 265
159 949
904 668
611 158
18 811
192 744
335 801
923 569
731 19
922 564
790 31
784 57
260 37
105 83
693 361
365 170
625 524
470 881
543 433
38 912
595 581
655 281
733 577
849 463
948 122
378 89
152 513
145 763
549 249
197 594
961 562
115 585
437 584
465 331
368 854
242 962
786 248
242 518
177 443
332 124
916 709
564 420
222 60
534 122
308 731
67 620
644 181
204 80
117 21
410 484
874 3
798 12
250 391
529 778
833 213
901 101
921 816
520 494
875 53
968 534
783 34
153 426
567 709
857 35
729 618
518 954
972 667
965 574
58 846
351 242
58 604
342 330
419 861
824 646
266 143
531 48
528 684
826 94
744 34
128 472
4 998
425 975
16 742
548 73
587 899
315 644
502 8
973 272
221 148
917 486
290 448
885 170
483 710
263 226
96 743
49 99
92 825
73 107
566 973
532 504
871 198
147 724
205 472
995 425
971 912
262 613
711 147
782 193
208 396
770 303
490 818
753 581
994 178
40 560
150 571
63 372
768 562
95 972
385 441
749 355
704 10
967 414
508 748
958 716
144 79
370 633
896 123
566 242
652 605
527 215
524 294
128 618
617 512
410 717
867 114
727 185
527 586
933 837
301 428
915 23
412 163
497 329
404 148
285 556
300 811
770 823
456 898
792 73
761 201
789 979
314 867
164 193
453 448
381 105
227 295
127 990
809 623
319 564
770 603
119 421
766 241
243 221
490 386
293 250
939 434
229 604
300 744
148 104
191 528
209 417
175 335
406 983
310 724
899 431
679 17
852 796
609 446
16 98
832 661
700 770
94 928
373 745
23 873
849 213
400 409
629 574
743 386
909 404
462 159
835 492
175 686
287 136
131 302
233 962
962 284
83 407
563 808
504 585
680 704
797 79
112 777
5 206
163 265
610 976
423 444
467 949
129 753
84 259
406 669
573 720
952 655
478 515
814 981
451 493
684 248
924 795
376 280
1 890
896 610
865 318
53 683
266 181
435 702
791 193
722 363
912 673
370 741
539 183
722 990
28 405
589 303
552 964
934 904
854 829
513 70
498 917
753 115
449 187
816 239
731 889
954 994
914 675
735 452
209 456
793 236
212 733
890 763
697 175
666 902
355 530
971 852
446 723
967 246
262 134
485 344
23 790
338 936
464 72
739 672
879 532
260 90
616 501
205 312
676 222
565 30
752 888
234 549
962 200
795 223
333 631
567 707
772 256
642 235
327 381
906 205
264 165
646 879
18 850
543 693
424 459
74 175
346 307
75 308
506 221
882 191
203 800
897 974
55 891
208 733
623 466
289 886
982 935
116 999
136 10
43 559
469 117
85 814
775 512
121 633
732 355
175 287
154 423
260 209
313 820
941 935
285 582
172 618
516 288
617 651
297 11
562 765
479 646
931 254
509 403
238 593
757 412
879 911
834 138
471 147
309 763
433 593
344 605
563 211
244 179
862 540
541 775
657 20
772 939
625 281
341 862
873 450
273 751
712 106
240 534
604 549
296 389
493 992
345 55
202 588
585 415
479 478
189 487
497 961
425 121
593 118
982 817
567 606
567 630
63 158
163 19
58 458
407 903
449 751
957 3
338 894
417 816
723 606
655 219
918 79
691 862
196 672
678 114
277 596
743 691
753 905
709 811
715 115
713 515
865 21
517 554
266 934
722 988
891 376
558 160
806 248
21 2
271 698
467 899
293 562
590 397
466 298
559 532
413 623
47 629
644 563
535 261
848 608
601 738
335 158
897 140
758 269
493 28
318 960
927 962
521 516
359 338
813 917
870 577
540 268
558 535
830 444
147 30
51 747
767 385
257 16
524 14
636 369
41 954
680 319
915 200
834 273
889 999
542 110
575 433
377 484
319 559
927 465
588 329
564 706
713 172
73 589
