1000 2000
185 709
309 577
662 988
896 576
539 81
201 427
79 94
889 6
526 617
841 196
175 768
660 114
448 575
820 513
746 244
101 282
952 761
211 613
748 458
541 286
538 741
64 617
186 952
974 711
921 814
906 95
581 917
561 29
844 732
893 941
975 345
575 927
105 785
891 852
242 431
489 779
523 552
747 708
856 720
770 776
534 27
222 466
296 782
846 139
513 738
431 840
82 5
766 186
141 8
389 734
439 877
865 313
429 611
373 636
683 142
763 216
521 984
681 816
766 879
306 630
616 736
821 698
93 938
235 585
946 624
319 736
500 183
48 280
145 420
915 827
914 677
42 434
13 75
249 130
953 906
759 920
641 932
617 85
869 204
670 814
827 340
549 326
874 949
606 18
720 872
845 633
901 238
418 913
664 18
42 968
923 152
888 916
83 856
1000 952
59 21
117 885
712 18
563 585
966 520
955 37
391 799
22 643
388 439
555 52
457 596
19 379
748 258
646 182
114 998
133 524
370 250
761 82
267 675
18 584
194 972
620 936
770 641
579 510
432 485
913 240
81 283
618 180
541 616
361 6
613 846
529 982
447 641
415 65
315 433
648 508
404 619
796 526
612 374
35 43
858 947
634 290
229 251
821 121
218 534
126 830
379 7
812 825
999 226
241 314
10 888
173 414
858 968
939 821
693 325
215 903
623 848
544 203
451 365
324 668
898 801
498 628
159 661
452 510
238 692
823 248
931 347
13 140
667 303
961 359
627 175
613 601
23 157
803 473
873 478
140 122
631 989
749 141
649 552
650 239
595 824
486 525
171 850
16 837
152 976
547 130
151 160
730 525
668 884
997 892
362 488
13 344
477 761
484 477
312 486
715 906
309 552
782 831
401 797
667 904
773 566
33 275
725 762
799 744
646 147
635 359
986 999
54 814
111 537
291 422
374 357
679 683
261 812
865 661
608 532
565 732
97 949
358 173
711 508
268 708
6 254
66 992
252 119
805 362
7 447
135 733
804 165
767 64
976 631
76 935
162 992
19 610
941 728
134 3
588 401
710 593
6 127
936 609
245 93
322 603
539 456
335 342
972 101
757 299
732 833
586 245
176 956
207 116
683 340
118 622
93 179
215 450
305 502
59 901
594 380
856 133
188 542
826 159
643 935
458 726
119 395
322 294
350 880
762 384
220 231
6 664
410 572
113 66
73 171
967 667
903 822
151 90
363 328
248 357
262 57
434 380
451 108
26 152
987 139
536 558
369 893
573 130
464 686
196 536
208 514
554 110
687 56
199 401
384 799
758 997
207 543
729 658
650 754
161 989
244 48
546 612
940 119
742 755
156 289
643 363
802 196
825 488
604 375
240 987
525 349
983 732
892 63
389 893
168 901
881 411
949 779
23 888
897 116
995 52
756 637
766 557
832 942
396 435
669 987
773 193
336 108
924 227
170 664
471 338
565 352
748 865
130 122
104 378
589 98
781 344
734 898
252 918
192 999
704 860
986 477
52 321
936 328
899 105
991 369
794 907
72 894
771 553
367 875
930 956
324 62
651 58
312 255
975 503
605 678
362 590
154 765
262 441
92 512
546 435
881 691
341 952
936 464
857 303
690 138
610 13
200 612
70 511
866 396
13 471
74 726
412 579
842 26
20 934
537 917
720 417
959 412
721 895
227 577
197 916
66 158
281 265
769 350
127 635
746 491
457 171
568 220
749 410
245 120
695 782
388 414
198 347
825 270
241 52
198 789
319 264
946 599
880 714
301 7
700 398
849 508
568 417
728 668
826 972
140 520
753 527
285 303
873 109
924 465
512 122
253 183
737 550
133 616
616 433
974 315
830 823
175 749
591 902
769 416
873 908
287 978
434 571
280 307
31 555
123 895
676 376
77 764
925 209
380 540
994 705
207 823
879 381
924 469
634 692
236 506
599 522
835 32
92 466
690 475
21 813
369 48
540 797
812 464
357 543
356 350
247 914
525 126
646 448
946 279
139 182
136 89
703 971
472 147
436 514
621 808
326 341
856 217
137 667
32 493
561 387
843 807
652 367
284 297
166 230
575 656
763 711
744 817
681 567
963 468
80 935
276 405
275 131
973 411
149 5
904 709
743 98
867 395
816 503
691 981
84 266
988 846
976 731
662 8
297 977
475 729
911 750
485 186
232 458
948 380
462 203
440 204
300 307
598 467
161 289
447 244
906 434
441 233
516 102
240 165
430 714
893 341
816 377
878 47
186 177
779 647
380 218
203 31
876 800
498 36
440 296
279 697
82 719
929 597
173 168
113 954
234 357
294 49
86 523
95 271
700 873
270 431
443 472
461 318
623 958
706 415
254 984
111 335
55 40
283 579
559 748
532 792
456 178
840 893
52 287
164 751
511 785
533 953
256 994
623 230
303 328
644 556
663 755
242 717
146 877
647 704
976 531
848 431
708 687
676 111
325 839
862 836
975 394
140 230
739 762
811 42
89 455
949 752
561 543
820 58
419 467
113 746
349 960
528 408
647 203
518 323
393 731
158 367
125 298
948 215
59 759
256 500
565 205
251 477
99 70
534 517
888 646
614 236
958 493
995 956
696 513
278 88
243 788
807 719
85 754
934 495
864 541
346 428
97 596
904 195
18 789
63 257
787 676
845 744
169 839
699 216
351 328
655 946
115 461
664 551
567 949
398 430
842 743
210 938
339 465
133 708
606 195
964 392
223 808
487 743
647 537
310 349
864 964
294 979
777 310
529 695
610 926
476 451
669 685
389 359
502 873
66 107
419 29
850 641
189 336
735 835
224 44
535 87
360 829
65 136
490 946
182 99
871 657
550 891
694 938
601 195
810 666
653 580
47 502
221 587
189 307
773 412
351 307
850 710
135 267
197 624
212 378
75 434
386 624
677 79
913 277
273 74
295 925
653 341
778 225
279 318
532 51
81 234
357 931
295 844
197 491
819 760
220 893
193 605
516 869
684 428
146 308
853 792
585 506
132 362
730 762
680 261
812 760
494 168
42 140
11 238
630 830
997 201
74 542
158 590
410 193
369 907
500 222
698 84
79 181
798 808
294 829
421 105
940 266
273 982
406 635
571 387
816 920
940 890
461 97
831 222
289 551
481 140
772 530
576 202
63 373
10 356
553 782
461 492
47 85
473 804
719 396
191 887
315 130
128 127
578 958
348 218
508 828
357 632
710 932
833 772
656 194
127 208
975 939
52 374
23 876
177 94
271 719
980 937
200 107
63 777
416 411
994 923
590 703
906 651
986 91
422 994
284 901
553 611
839 604
336 214
480 864
307 102
583 638
39 134
96 453
911 511
215 256
785 157
958 691
807 296
133 229
289 768
481 841
730 319
797 65
884 628
929 190
729 863
827 119
996 922
572 258
784 138
514 569
294 823
611 101
118 743
681 758
862 161
599 592
831 747
656 715
374 936
256 454
150 83
573 146
356 496
403 140
633 268
60 927
91 670
379 560
764 59
318 625
571 268
216 401
14 224
467 739
511 723
192 661
157 764
806 864
611 560
355 596
828 414
522 270
435 252
829 550
310 498
527 880
117 742
632 482
317 451
220 828
173 412
840 681
527 645
544 490
556 251
85 383
16 958
4 451
209 833
352 518
682 878
749 799
972 380
280 288
830 852
467 354
615 306
34 141
302 930
630 210
532 66
592 547
23 948
997 231
132 349
748 813
578 496
963 549
228 595
189 409
446 655
115 60
313 500
552 966
781 534
175 312
599 119
859 622
66 207
852 197
907 952
361 485
799 324
33 378
918 221
787 715
228 253
774 540
752 677
857 533
210 32
844 161
502 702
782 919
909 985
115 815
288 475
651 87
150 684
464 67
904 602
781 483
854 906
22 606
935 231
490 496
614 685
656 115
387 789
33 647
774 499
813 61
325 464
499 475
499 963
893 754
916 26
237 770
283 610
727 217
840 568
713 805
252 368
919 990
509 303
636 634
153 801
46 478
616 545
304 114
859 196
219 774
221 455
895 856
65 973
72 256
540 136
61 792
856 331
133 364
986 121
997 138
921 42
615 888
938 270
353 796
466 571
922 38
378 168
893 442
141 317
49 32
452 109
823 307
792 956
22 777
76 18
914 348
412 881
587 349
150 939
497 967
861 418
5 238
585 249
31 77
917 80
109 369
540 283
27 331
238 401
107 665
418 373
364 181
253 950
530 754
240 378
721 101
147 77
690 731
677 721
808 594
800 268
314 691
550 692
22 140
92 480
156 862
852 520
42 456
821 923
562 413
652 634
865 798
710 554
529 738
274 688
683 425
307 996
468 856
40 489
995 131
320 151
344 524
22 738
331 194
12 892
606 664
525 470
461 586
376 341
324 1
380 6
778 686
354 245
542 393
85 536
875 404
38 571
927 59
308 258
253 319
501 210
334 26
32 795
963 407
487 286
759 867
644 536
552 349
132 445
93 216
333 967
972 370
889 898
429 196
507 33
867 360
242 200
737 273
346 699
31 833
337 790
699 980
677 602
328 809
399 420
24 731
738 995
452 627
245 232
174 103
264 40
462 858
592 198
482 937
249 865
121 585
654 819
564 682
773 243
490 523
14 866
605 103
860 56
81 456
288 255
911 903
646 372
112 237
922 594
526 170
458 646
106 463
817 21
144 941
615 986
463 628
851 419
82 62
474 163
518 113
769 428
368 414
151 479
3 424
424 880
945 233
525 50
47 693
70 191
633 684
176 447
663 378
865 97
439 691
259 308
155 27
735 522
792 238
353 794
13 776
25 958
361 550
359 407
594 781
949 579
816 476
377 831
853 594
927 292
284 185
599 438
563 686
312 354
275 664
500 287
791 876
596 151
425 955
910 371
87 858
949 902
334 325
732 186
918 10
829 553
546 780
343 108
817 654
814 91
669 665
729 459
540 325
962 317
631 871
39 717
728 987
970 413
663 54
599 933
63 779
837 609
558 179
68 726
184 233
816 852
311 789
221 624
105 203
494 143
919 573
481 240
986 495
293 936
779 708
714 616
668 624
794 735
349 330
968 517
181 216
413 843
4 985
466 460
187 311
954 457
236 786
48 221
281 341
508 59
400 221
26 67
196 172
801 545
501 120
413 33
336 825
876 691
161 693
503 699
356 808
507 591
594 554
163 226
246 670
636 645
242 662
711 438
185 864
982 685
983 746
717 670
922 944
713 82
989 215
132 344
374 638
286 967
191 448
544 789
469 180
433 710
193 496
147 377
711 480
413 693
225 129
715 146
425 779
579 413
993 710
108 718
347 393
685 890
192 228
678 660
759 462
369 303
309 516
679 19
347 91
64 924
572 130
421 348
908 1000
760 252
709 867
969 408
259 5
649 450
233 678
461 343
491 829
646 800
696 676
170 43
119 233
318 42
362 738
389 621
737 148
872 798
366 841
557 976
845 205
777 429
882 237
124 372
65 121
523 113
148 693
507 266
925 824
659 639
561 47
611 650
546 483
447 263
675 3
238 871
559 14
652 440
602 127
163 667
247 686
131 394
378 637
12 654
460 22
644 372
69 607
21 966
89 819
229 115
173 818
337 731
184 988
522 785
114 37
803 712
722 933
458 451
921 469
456 380
490 452
104 910
58 476
228 498
295 808
612 819
625 948
902 808
288 423
945 753
459 747
465 532
32 922
334 952
742 790
684 583
593 787
845 650
614 72
147 908
879 110
79 855
57 980
15 696
402 959
449 213
57 913
96 88
186 782
392 279
571 75
861 163
213 705
164 178
128 310
86 358
419 164
213 827
495 227
523 248
185 323
812 593
587 908
681 772
689 72
402 611
498 262
125 62
319 288
239 798
949 676
156 719
191 720
897 685
946 771
933 482
93 744
74 679
3 106
802 43
529 203
653 26
817 129
439 487
768 30
284 68
57 439
786 248
158 683
284 455
453 568
288 898
664 362
928 18
467 730
61 996
284 65
373 452
194 164
938 313
545 222
381 601
12 166
848 522
200 484
976 5
403 264
254 66
977 181
84 795
262 496
142 546
560 515
997 105
30 287
418 574
508 150
174 871
667 374
392 867
209 720
223 611
335 476
677 663
8 112
457 270
607 599
167 518
465 515
623 846
801 392
419 660
541 944
531 559
317 274
777 877
345 999
488 31
826 164
693 834
627 502
455 233
100 621
102 916
135 724
761 288
467 531
947 359
474 829
918 143
455 694
19 799
45 858
182 870
21 874
55 999
727 509
583 178
481 685
93 968
760 205
255 227
735 553
937 561
382 854
55 188
548 425
986 944
283 519
813 303
745 220
654 471
80 236
649 561
920 741
528 680
946 782
258 32
334 194
944 67
400 998
254 299
423 592
242 705
462 406
359 206
625 12
677 705
248 325
617 519
417 144
550 714
277 159
746 962
705 689
381 104
39 986
754 461
929 347
165 391
752 875
596 729
887 272
785 486
948 401
356 365
544 906
78 820
416 823
133 120
864 513
575 902
499 328
714 427
674 230
817 778
104 413
506 342
36 290
179 984
42 535
348 585
792 425
756 207
600 888
327 815
753 253
68 251
581 781
677 606
362 846
735 465
610 592
159 645
881 337
980 274
871 327
858 662
104 965
221 55
205 547
869 957
151 288
559 731
420 587
689 781
432 775
245 393
367 755
38 599
92 369
873 962
48 82
976 151
47 196
557 603
94 777
911 244
64 821
327 483
407 367
263 191
141 859
583 507
614 972
106 57
341 330
370 388
411 697
890 809
244 446
411 337
222 673
933 637
493 611
119 252
329 733
442 821
943 24
328 908
996 785
964 336
466 686
723 876
382 612
685 626
409 447
314 630
120 246
266 964
208 736
215 536
820 656
357 762
32 36
22 27
172 985
714 637
670 788
512 404
751 548
29 159
995 342
140 466
588 757
781 147
492 996
683 663
3 391
424 386
426 445
764 597
782 477
585 803
616 96
206 366
644 586
524 990
928 663
807 867
419 587
13 262
934 47
924 289
437 700
674 862
496 790
810 277
266 394
432 234
842 989
599 837
575 475
178 502
489 984
720 260
570 732
521 856
131 797
144 567
496 169
781 991
958 942
620 576
688 403
809 529
743 759
717 317
233 894
170 74
877 889
333 798
973 853
5 103
1 148
21 496
669 801
839 978
743 810
553 782
212 713
310 954
824 378
623 56
271 144
129 499
33 813
648 357
666 653
811 666
800 831
514 820
984 704
798 726
513 702
859 76
415 168
381 238
545 355
645 167
499 126
665 883
938 312
239 955
964 49
973 116
231 838
287 214
541 84
291 405
786 149
480 552
668 212
141 212
567 785
730 65
262 394
947 552
58 537
858 373
585 830
488 167
19 775
381 559
210 671
963 347
172 794
898 839
6 390
403 572
527 132
636 788
878 934
691 935
470 549
307 406
730 147
572 749
273 304
307 834
975 622
181 498
415 430
336 772
820 738
343 346
870 330
485 99
263 176
33 84
724 691
489 453
189 413
553 813
716 860
647 42
833 179
539 599
960 227
371 779
964 713
476 185
395 961
283 9
136 667
93 211
710 933
15 250
697 568
415 765
779 61
158 963
591 49
561 550
275 931
681 590
996 156
127 742
116 761
750 603
780 194
165 841
479 180
90 175
99 504
291 877
916 449
839 858
497 751
408 123
682 88
712 29
595 190
770 711
951 519
665 730
65 830
570 543
361 659
69 459
515 712
687 782
160 877
640 8
627 399
482 660
486 545
688 432
735 809
142 685
680 159
414 744
340 983
638 700
993 58
510 859
769 196
641 280
72 280
639 50
30 120
710 515
665 749
298 399
558 792
435 237
950 848
332 289
182 969
340 526
26 849
385 147
44 377
426 467
8 65
516 37
536 225
903 200
974 200
950 883
991 384
119 940
583 450
580 116
770 919
642 147
767 378
293 162
754 71
628 761
487 496
797 22
720 51
574 45
250 875
279 241
611 397
532 193
198 112
661 319
382 654
466 501
31 110
662 136
180 642
248 666
137 396
40 208
446 613
253 695
487 883
287 97
280 819
642 829
282 302
500 15
955 317
515 337
426 177
472 958
170 719
975 306
466 14
513 911
978 117
957 817
1000 244
913 631
414 906
811 695
207 310
709 513
626 576
849 404
752 672
361 273
742 687
578 207
701 90
469 30
559 426
846 558
21 759
540 434
16 350
480 223
660 540
87 637
115 288
40 218
959 752
490 53
439 67
611 491
509 80
520 67
857 718
976 877
828 515
662 843
216 141
65 875
680 504
864 795
791 903
12 101
7 502
153 445
920 116
935 428
547 806
846 403
523 821
631 350
687 292
193 903
784 609
129 463
112 992
257 902
247 621
3 253
474 507
49 393
622 335
173 168
140 18
922 15
191 904
364 229
195 908
483 978
869 612
793 980
955 401
234 553
21 588
157 846
446 205
239 420
539 763
939 31
132 861
45 674
764 760
903 311
20 385
640 888
348 784
219 303
185 804
855 557
743 364
403 189
568 993
608 459
107 546
841 238
758 237
912 874
348 814
536 367
550 175
606 898
311 177
552 495
332 758
403 75
121 157
615 689
149 574
499 255
119 339
845 229
575 756
102 274
921 637
641 822
163 598
719 825
126 270
319 458
28 74
884 500
230 498
188 731
71 38
337 541
728 181
769 302
288 222
928 208
210 568
382 725
517 100
549 995
722 220
452 101
293 687
600 522
184 140
252 606
529 589
146 257
121 267
910 409
840 837
968 50
756 349
126 273
449 674
267 522
893 70
974 537
756 925
59 291
416 662
896 945
602 393
201 723
659 110
131 851
947 98
900 702
447 377
326 247
50 944
120 295
13 93
831 120
369 241
410 785
903 657
81 504
50 281
578 60
742 708
910 40
158 161
742 956
537 419
202 939
363 673
233 727
765 63
199 485
304 960
621 558
617 701
413 666
333 991
725 75
50 987
114 559
147 207
514 36
626 715
974 340
739 558
418 855
620 968
340 275
928 960
184 544
13 597
561 345
939 637
419 988
623 885
547 122
91 412
509 68
127 482
759 217
39 177
72 10
144 411
637 423
722 820
966 734
416 526
79 354
515 497
694 137
733 592
610 824
3 118
243 481
951 2
