1000 2000
698 989
530 769
351 673
179 987
448 900
806 413
634 574
291 64
279 805
912 324
293 645
915 255
468 270
372 710
750 323
711 447
663 240
567 365
265 745
351 712
997 509
476 982
434 118
45 64
274 956
388 919
600 654
173 419
923 896
481 673
218 191
471 233
783 38
597 399
134 300
462 130
160 289
463 945
759 859
8 32
167 747
302 766
401 474
537 323
370 17
995 939
559 818
523 341
855 472
91 988
123 904
470 282
193 932
226 951
143 585
334 309
332 636
426 732
461 962
406 830
978 753
121 537
570 643
229 424
466 672
763 588
575 232
221 767
516 446
69 10
383 403
318 714
390 743
797 850
705 202
32 34
306 152
922 875
146 503
650 612
174 413
551 748
996 772
867 863
569 287
872 951
689 189
16 430
284 164
280 340
718 311
373 23
814 295
898 311
149 547
274 322
311 825
421 307
596 639
521 164
926 393
467 966
933 834
396 216
998 675
555 715
337 280
89 150
926 986
812 74
885 86
747 547
910 167
205 857
806 726
372 83
470 838
48 402
672 443
970 21
117 876
87 805
155 175
954 80
513 118
505 749
203 251
295 464
418 500
320 575
577 691
657 46
881 704
799 904
499 768
924 615
644 362
420 150
536 725
582 400
842 86
500 396
689 795
859 458
646 178
32 222
221 40
267 453
95 65
356 593
185 631
560 180
992 331
329 879
55 262
631 249
700 130
996 388
924 855
845 921
384 876
142 956
267 760
408 361
177 763
954 361
745 865
892 736
195 572
967 249
834 597
849 533
726 845
920 2
51 764
274 434
991 416
390 257
527 149
969 703
912 274
415 8
138 306
96 332
878 62
933 63
10 133
595 735
977 866
88 27
629 362
813 971
129 554
579 655
702 547
710 965
173 124
973 310
782 68
994 659
129 926
721 138
58 667
224 387
532 664
413 512
377 577
482 505
130 60
511 832
958 220
796 130
696 120
792 477
187 785
487 667
62 559
156 119
225 732
505 108
395 270
619 123
198 452
627 328
863 489
159 820
709 306
302 404
426 93
232 964
229 718
631 290
276 786
760 500
517 265
959 263
886 577
385 83
28 363
762 890
852 272
61 912
578 714
315 355
806 898
318 386
615 948
675 242
86 435
741 602
51 699
217 288
627 601
722 6
316 484
895 167
107 307
78 684
21 744
390 178
641 708
564 607
7 590
848 92
376 940
46 426
990 614
65 616
214 139
621 529
622 867
47 728
173 124
764 545
219 153
723 859
212 638
465 219
227 312
662 603
603 59
380 592
672 445
207 238
583 179
766 556
45 165
635 570
640 750
114 859
255 188
717 466
825 534
36 52
197 50
6 800
108 385
391 780
181 950
17 763
128 134
670 525
298 305
446 938
406 911
796 660
99 864
478 275
749 865
678 946
914 683
97 22
68 487
153 248
788 169
363 268
654 384
144 952
40 589
241 446
851 388
105 301
251 934
576 352
799 605
297 712
288 745
85 707
583 237
306 371
757 20
990 411
404 133
714 443
721 954
240 923
341 345
224 943
630 151
646 428
755 942
492 42
38 928
100 621
517 406
991 273
425 980
683 828
112 396
623 184
701 862
458 393
558 681
688 188
831 333
967 586
627 810
979 664
738 79
284 254
484 626
878 260
605 561
440 68
308 414
603 361
275 61
753 185
93 792
724 924
125 42
861 751
852 191
766 941
269 50
546 104
675 423
364 632
335 155
51 995
568 6
355 842
418 459
378 510
251 101
785 375
143 645
477 346
836 242
286 456
643 831
560 318
605 275
301 940
429 351
934 996
708 640
189 125
98 919
635 700
19 419
426 513
416 254
858 603
496 495
58 490
677 617
159 282
243 459
221 671
162 506
18 869
145 559
994 594
477 980
294 847
750 71
360 165
325 569
767 820
64 825
661 740
793 820
21 36
630 593
58 791
98 76
12 594
986 357
540 462
336 833
660 85
903 371
602 579
940 368
750 355
544 411
446 337
230 819
724 859
411 781
2 861
208 13
806 193
721 345
6 408
529 666
844 432
36 445
362 327
165 112
681 708
522 127
396 751
945 119
961 707
252 962
919 459
326 725
4 46
69 9
453 598
26 297
381 414
93 742
740 257
853 773
317 374
251 712
476 195
183 437
253 434
750 172
892 76
896 247
121 964
256 926
913 633
574 645
398 666
387 490
923 591
262 591
317 512
302 144
58 484
932 310
917 682
481 161
109 728
407 581
44 14
506 956
999 79
953 396
97 339
885 371
281 498
961 597
9 262
741 418
98 672
728 14
705 560
526 813
640 285
394 683
650 251
990 648
682 942
396 778
632 280
148 913
778 108
861 138
721 953
556 818
977 635
184 681
546 61
846 185
345 239
867 995
489 857
994 170
150 389
299 782
669 446
694 798
905 906
287 626
859 842
795 835
828 330
515 374
391 360
558 735
950 777
81 791
985 75
312 134
815 611
267 483
408 312
632 313
218 919
290 76
112 436
910 940
766 776
313 156
488 222
242 789
350 675
931 686
101 243
172 915
205 438
750 612
750 381
276 319
299 917
394 763
705 655
702 470
782 366
977 621
939 570
762 289
244 692
326 344
934 497
259 490
287 360
454 388
740 81
706 391
998 451
153 702
457 206
523 590
571 851
211 861
420 324
501 664
15 827
359 301
323 969
790 961
328 243
348 420
324 405
810 673
855 314
726 663
519 248
253 441
450 815
301 869
138 802
884 152
980 243
804 654
211 594
615 891
188 314
310 511
719 471
535 925
136 260
588 6
859 192
446 308
358 98
177 495
251 412
998 230
654 802
884 217
747 850
107 934
163 768
797 881
590 331
158 725
943 745
730 801
288 527
461 645
976 989
139 579
400 488
808 54
641 43
622 387
892 80
673 407
199 469
639 788
151 796
864 93
540 945
246 827
471 58
823 798
46 313
376 445
801 536
850 441
930 823
180 822
902 204
580 100
24 218
239 174
14 102
619 905
46 216
84 868
273 906
666 318
219 393
114 371
928 316
163 858
138 694
31 40
897 962
491 920
179 730
446 544
831 64
801 229
631 884
96 903
141 761
220 711
506 685
1000 596
642 138
289 24
529 538
985 19
457 164
100 254
59 931
669 859
511 299
94 606
201 587
719 772
297 224
457 730
8 456
677 650
945 317
673 473
854 658
844 663
173 943
916 231
225 585
442 735
235 535
341 436
121 411
207 770
634 15
499 993
823 527
642 119
843 667
592 697
676 435
711 200
729 626
430 954
562 871
40 797
758 380
584 878
790 142
647 775
157 497
768 331
23 761
449 218
779 392
266 454
178 976
5 907
953 435
212 867
657 251
663 766
983 598
644 124
739 642
899 247
139 18
577 513
778 378
82 557
769 347
362 947
674 367
853 627
153 416
493 161
666 507
927 648
456 922
772 194
563 22
441 53
39 369
918 816
746 999
724 867
698 438
813 371
156 17
349 308
432 193
820 449
51 746
449 506
667 220
700 230
241 492
634 631
212 551
446 310
550 522
176 247
311 340
969 466
356 318
125 139
862 944
939 913
690 387
418 708
606 469
289 198
312 923
828 524
825 626
833 374
499 360
972 809
699 293
274 406
962 398
896 823
693 834
87 734
221 505
442 178
325 82
728 637
356 907
512 181
884 696
554 382
55 878
542 105
170 167
510 131
916 405
953 609
590 392
342 162
896 135
692 572
217 419
560 572
677 423
752 561
118 658
294 524
887 188
628 408
354 137
538 622
893 842
230 483
233 571
996 480
58 687
404 274
457 963
197 134
738 301
46 855
310 691
379 196
878 6
603 584
495 492
205 387
685 786
221 918
708 217
749 765
255 152
390 712
467 587
197 204
239 594
410 548
284 140
95 514
498 49
449 992
540 5
730 576
790 951
493 497
519 594
262 773
97 3
484 915
589 32
118 827
625 880
726 261
19 172
774 516
220 574
859 111
578 589
687 367
539 531
215 57
124 828
181 573
831 17
487 771
48 957
950 673
836 675
933 206
847 58
74 66
983 932
529 560
520 215
278 410
97 844
818 221
672 999
145 854
15 631
624 62
587 573
86 774
600 370
980 446
779 405
863 761
336 743
672 208
957 301
617 54
497 435
626 168
785 122
373 799
752 996
212 691
921 650
464 520
19 795
317 150
199 179
910 887
274 934
94 230
586 62
635 82
848 612
601 632
733 973
782 837
321 994
527 241
643 990
112 13
137 428
162 335
958 424
573 231
709 18
813 294
80 799
728 927
763 328
559 495
653 340
683 325
685 209
917 679
551 28
44 687
807 205
373 764
980 946
347 688
963 159
334 394
957 413
321 719
92 231
566 744
922 248
420 607
809 336
637 359
363 680
397 169
237 769
285 216
66 631
256 29
141 941
774 449
353 94
520 444
324 85
540 598
684 959
556 844
647 192
202 361
224 598
530 460
367 166
675 784
796 282
164 288
222 938
736 926
31 255
370 707
691 261
304 375
571 859
218 217
402 772
578 625
721 459
84 439
624 111
223 771
744 386
58 966
323 793
891 706
48 612
412 90
872 67
816 795
277 386
11 678
157 940
655 877
398 738
316 373
200 538
143 944
275 552
261 598
345 151
655 744
115 418
833 986
484 1
780 112
386 143
141 542
82 795
770 832
885 437
204 84
326 699
379 601
250 639
550 946
142 204
41 256
621 226
593 456
226 725
919 611
867 59
504 300
854 273
131 90
710 335
525 387
33 904
987 634
542 536
580 35
91 620
290 63
845 883
518 70
959 436
680 825
847 183
124 52
808 607
141 869
293 665
255 325
568 594
310 462
481 889
496 572
509 786
634 705
20 504
775 978
291 806
154 137
341 629
188 500
235 328
368 527
993 974
203 912
567 513
373 48
753 221
971 613
358 604
318 377
459 444
706 750
601 859
238 941
839 426
792 74
105 159
952 449
485 155
713 51
19 437
450 771
657 420
384 14
376 53
742 834
496 447
935 96
657 525
389 496
950 180
569 406
691 872
207 175
378 919
577 396
707 379
519 364
798 254
377 525
306 471
711 153
917 645
248 574
169 988
421 470
520 989
228 210
212 786
736 590
704 312
337 410
690 855
125 840
108 854
364 765
324 74
917 240
71 517
165 591
856 585
413 375
925 640
584 137
425 671
78 480
983 414
241 24
621 718
215 80
571 579
845 894
4 113
485 74
981 650
17 837
586 429
211 863
68 147
999 844
817 428
675 151
841 915
175 461
632 389
541 554
319 737
447 323
849 932
748 830
933 764
666 870
192 228
732 611
374 82
454 191
509 480
341 350
395 867
162 378
608 54
932 926
790 730
248 991
13 348
172 297
111 837
167 655
416 898
265 790
980 71
332 840
902 24
189 296
243 703
26 850
756 309
775 546
38 375
888 403
722 59
699 184
247 865
838 662
115 455
803 446
877 486
285 778
862 826
426 104
528 803
953 283
111 79
180 500
453 419
902 526
477 953
710 723
817 899
737 283
705 539
728 933
377 365
711 238
190 488
341 69
290 645
351 752
723 883
603 528
301 857
53 130
809 762
204 977
13 940
260 717
831 339
650 207
55 712
796 244
199 488
312 840
132 15
943 206
249 545
733 901
753 786
382 561
899 586
538 911
525 149
628 355
839 629
913 894
340 708
489 890
547 153
81 678
519 23
884 767
919 616
19 672
753 401
232 652
986 121
562 862
621 541
569 460
169 481
705 508
541 545
749 87
697 829
117 215
851 352
333 770
319 704
793 72
104 24
723 441
497 636
302 117
177 870
928 345
703 984
205 595
529 953
33 577
782 149
144 984
852 828
105 171
531 897
242 986
273 316
426 769
951 80
237 127
301 165
824 355
500 380
949 28
332 334
957 465
482 100
449 334
927 905
856 810
802 97
795 74
764 221
194 714
652 430
193 952
594 368
307 446
747 607
473 430
940 781
895 774
880 695
459 159
599 314
968 752
177 525
334 370
590 985
800 134
289 745
501 595
190 599
553 15
29 493
795 275
266 27
321 76
185 271
389 504
23 150
617 199
26 951
921 967
287 720
101 575
816 953
521 6
552 74
20 932
566 166
206 183
192 526
610 728
796 998
231 170
499 200
721 876
150 641
842 788
360 294
363 175
247 883
532 150
956 903
81 873
69 638
407 612
515 16
692 662
365 274
832 215
473 552
442 622
192 284
410 903
577 124
429 175
358 313
324 314
215 404
538 635
393 297
599 907
664 290
569 381
563 400
947 388
303 389
9 846
672 770
100 600
245 880
775 603
192 98
268 759
854 157
393 246
805 343
505 469
984 73
201 547
824 147
934 478
535 294
323 558
416 774
510 12
653 284
614 845
733 881
603 938
38 347
536 842
42 40
662 25
464 214
923 639
361 856
116 247
502 790
157 269
563 666
280 215
301 894
59 385
126 13
323 515
712 210
709 753
601 370
777 416
936 700
54 296
907 169
894 760
958 50
380 520
67 660
86 367
905 145
752 382
509 426
897 220
987 605
324 587
326 101
2 261
152 407
908 410
927 802
170 884
203 549
755 270
560 192
988 464
688 91
846 197
516 94
768 854
50 92
792 375
544 793
988 695
551 247
104 477
48 625
712 603
526 818
224 85
10 211
901 697
302 746
893 169
191 13
23 240
104 814
614 999
959 953
693 509
200 148
338 599
125 49
201 650
867 776
734 876
987 986
924 640
83 817
808 273
181 182
512 284
996 478
634 306
430 326
166 981
825 503
580 949
552 132
950 770
908 36
645 246
21 568
885 104
736 692
376 268
226 240
903 221
717 536
878 498
861 43
479 38
546 410
338 449
893 288
218 152
323 214
397 343
133 281
798 221
325 174
488 550
765 743
122 481
278 999
330 491
393 160
528 290
569 865
90 814
504 659
965 178
872 362
521 357
994 670
929 670
195 768
571 959
510 692
439 788
42 121
278 787
280 157
76 201
373 518
14 877
176 330
54 400
43 926
756 389
596 36
58 142
803 629
101 665
672 891
804 66
11 433
852 291
589 279
843 961
796 208
189 972
537 595
723 580
520 830
320 467
865 377
609 19
357 61
35 29
951 838
446 962
270 649
604 858
927 798
171 75
5 711
398 893
305 120
824 177
949 143
995 813
520 955
183 876
15 218
256 966
55 701
279 325
349 234
534 628
31 56
702 35
767 99
927 423
570 751
599 518
893 946
682 764
900 864
992 267
81 247
584 488
300 862
164 1000
95 697
627 477
105 680
511 223
130 789
645 699
891 596
568 784
541 249
899 792
113 890
58 545
137 641
32 788
854 547
787 300
596 766
776 700
445 286
922 927
427 566
625 317
513 193
452 53
793 351
845 905
240 254
802 728
895 185
515 748
732 654
48 327
419 175
378 215
461 299
141 239
216 118
555 729
662 359
133 454
709 329
711 300
583 512
28 477
48 894
576 779
547 975
457 317
150 834
532 962
484 24
552 52
141 106
132 154
816 264
960 524
593 670
176 175
533 203
3 580
448 930
711 347
257 167
663 406
353 546
719 836
570 270
887 62
727 370
216 543
634 527
418 578
196 593
752 80
147 106
659 595
387 369
293 643
888 955
400 240
501 118
427 422
739 666
483 818
35 50
712 668
576 129
597 123
74 348
202 572
805 861
518 192
581 810
186 820
765 586
59 617
55 838
38 146
503 520
963 537
922 674
557 849
154 153
972 579
853 173
151 9
385 668
552 318
478 738
137 594
323 548
210 729
385 599
874 887
470 836
775 391
861 683
240 15
188 211
945 392
735 95
400 120
115 952
437 592
41 925
537 363
472 98
91 856
696 965
94 165
152 221
908 365
255 499
379 442
61 323
185 795
770 937
266 884
240 54
827 280
979 715
994 802
812 84
10 859
400 103
375 904
675 282
268 930
132 998
723 192
672 260
339 441
196 604
676 435
10 502
66 340
216 59
141 379
142 502
237 894
605 612
149 631
245 416
912 377
413 987
568 436
246 258
229 441
214 904
227 223
758 644
562 325
702 54
704 195
556 940
440 512
903 588
494 148
3 406
524 767
392 443
555 989
701 783
781 914
686 7
136 795
2 49
120 703
454 175
897 361
466 337
872 369
924 718
516 279
123 391
397 866
833 951
854 533
733 634
446 771
992 933
917 993
333 36
695 787
210 943
499 676
631 371
396 555
440 911
185 562
301 933
779 133
884 632
18 968
265 815
90 256
748 7
600 432
42 294
570 604
588 69
631 219
791 26
125 230
936 309
791 588
241 569
72 476
552 89
796 816
904 885
423 3
891 374
786 285
667 356
888 254
424 870
824 214
895 948
443 182
608 585
769 201
505 192
676 56
633 471
223 536
356 997
890 598
370 675
882 388
382 121
993 805
990 817
370 884
116 164
417 724
748 537
924 604
729 599
11 361
422 233
248 129
581 489
726 302
163 608
41 545
728 34
701 718
202 71
953 317
234 370
40 334
906 315
937 986
914 300
346 687
884 945
815 465
433 540
118 596
499 159
492 579
648 745
966 600
413 552
321 805
885 579
119 173
564 384
472 262
70 356
206 884
172 639
776 289
586 274
447 429
204 990
324 851
86 290
803 851
841 475
655 725
53 773
249 969
509 73
582 578
428 139
814 951
129 589
239 714
214 38
494 418
379 818
620 817
107 774
667 299
249 321
375 653
445 623
973 953
695 554
531 474
45 696
776 173
284 15
239 849
404 732
618 134
901 238
950 359
11 616
657 611
288 31
264 733
6 236
37 700
142 919
526 186
614 301
358 897
667 596
98 422
680 715
556 932
304 505
291 315
473 299
925 760
330 540
844 687
776 881
738 917
799 263
454 765
916 811
13 934
759 110
356 438
825 911
369 128
767 11
794 239
310 71
351 991
610 194
29 737
426 766
5 577
381 458
341 296
621 353
229 731
463 584
168 639
846 888
118 613
251 264
203 912
334 553
254 295
747 282
384 524
47 740
100 427
550 440
74 170
793 303
900 607
238 419
597 84
658 714
48 260
977 250
171 662
155 424
309 253
705 692
776 104
783 876
530 332
667 604
853 811
258 104
417 495
522 13
930 532
79 329
791 55
931 314
