1000
153283720.4680 677877360.9631
865106698.3253 967894861.1227
750262179.7850 946853357.3002
334513799.3346 911822647.6337
660101763.0769 816363323.1807
542445839.6678 918756756.7594
98627675.6321 488458807.5628
27065171.7572 900910566.5139
455271503.8166 471456303.1131
220197037.2643 714187534.9422
610330120.3844 622942441.0844
71342546.3494 993428639.0406
331160663.6982 829089299.2366
111808422.3172 734008698.3533
144596512.3070 773761580.9392
35290584.9877 608975259.7228
341394327.8285 629941954.3629
525940727.5092 603978898.3170
760972517.7546 881205453.3061
343544999.0267 956189543.9249
378383268.0291 670996514.8643
458927485.2785 500635071.8960
572492926.0357 742589774.9730
434620956.7924 812295028.8011
405016323.2397 634483960.0675
328694787.7241 537021558.6574
811160120.3685 902367162.6032
864980295.3373 908910525.0772
89251823.4184 277337471.4099
864849327.9965 878612259.9027
142884417.7393 280998221.3957
388498298.7434 484365396.4656
831208163.7579 906937736.6124
775289688.4390 947840339.4624
460793403.9831 708638092.1941
435716237.7042 580710993.6814
98727889.3571 463013204.3217
619851416.2074 879838097.5320
21068412.8046 894394583.5868
674253774.4054 753371162.9079
770520403.9547 812449520.9959
696988581.6256 988752202.7310
275810189.9272 626269629.2314
672128148.2376 873246408.7943
498123102.4023 898020221.1406
304576743.8866 338393356.2408
461392102.0443 780705177.5276
303424181.1441 975120112.1387
392017185.6570 927991844.0820
132920953.3924 176140906.3469
186076329.9959 254764442.5696
326166019.4122 417095352.1835
431102114.2435 864758454.5208
166403492.4276 675066066.9260
713733260.9032 722245558.0646
321345047.6382 447258207.3866
235043016.2433 312260525.0540
264983894.7728 415297173.0795
427671799.2819 829201354.1353
467154229.5651 838996040.8261
236522827.5646 434604836.7780
313399529.3427 368682876.9262
277117727.9460 924330840.5006
64716004.1405 174608244.4692
119617034.1087 277317842.2405
376868224.6901 399601290.9863
78268040.0809 958474267.0213
171355627.5699 430166518.3427
166190332.7013 378958506.6272
347002219.8180 405294378.4014
19075830.6096 245145556.5997
789698454.0809 832031814.2102
293583370.5431 529046342.8596
327081570.2999 822504037.1931
648637106.1193 900081314.9189
452179800.1358 465741697.6358
710929564.9703 825347228.3233
762467110.8221 869898339.1765
840712893.4771 848250515.2393
370363107.7145 905147295.3086
518546001.4649 702451413.6121
640858862.1852 898921018.9859
593625928.2636 717426544.1078
518565015.8399 634073304.8701
784954663.6240 959757849.4525
401314197.4520 676609812.2743
32446496.6188 962793955.2691
32949118.7184 201554183.7531
299795409.6082 770398792.6689
545835717.3630 666773628.0438
45569132.0829 674541732.7287
132349886.4818 748492074.6926
454929197.0229 888887017.2300
55208572.2491 919510871.1265
150378714.0104 527301973.4233
115008328.8060 135068137.2325
276369007.9483 441856147.8017
138893279.3462 190520980.4202
138195079.3722 526450805.1095
318429221.7461 513942621.6071
86817619.6456 826346913.7527
202780974.5025 534881427.0516
34799451.9222 45803535.8603
588604533.9546 593249569.1508
131199475.2868 230194994.7994
349163766.9426 793936073.9783
103999575.0486 632578754.7860
93688184.8074 96243451.2333
157501556.9309 634135744.3564
263844015.1872 759134210.3956
13469636.8660 777640725.6801
534944344.2543 667950361.9012
267341798.9667 641078108.5932
41739798.3162 749853786.8064
35478692.9371 371764691.7249
731385860.2609 918969620.6777
359237420.0080 554063918.4271
24169451.5144 159800344.7411
122288750.9363 586888829.3751
127580038.0091 831974792.8821
667629079.9528 724464746.6768
538762095.8080 984771610.6925
75044640.9757 808010290.8820
476003006.2648 604105522.5026
807443769.7557 859678605.4448
18755597.8834 952814699.2588
155941474.3544 387225357.8375
657579584.4937 696007542.7708
581087923.2238 780514765.4522
448013325.0693 725625690.2521
393211370.7296 664920477.0815
185687715.3919 476764989.9845
69120228.8151 574866310.5845
67349017.5584 261608921.0118
809409638.6147 869008785.0580
125286754.6290 979842997.4809
599919594.9548 875351550.4613
48640884.0743 692464078.1026
725412214.3022 772430121.0965
661332911.8716 790568124.0531
160345470.7640 891376972.2163
604321460.6981 905174883.4759
429517218.4352 474804543.1225
135915027.4765 981009725.6334
474245942.6206 540389710.4409
606519157.1892 858761503.9901
28119636.8563 863996743.1256
250657995.0998 386739962.2218
391715351.4353 927874588.8496
238322054.3490 455810284.0367
7125868.4523 334910019.7207
35382857.3676 206013820.5446
237275887.6496 240985355.3436
23627368.4468 606182335.4863
82614816.3722 673346899.2428
638599486.3685 910962346.9200
660887530.3059 797075565.4254
241667287.7847 573907441.2731
90557958.8545 746726179.5164
454481938.5313 640452823.3832
231094310.0864 640801036.3316
282315082.7821 544044290.2359
98024308.2170 621136731.7244
236628897.2488 834674450.7874
71682796.1558 506601451.4745
493738900.7990 766133256.8639
284194759.0359 429033817.4840
113660521.1496 818755496.9076
793267575.9560 902256914.6299
548340901.8715 694346627.6911
376219178.0730 794344947.2757
727340893.6317 922264007.1203
582024961.3175 988284377.6107
183579452.1754 796723691.8041
270920542.3144 484191956.6680
398174148.4734 537451660.8106
501709631.2881 628259765.4522
158269345.9486 927308867.3337
742001289.5348 976401572.4972
105783963.2895 204275186.8714
173461586.6604 202165020.1775
655497444.9890 891615714.8599
233707953.7613 926637530.9770
20819346.4010 185209364.1878
312792407.1601 803801601.2589
114867913.7574 929216602.4039
361969234.7381 539726083.0201
2661224.1261 542282821.7241
233033806.3927 777744178.0828
51831130.4117 298558739.3412
210570698.2511 284887804.2620
329905147.7612 644697694.4656
626116418.0419 975830901.0147
158560852.8767 724141219.5520
186605641.1770 710886443.1845
491731832.0554 968671689.2165
563181353.5473 938874358.0310
4120299.5033 390844686.5807
37394827.2637 875447997.5967
23783308.8257 849137931.0136
380143209.1522 506705263.6946
448482492.6018 660899254.8172
134688856.2761 432337310.0802
44951327.5439 202567490.5696
152215937.0020 505868750.3292
22562102.4818 97399897.0674
236171324.9722 368976714.6922
151200989.2024 661376120.2346
608261657.8430 847436515.2686
83388378.0003 693925996.5688
47478759.8848 555265032.1647
332249102.6828 781246288.2804
764766819.9805 811968722.1309
58340186.6657 878428457.2006
24725915.8245 514712385.1790
112637008.9223 980644336.7020
810903000.4069 917323732.7963
193417541.8753 865728244.1233
141698191.3593 656406743.2527
125136240.0861 415194846.3409
354432280.7286 493728374.2495
642801688.0509 711787812.2304
85842755.1258 376735712.4526
386176980.0306 399698441.6456
675470560.6865 676847324.5582
297182038.8683 407440070.9292
210377571.5711 697246672.0550
150141612.5103 168637541.3801
248247090.6787 310036602.1473
536238872.1468 825157024.7079
917522395.2282 988231790.6249
19609953.9084 437325577.0968
78444603.2752 122667420.7767
615453358.9609 707276514.2507
309009794.7504 585426425.3698
145540806.6455 433425896.4229
548651677.0754 915862474.8706
135862777.4350 909548766.0738
177543340.0185 651953333.7546
5928581.1696 164340577.9101
230552486.4452 455437220.7040
710764629.7352 829885792.4159
604057954.1025 827771580.9771
372752229.4267 680994624.2225
703826314.2270 885392450.0260
12772872.7883 215285616.6123
232157776.0330 387698738.3543
445998689.6880 832739928.7022
37794610.6789 568767393.9036
462893415.6221 881164761.8336
426651450.2061 660417000.2508
463964446.8250 466977621.8613
409621153.5786 820378285.6089
44285900.1047 250798526.5056
492537634.6279 865598118.9105
142361027.2976 490183370.5311
482420035.4462 489789839.8846
263301333.4518 897660245.6127
489294376.4016 691075916.6890
522934783.2423 915041288.3504
281653742.6054 632328025.1367
895160984.6064 906726806.4173
25032324.2292 275945129.5548
109993561.8284 766007057.2760
546655372.3503 594641920.9808
334107580.4713 802152860.1531
91522633.9295 832430034.3207
75377722.4958 585550478.3252
81018651.3616 745870567.3510
466954830.9218 966413194.3671
696214424.2373 731342070.4172
368448214.0277 818131602.6188
70099997.5554 79555481.8150
373620967.4652 710092303.1058
30158969.4174 180799186.2309
14132976.7670 909939869.1697
151670880.9796 935304123.6952
576633631.6823 656384962.2305
513924259.0187 896747064.0970
136165482.3438 317286951.7626
300837901.2103 530400705.8549
311215139.7017 888999695.5166
568622610.6744 920880748.2405
440242925.6229 840797254.9025
721513019.3279 891639471.6573
44977450.6452 646138423.8310
340944534.1831 965966710.0104
729151492.6273 897262569.5251
108033355.0534 359331487.1861
312522029.7729 696999804.9369
11749248.3479 630119069.2578
640306113.8035 870652368.9582
755131035.5723 871419803.0735
138636507.8456 880077417.0465
376618490.5339 493000774.4282
12517494.6665 683820111.1525
23699148.1824 146846512.5688
165850288.5921 630073452.0732
191608731.0761 356082629.1986
753164352.0525 809737181.0097
739909283.1054 813436896.2891
554102494.7338 886278990.9691
13245701.2991 518398253.5692
603802621.2612 633163555.6020
323069646.6829 956465567.7352
91045352.2028 747245063.0128
271904199.5269 329412123.6507
295140883.1104 433047659.4684
309795799.9141 558780284.5068
838668749.8745 869682228.9028
74000167.6072 532575765.9924
542101726.7197 944702544.7195
88390134.8515 200089280.8153
224429998.5538 489033367.0519
702889842.7240 919292637.7038
225675785.2546 454417296.6915
746787687.0690 827778365.1915
754766616.6429 901778063.9124
83886368.8144 756086578.5527
389897530.7295 913236049.9448
589815438.1750 600873599.8007
160413773.8873 657298336.7057
567086299.9457 706525414.7457
306187463.7597 408255147.5893
889891627.2954 974464653.2519
511418110.6442 964748111.7441
25918380.2437 28714955.6283
453166313.6407 685445780.7059
163754334.4356 220129958.0439
564267723.7226 600176415.7352
333192693.1922 852099040.9848
624989373.7416 883347902.5465
269258298.6362 681995707.7853
82604794.8616 802586796.4389
301473222.5156 848608269.9900
417950519.8012 949503842.0436
135073987.9714 214164166.8530
215276626.2055 412697192.3936
74060729.8623 942688301.5535
604910113.2995 716997999.1233
196871877.9757 554056656.9620
834012236.8557 959532039.7225
137337229.3873 905893905.6660
53068765.9262 526560736.5541
522814211.6538 606973181.9372
493246319.2442 646919746.4376
274333741.9290 848345855.1343
391807434.2290 548645327.4336
143447750.3834 441314000.7248
468292427.6417 857128840.3810
64710179.3427 922107430.9211
768416361.2398 865116803.3451
316856063.9577 458124918.6209
326165967.5300 698869842.0654
151637198.1476 495943679.4649
36641213.0205 133555203.0681
539099589.4078 575181828.2108
372846160.4426 994923393.7458
496753388.7729 825929922.7274
56096485.3845 411648709.7463
305649463.5053 590277576.6516
100973785.0088 920497291.7578
650708450.2836 672371510.3447
395468408.0305 878698784.6975
901264209.4423 923897113.4456
87409844.1905 241539600.8683
587302110.3028 771360161.5232
540763946.0995 750794844.6196
175269582.1883 664791416.2862
698477107.6561 840801614.0238
145397954.6819 216874280.2312
323081641.3664 897592054.2368
1143436.4025 222625638.5131
252661303.5503 526789217.6001
422052609.5311 818218765.9969
128549177.2064 576360211.6449
592036232.1596 965525148.6031
576155609.7447 715806965.0750
186732620.7307 355721839.0099
815374079.7154 897195498.7534
146230025.2719 540589774.8451
96370393.7948 755948088.4733
70751357.0525 394014812.2184
33005532.4643 839753377.5995
134278904.1369 316581054.9798
220526571.0954 648554880.5806
90538256.3112 929185020.9239
251372054.5857 508750125.7111
195765621.3569 258320095.7965
439974157.2865 517925723.3239
501746555.2553 953144103.6897
672762803.1716 903179951.7140
196396212.2067 808073022.8030
188174347.5809 528525073.8802
67776686.0251 690891711.4914
13155274.2181 195318732.0472
334684406.7890 948770503.5360
217096909.4622 309606897.5746
281953187.0396 532902024.1537
418631780.6508 791360444.1635
338943930.3623 902127598.2471
259460826.2641 846884603.6499
315379935.7168 668147031.0499
398658876.3365 836673646.0343
140330349.2751 189834820.4101
760009359.6276 971921925.2271
54834470.9057 617423566.8310
641994580.6687 972026457.0820
295098778.6146 494229526.2233
794529682.8428 872501897.9419
600847712.6422 768000150.1802
77042093.7723 423629753.7254
580320554.6597 969040762.6097
26091109.3052 391815089.9014
351616571.8490 922551074.1806
4237742.7801 546152074.2097
269866976.3009 273316698.3029
133913433.0777 136295233.7649
344509723.9920 875037375.2473
74843167.6924 869557173.5474
205047196.2459 579377391.0451
572413641.6799 706927872.0948
745859406.3625 855704942.9870
383312435.7043 540592889.4877
666680524.5869 952635283.0006
12012161.3356 996842489.0604
193786480.9533 215866140.5952
298872122.7674 569428372.7211
141722446.8991 328253333.0043
751858000.6391 780251490.1896
572688942.7874 877965328.1461
522206335.4466 538453077.3340
76664307.3566 930106347.7952
131487084.3781 703512587.5599
182044438.5785 869943010.4532
392267255.6815 614056063.7660
76301190.4741 344066747.7143
542746500.7927 834440264.8345
310105698.1345 436056029.2940
88327350.1326 960113937.2790
221940750.7699 427142759.6544
59730141.0305 589517282.4239
96754879.2290 316229863.0855
350710985.3695 800340837.9988
336970498.7045 415881989.2512
331302216.5381 949004634.8441
385387084.4027 496210776.2672
428124646.3233 960490396.4776
334592943.8496 836589220.9048
451435164.9431 954112363.7512
68589496.1619 441024265.4165
624640717.1614 827745806.3369
275470004.1302 937542529.0064
28802396.0855 862882935.8353
631267970.4117 797162538.9120
343693716.6191 952297443.3973
12365528.2610 48051039.0367
447374931.0285 846396589.6764
59823897.2052 394411211.5897
2956820.0033 255666214.4163
374327097.1227 743570388.4593
109906288.6949 548857819.4073
45463705.1261 256230543.4692
334646833.7981 441324342.2979
113902401.9194 559258596.2612
149739642.8525 724543232.8036
642547397.3644 967207246.1820
419444295.7505 898749651.0656
547265943.8228 758576779.4568
185929832.1045 629618594.8669
77362638.5779 365869936.0752
433164924.0653 667102247.5939
420617290.8065 736918169.2384
267129397.7144 973509631.8869
582479807.9384 619737233.4051
130146162.7085 166188979.5431
51606750.4421 568011008.8690
464278337.2820 801520226.1299
323145261.1616 408054584.7480
158117213.7613 984821538.0239
61001917.8987 83539341.3953
645053649.6636 800183426.7232
163675359.7017 805874241.4789
779052730.6288 877843902.1420
741026164.2073 913805976.7671
166535765.1886 557118777.2005
118306644.5521 679971446.4820
490906591.8916 559630361.0807
610411915.7999 761580940.4423
128257820.5597 723701520.7911
375032889.6755 634137451.5012
463511289.3908 675227646.3554
361797245.1164 731521675.4907
409307555.3960 715364345.2415
488892448.6510 521986875.3583
85382541.6184 458617300.3093
15668365.2318 92663322.7952
483688854.8601 998301647.7864
558971170.7649 577250906.9279
25010949.0758 466473337.5922
151638011.7322 918455709.4104
298421683.1663 930071088.7603
60798104.7182 551842197.2635
793248162.9244 903412602.7608
223407014.3832 882991145.2806
185037654.7132 504827795.7855
382206070.7114 778205752.7314
316924428.4880 645548227.8747
210683781.1856 652340004.9657
303891834.1860 315973855.5845
170554871.6766 350383166.9715
354183317.9445 602759859.7921
170655731.9678 753597672.9334
138157409.5238 161520517.1213
437519591.8114 552870542.0241
646681839.9464 904009716.1705
495946165.1940 618371398.1127
300350306.3090 407959410.4900
318958232.6698 840777831.8959
639517492.7396 965860360.1791
365561946.2473 918772155.5971
589671384.1055 859960358.8821
260286433.9232 404387289.8638
51464218.5410 720394536.3873
285507351.2513 875890437.3689
16282622.0818 509767490.3154
79088543.3479 597872793.5448
500856987.9334 777324924.3731
238782781.1836 338012497.0897
151385476.3942 882956439.3279
990705399.4841 993477485.5384
354049038.0865 990857556.6968
214714203.6981 984013757.8292
655274511.0512 992942393.1533
551929575.7032 570155538.2750
180130939.1862 738602806.5808
600966362.6348 773923184.0125
18593716.6548 550757973.7207
631313885.3962 841283935.8281
164001632.7530 861741360.9269
36300488.7261 431178177.8796
273653440.3356 339515234.4367
59513611.3793 558287130.3700
33970019.4950 537311266.6432
642823541.3707 780185371.1566
827426879.9466 840457131.8939
507339610.0829 537304944.7895
145994378.7024 885811709.5665
237513290.1780 573060927.8888
116584317.5563 940637749.8253
534839188.8511 936169659.7429
122844376.0259 726937287.1349
334785325.2589 490241311.3604
332337491.0398 949754678.9909
363427107.5437 522257605.6560
112003216.3870 226931383.6247
494543719.7005 920997402.1872
260741464.7496 963441863.7898
328456305.2777 442953843.8317
199754283.6905 808102016.0106
125477505.8010 461689023.7573
221643058.1504 746710057.2049
616892798.8722 796935237.5645
671908131.2283 898002177.5385
107841515.6752 529264973.8627
300373262.4199 811342888.2883
374981394.2691 957839291.7195
568925834.4359 638672534.8373
107082362.0016 129901583.9107
701466728.8294 749802420.6554
365144196.4428 593012480.0832
709781310.0775 781460381.4822
255271979.3303 772893846.2164
579432281.2412 855243035.8435
415364250.1477 888752552.7009
243114356.6565 603224976.1385
174735818.4017 264866771.7033
443409986.0426 606670100.1687
92432227.2304 214028686.5758
348118676.9327 826015120.3052
650472062.5876 684233199.1207
184379297.3215 678875804.3713
520407338.0033 717890797.1397
233839396.6663 619744111.4089
110857641.8694 851244803.6141
562339612.0600 814152261.1952
100752042.5915 813044279.0079
72699186.1483 524701015.0577
484807599.9898 694730063.2927
403273617.9649 538465542.6665
65157152.7721 682045765.7534
233118435.5327 449945900.6937
126806897.9107 976175877.7430
158531453.0294 853093965.1025
376157324.5169 416813433.8800
688967633.6674 761483678.6461
66807476.2167 792503233.3050
239438278.1387 259350037.6411
4710199.9567 723940025.6449
810606794.9555 941815715.8739
204841529.0125 679101563.4401
79111638.3838 525465673.1613
712799863.2118 738587908.4775
180252557.3789 312510298.3547
631871205.5033 857345521.6949
1494050.9603 153292365.9474
98469527.6794 163455989.7244
143106724.7555 552595556.8350
420128685.2169 818877612.7666
230152784.3869 525905816.3250
535427609.0433 843281952.7578
110636492.7548 582588792.0936
560364606.9622 986749836.0443
424076304.2437 776032761.2427
446358533.3582 710829865.6486
127412294.9905 500703132.9405
22042490.7570 875774857.3490
301638430.3805 817263488.2736
301957775.8429 525965740.3021
517279426.0065 694158653.7517
472595833.4667 495591409.0340
506979944.1768 602005773.2132
72867071.9308 775112290.3289
106535847.2097 744092688.2372
278172839.4666 857375586.5320
237624881.3346 288611556.3411
34198453.1082 320049413.8867
675589512.6231 741752920.0534
666339652.0030 983411176.2107
128128964.8510 844572149.3170
23553627.3604 545127560.3533
165023683.1429 734518355.5000
252128513.6045 540984088.8305
59227628.3811 890608622.4387
172295262.9953 310691271.7041
87508994.5742 793542196.4126
253091832.7587 392049830.0127
90939250.8915 341769314.7489
386875779.1381 896853365.1142
582442803.9957 969402436.2232
533455682.3669 538404601.0942
583285068.1746 680630812.1044
42271957.5014 528757161.7096
586777992.2432 782191206.1673
366417126.2976 764529486.3765
665691032.7464 947485794.5250
129844348.5971 534466108.9418
38292462.5680 96451754.1719
619786600.7475 745064477.2588
276336765.3173 382532159.0915
573430261.6240 745108767.5316
247621382.8629 866334399.9824
18841882.2860 604924264.2852
115730899.7614 504769980.9830
216426983.0608 979412951.3540
517760724.9952 681468002.2817
585735998.6126 993249535.7776
858770134.5796 875729133.1716
485541812.2524 527884602.7419
217679041.7249 329320432.4462
790914496.3123 984873329.2384
151211867.5863 701705327.9382
133993521.6537 188940188.4511
652576757.3942 916007105.6662
133346639.3218 971323133.9870
107462791.3346 602094898.5525
313479393.4925 575761910.8589
97885576.0588 985293522.8649
225604178.9786 494121157.4730
735828457.5369 821042100.7689
371090555.5678 690659624.5777
498934439.3452 870104363.1593
140047803.7449 802067802.5765
58425496.7618 500575789.7305
646194554.9722 741498015.6487
486496718.3363 525245884.7223
545521096.0596 929098593.9177
328236930.3853 464808445.7764
259586107.7322 288004618.6692
241901973.2510 899639715.7485
162085128.9393 616163355.4386
917054269.0796 970575982.6747
252538233.8002 300024252.1583
174852717.9609 853005560.4741
606568030.7042 972528048.5435
412551309.2966 652715662.4017
112059059.7033 633098876.3043
620768058.3693 737045743.1709
139601776.2234 754182463.7745
298043810.4787 434164628.5289
436039615.9292 997687015.4581
47127443.9554 305673431.2202
101437524.4083 482467301.9022
496550379.8126 720651003.4863
758785494.5606 973515378.0906
122548267.8976 362365168.9858
320752317.9096 678346918.8640
84122246.4117 649638068.8755
301905982.6366 403672430.3019
156356240.4583 760092067.0269
384654754.4311 744462154.7614
420996685.9677 492118873.5246
168863368.2972 875774511.6506
216224686.3627 983240542.5100
58249484.9631 584337859.4426
110331351.5415 152029866.3953
435052378.9504 843085397.2035
889951604.3912 910039704.9588
189759718.7929 688987983.5478
125382878.3287 536222662.4873
306430140.4614 994751760.8735
18955710.0255 738815767.5169
238755735.3526 777617876.5620
623277142.0959 751723361.8794
530721773.6574 733414503.8639
27309156.9470 651159331.2195
42678122.0250 996784851.5565
104059060.6142 795787315.3271
818541746.3361 896140613.5060
528527370.7941 566800621.8147
138821430.6862 588877463.8431
34967043.5833 174740082.9628
229733915.5200 761318140.7438
257105766.5407 320660619.7982
265659703.0744 641150518.7841
261860273.2781 678603762.3570
684368618.4566 820086998.9628
182390594.5396 457826055.3622
209600844.6392 847584530.5738
60892243.8887 614321565.6366
494168795.8737 531382511.1669
20274622.8736 872298547.4274
268220335.1658 757437797.7359
352046107.1062 632691093.6707
58926571.0572 605969455.2966
554987170.8781 662000650.8094
186218156.3812 881230116.2565
396845944.6558 830482060.4691
90382764.7845 691575038.6927
349948907.2500 810844228.6453
83832536.7393 501617351.3908
461626076.1641 600046652.1869
113086593.0315 355459778.1408
47021793.0381 363331256.7790
105935982.3481 486148357.0985
178229051.7869 765406661.4344
633547740.7788 709355112.2023
863700513.4198 900060581.5771
527267937.6808 886535156.4293
495968241.5586 938275719.9954
375348385.8101 552063768.9840
476842460.5080 616320242.3359
650300862.6013 821364018.8429
922027772.4684 947960152.1111
552981468.1908 783598876.5543
324064985.1181 611907588.7853
217880801.1466 364478162.9631
332370799.7749 620782461.8744
261412988.0746 766194090.0621
262601264.5349 420128974.4233
347637740.5241 503844049.8434
203807494.0745 418271128.3110
668203546.2631 979715988.4525
51869429.9445 930569897.3032
285062260.5786 340938244.1013
247421759.3278 909930679.5069
211087882.1202 933600746.2942
347025135.4031 940062282.9622
351237870.0763 650717915.1785
32550206.2955 401280260.7192
465685514.4520 528132179.2146
655212736.8601 898718253.7911
273431841.2927 484078742.9520
176083748.7117 224127772.5824
517421021.3640 716983253.7588
52810324.5782 397629300.9110
582752601.3594 616896961.3557
86787263.1446 586472374.2448
96446807.5786 800680884.5655
843906805.8527 963363186.2454
375314189.6509 835309423.6317
74591476.0242 504404662.0522
348472239.2751 390880794.2005
477487447.9559 606677341.8288
19283900.8338 119091188.7940
52195413.4841 467294460.7134
169932792.1358 613890463.0753
81786045.5616 349696122.4605
248368685.9983 401067760.1520
209629968.4835 382205403.5691
416093131.9056 858559313.3690
518065449.4334 767369606.4580
511729054.0875 730456793.2923
796629558.6248 819706310.9742
146752217.2862 884675733.0380
368537222.7047 895659217.4994
608646228.0074 749566504.9898
33226165.0389 969926762.1322
583686912.7212 872597897.9118
453394919.0270 466865957.6362
483936306.2216 494794609.3008
321775027.6034 940169711.6353
377825340.0345 853972873.2463
480461161.1085 972922178.3234
861554335.3530 921759601.2737
383175085.4080 549215545.4541
121958750.1346 885673538.1682
111718832.4648 784334470.3737
698930432.7191 929861291.7467
664961841.0613 789502813.1128
555870684.3663 909333617.6742
448801006.5216 994682565.8767
498523344.8050 902602544.9917
547883407.8838 875014828.8441
508959533.7378 947469703.9855
618741727.9515 933185865.2144
605025085.7372 659966123.1538
15079435.0856 831744040.8633
15856262.1033 379405819.1533
78433551.7369 829127356.9958
563695574.7417 750640669.8694
79041443.1394 89100989.5839
124667607.9829 415963326.7553
173963253.4876 208495417.5712
475170882.1060 769039748.8030
128213964.5543 405250128.3492
99059267.1056 705608338.6216
354581968.4835 984476630.9910
713994868.7759 727875884.8548
245099249.8654 506809509.5716
286962951.0923 831332429.7830
863395299.2984 949543833.8311
4794016.5883 868116854.9659
369349920.0179 672311277.3561
459554241.8509 726906432.6623
332500063.5047 429002009.4256
99099226.0452 373614984.4029
581052451.5849 834613884.6934
177192828.3092 774214056.0359
145113032.8728 954339422.7146
538600798.8229 934622713.1748
658014383.1783 662639004.3243
554165944.1374 957644724.2281
325654128.1400 809423746.6170
406387777.3275 702889882.1737
439309203.4196 439678509.8324
203662771.7867 450288621.0339
22515763.9757 52169690.4208
44243358.8839 780603011.8162
594826239.4675 965495988.3772
446244431.6076 687975651.6484
168286828.1179 743525568.8932
442738812.8654 493358788.3000
184782933.9035 206096684.6665
28192439.1021 28251665.5466
207015006.3455 999994085.5570
226024308.9010 780415261.0819
60366339.3193 530835760.1269
373241993.5283 865052080.2932
217638746.4515 748144257.3329
613007597.2295 969899039.6498
595643967.7991 950667100.9564
477069365.3511 921340880.3910
105746885.9730 560499915.4665
74007445.6490 768859696.2588
468204443.7721 646264508.4431
743914786.4696 874184034.6652
450052836.0051 702325420.0266
133314466.9966 851120911.0754
25540323.3506 969848199.8689
550190961.0642 711911490.7836
508147348.0651 643581358.7681
239246652.7460 510769233.3426
626435828.8951 690851943.3590
609131470.8843 833238879.5434
608999135.0297 861847126.5148
240764261.4843 539505933.6875
355742170.9323 816795741.4422
100101406.2629 397434121.6931
131857679.6344 342223482.1004
513585319.3871 657592961.6496
840592756.6217 881504662.2632
151211883.8577 305527913.1609
186748138.6883 852511709.8809
412841847.7489 630258463.6432
181347002.9093 312919661.8010
646969558.1827 871531416.0270
612806843.2758 652957706.6562
540392791.1594 550570838.3913
35791963.0742 112767859.6007
397086437.5724 497973489.8682
178857539.7585 845457563.2147
656957838.5241 888194456.4669
169522027.4882 684053706.5655
23174996.9696 774974987.1601
363237426.6199 366806330.2049
314248733.2376 943215913.8782
48850058.4709 203822412.1278
494389871.0040 753992419.8048
463655939.5258 840803739.9356
686877153.5506 883250184.9912
871767228.8440 915024558.4568
358364128.9730 874213405.8086
334043878.5483 348473775.2574
564272663.2486 953033038.2928
571147609.3287 693792137.1644
21905913.2143 105588043.2504
10206774.0300 650870604.7524
744964122.6169 862237695.8679
586405942.3615 911063866.9809
488286592.4389 609976476.3798
443990035.0718 907426054.0718
612081609.2928 916258602.9935
945123274.2410 982731517.1998
117529170.9681 610434158.4119
605902975.9806 795569387.0769
286203383.8721 932751967.7678
117655844.7388 915900398.6198
390956523.3497 834942743.8649
73359806.9953 501681657.0571
751594044.4204 794686166.9393
178535708.5669 768882629.4966
167231980.9387 528551541.6037
282625082.7749 434346976.3003
186960810.4180 344196787.2656
55942474.8899 261287179.4655
839159241.8992 938895874.4065
265558302.9044 778840341.5037
443733150.2821 498555615.2241
2025703.4200 819082240.6079
150874565.0989 833838508.1569
173326037.7640 452284638.8498
316048473.9597 883364249.7496
182139471.6144 364822844.1886
242720272.9279 628490457.1401
71890586.5381 413214667.9266
74790873.2861 379900930.0310
371344041.2632 710912256.0534
385844612.6198 908797892.2314
767859802.6747 900728090.8685
438625585.3253 679181157.4178
216564952.9061 749641364.8334
48048060.0907 565134776.1079
164481649.6603 462481016.4326
696817404.8177 829368563.1059
97875170.0106 296424701.0188
498273196.1864 882190331.8192
824865318.3791 959064413.0873
43206931.3957 492840324.6466
321722516.4489 818414171.3274
483408213.8835 778398728.0539
435395088.8501 966664601.4388
268366485.6722 895730614.5445
447851073.2774 681473259.1074
287075282.6045 823503993.8708
579517859.8229 606872410.9859
219308878.2112 770097556.9702
3161602.2702 234144569.9567
566892676.2099 768064333.9639
200675498.6540 848800849.5791
225158913.4649 929560873.3111
106246766.7560 742902351.4163
89299039.9842 569525421.6079
415716613.1470 612275970.1713
126694518.5001 947500526.6862
444068010.6342 746243970.6961
339499316.7463 917441342.4810
377647358.2914 520827591.1898
401353309.4932 930049320.9415
1731210.9443 432977142.4749
85718104.2579 693357876.3667
585678325.9636 639134512.8971
139590150.4166 775112428.4830
325625028.0845 774971027.7715
461165681.0536 900993749.0116
504287385.3281 556528382.7593
355155873.4233 606410718.1331
527734056.1219 713248491.1329
5978586.4847 481258119.7166
58503952.6429 381735514.5547
396371413.9153 642088131.4516
388432683.2075 650588843.3320
358419094.6953 757713719.0028
478315858.6438 805910618.5000
68708458.5391 786482741.0386
440873766.5346 973843200.3275
844688353.4958 857008939.0028
329374596.4058 934238989.7483
139659304.5823 607928805.1984
530112583.4364 872877774.5836
623673644.6210 942184869.2426
523695078.3857 555573975.1126
762273714.5804 793022343.2194
253415660.3014 561173106.1813
670476941.5130 813780664.3098
107980599.0573 925069630.4799
386367701.4226 463126026.4484
9750907.2115 468652579.8577
401265419.5734 708392545.0810
93301815.5404 431127514.7868
