1000
122462227.4208 988026088.0859
434821291.3687 952099316.3948
341821041.0227 571521770.2321
160830099.9227 321189062.2841
232921970.6998 525669335.7553
342897735.0804 877586212.0559
740161124.4445 810551519.0009
11699994.6000 615191590.3662
528898562.1159 889249818.9651
418141582.2818 992587207.1752
118802706.8633 430130136.1013
44151327.9723 124066564.8042
646673297.6208 689185699.7665
17926161.3120 713036303.5609
313593177.6382 834294693.3512
145029018.2219 775064844.4220
703244298.6267 819170952.5611
211556905.6679 431035843.0822
422891249.1134 932901071.5845
411199726.4571 770842023.4579
186850984.2796 959554545.5999
156863221.6793 422328328.9398
695422481.7575 737191699.0313
427488114.6237 519651598.3140
433290400.9504 707957517.0552
260306950.3563 826515251.1502
386556951.4523 474872018.2368
386067852.8062 998680866.7252
475704432.2125 650584878.7231
139906697.4600 810490522.6232
502999818.1776 951711201.3041
439533710.4922 757716672.0078
106397145.1367 898516364.5035
674135901.6158 749878120.3299
593058483.3315 662626621.1195
671207703.8753 673614291.8532
176002701.7954 760008067.4108
37472373.6185 863307479.2187
30252520.8107 122437148.1610
721443290.2831 914666289.6080
856922969.1371 954465392.6562
113638598.9053 405533414.7008
282765293.5077 462356883.8069
741682961.0570 955200175.0433
222191525.2339 292254962.7150
208525536.1376 501639061.0310
189426479.0084 507053558.7707
696272454.1014 707424895.5093
74013437.1600 430588250.4090
638861835.8334 833386693.6007
3075332.1470 17362014.7780
208852010.7419 513368446.4952
256001917.0569 655894957.1262
70404115.9532 962076113.6932
546132129.5876 729628721.0906
109233783.0803 829516285.0606
28957358.0136 679225245.8323
304869192.1128 752405332.8545
280576435.6003 586443722.1258
285172038.6738 353829557.8880
181422184.8072 417334279.0326
685940848.2951 852630720.7670
51508749.5113 679074667.2800
352495906.7427 588006276.7624
191406311.8848 849156738.9206
210018284.5167 385533652.2947
6813566.6306 678404359.8748
361956681.1417 412495531.3711
81957005.1557 793376297.6168
263842125.2183 847252137.2219
22303420.5968 352584159.4032
23058576.0426 749485737.9153
330023885.1018 939145167.6937
502915955.8000 988655050.3850
722836604.5977 761325220.4610
89653760.5334 115061399.0339
102169449.4269 421441067.5910
365708311.8154 397957261.3020
284164967.7442 852126273.7840
217915562.8204 660363049.9714
635630191.5920 853130547.2103
512527207.8945 590876072.6941
228179849.3193 694776137.3125
17238402.9969 623276519.6237
1248839.7154 976838254.2437
64047420.9223 901450353.8886
102405039.5044 808445186.8896
424600764.4679 511010537.0810
290198033.1068 594911288.7559
465370414.5165 589953766.4564
348187252.6857 953143832.4414
738386023.7998 762149768.9229
196908910.3170 708807805.3175
228196530.3989 569923384.2839
532810899.2347 782264164.5253
293136496.5891 632965812.8318
434730572.3186 544548353.9178
189027220.2767 728770839.1734
167013466.7584 933642927.0870
108041106.6675 386312173.2538
2618027.5851 275021236.3684
12196059.6740 806364865.0561
768598200.2939 845235557.2268
144549292.9784 358771643.5867
282644178.5068 535963151.3567
422509729.8875 511570727.4548
147563921.2587 940251810.0710
165481637.3391 572267752.2865
724368629.5789 952778449.0355
565031776.3963 619121629.5330
114393494.9247 341801501.6589
574771549.4075 742644459.7772
390537459.0658 877062762.5199
112509391.7012 197256370.0116
786959913.0098 990348587.4130
244571477.8950 945408231.3557
430813525.9306 483143287.9681
759608092.1123 899010185.0116
460343019.7978 838186893.9647
7788684.7460 383665557.4829
670710979.6421 896625868.8153
453734400.9949 740701895.1850
117771025.7968 575302168.0006
42437656.4309 409138873.3763
10534318.8825 147804234.7245
145849487.0991 871808680.7824
667212682.6959 991656967.1098
527839959.5587 826254738.6958
493167972.0425 970881408.4845
545602446.7671 848287753.2778
184205340.3578 238896950.1720
156129939.6637 246758286.0273
329300392.4930 420423615.3333
256160588.3117 782487170.4555
242628237.8722 758614900.0043
105368244.0655 625216707.6319
268186926.9554 841800208.1790
415631523.3328 841903042.2536
267544287.0824 843786357.2231
173219379.9974 933535972.4362
248061599.4004 905247711.1971
590256769.9359 934199650.0526
386133780.7268 695779181.1500
639092400.1130 702732022.0460
127656196.9764 833131667.6185
837225607.8486 953540826.8020
442553039.2876 863205909.2676
7902733.5383 355662005.4488
343721407.3297 942622972.1560
642460355.8690 855389930.7049
536785164.6649 907468332.7982
154388918.0501 833509335.2194
146970143.0788 877662889.5707
488198336.7104 517224429.7333
516065278.1934 865222866.4276
547323645.0308 740022990.8092
36566222.2349 441076730.2144
99286744.0651 562159225.6395
319976969.4664 588597932.2591
164779193.6851 947274716.0404
528845031.9848 962813821.2971
866671946.8457 964877236.2436
496949829.0462 536602538.4329
535100255.7689 887100880.2423
744189797.2945 960948453.9881
168512215.2420 755886902.6698
736667275.1887 986341740.5603
410280464.8614 890717952.5974
343518909.8495 420071034.9753
46092124.7837 263623297.5772
354739504.8702 426007807.6280
750831446.6773 805525363.0750
451589160.8529 513714363.3006
501817108.6306 506501250.9529
617001744.6538 901967937.4904
347378365.2506 998122809.1700
1539107.6902 618135310.6741
435365908.8191 626584308.2477
414246186.2793 502513895.4208
628873608.4503 981720139.4967
98952388.7519 786912733.1310
431342011.3999 976302898.2881
215429861.9547 684179252.3750
61092473.1590 531622910.9046
42958143.4526 296154688.0589
61844652.1162 233040039.2116
83846925.6596 931853035.3317
889123086.7106 979279699.3713
32837824.4460 194317315.9894
12918692.9521 373815828.4676
764363655.4290 841910038.4616
603368375.3534 639360586.1977
197042202.3598 910359680.1057
959635547.8462 999287994.4334
316636276.2896 805961437.3997
591749286.6768 933555660.0895
459364284.4584 516989190.8796
280686476.8003 311621245.7414
100573842.5583 815147132.3546
60394771.1564 833566417.0233
174346843.6750 856091714.5892
191162086.3028 761786205.6458
482360072.6298 975328392.5096
500348432.5015 978822594.6758
107837051.2477 758567959.7468
221558512.3592 796119964.5717
98940777.8350 668132449.9411
687077957.0894 993913518.8716
871328857.6054 898955522.3095
275150796.2114 933271330.2017
115269663.1333 498337524.2601
588689751.1770 941043038.4415
537139366.3614 580287381.6212
73717127.4786 708035434.1337
386916306.8207 893631041.4775
425306943.2448 820724365.4334
487494165.6410 730524122.8799
428978886.4568 560554238.4614
517299490.5194 909498302.8473
195806921.6326 789480151.1234
115426278.1718 429900366.3722
685506735.7869 822612588.4622
466023113.6631 749634253.9548
955705786.5295 977620304.7735
900255069.8639 936296388.3189
341367085.6648 380296946.7118
330886887.6824 575922942.1212
817306287.2341 939746668.3181
59590824.6287 840773190.1698
141345347.7359 150286021.6425
54348174.8228 995274412.1805
47274610.6756 346775207.9821
245162621.4458 352860125.0349
524766281.0563 768040633.1928
284910990.7901 969997726.5966
752066426.8418 859452372.1932
7813209.0766 41922066.8831
938558860.2098 952815904.8984
542912987.6709 601133024.0488
276759514.9787 700422356.1573
232819846.2851 350075207.6946
323815471.2438 841813869.3210
240240016.6270 719473412.4504
287725399.1646 376849840.3047
449798034.4489 571059702.3666
592333666.4288 754634774.0051
472034882.6269 607821089.3108
422610603.6874 841661506.1060
232391838.4166 313608324.1169
199219960.2200 641559351.8609
524377669.9860 572951811.7155
748474787.5727 923502859.0202
814095952.5949 961389491.0171
380441964.0368 881459552.1093
72270752.3007 336982063.1043
347603234.1325 525030954.1470
526195336.8768 990630508.4792
434954170.6358 666090704.4142
138566918.0311 438894422.4256
441335738.4584 478403938.4551
103937159.0458 458936061.5283
5955561.4494 702069409.1524
463785592.5477 644080865.6146
251581143.0156 725808335.5182
588655571.4496 817155440.9672
201954069.1012 935855542.0971
713903697.8056 724634275.5948
314780481.6390 705790146.5143
266146215.2951 296833371.3818
200418065.8420 370740858.8246
459829369.3382 926664150.0579
461350635.8264 603746605.0957
97495968.8850 426476661.6997
394994105.5550 846709495.2414
143821046.1252 598842656.8264
511948333.0383 677990599.2388
249528799.7176 589675742.1508
910971961.0201 922119590.7759
499311278.4715 546349389.0090
93716621.8649 511207646.4883
480392045.7820 845889777.4657
174373729.6998 557092240.5526
584903525.0770 732479082.1937
27286417.2791 266350936.0100
562838892.3282 780785904.0762
103340229.8416 937599836.7781
236443419.1739 558668359.1686
641273372.7016 678986234.8635
481892720.3109 966958730.0978
29620000.0767 661744217.3293
405047975.4912 521019627.6717
422507880.7497 903788659.1587
603695093.7232 847890052.6305
678552728.3957 800477068.1565
58878849.1473 350364967.5625
179653895.6994 279180872.1099
683868308.1609 772304056.8999
568203676.4167 811450985.1797
164863474.0588 956361664.0228
508840778.4392 684658851.8968
368847950.7811 508764654.4722
185546780.1092 538531764.5481
775956731.5307 854792804.7023
263368996.1449 587600519.1838
387504186.3633 848495053.5112
183572707.4107 352725839.6513
77597076.7450 395681177.3885
860892540.1881 993319371.8151
274976599.3211 536354958.1213
184859988.1176 980669079.3227
241472207.5765 833433353.5507
663594325.3362 988309357.0900
165750461.7017 811211649.6991
215208910.8594 610927509.1866
89176685.8852 450620989.3605
335730843.6607 455512556.1117
545456075.9787 706878499.8374
16817627.8897 146887974.6426
72841755.5072 379169784.3677
312370406.3030 791607867.1264
19313607.2349 124089739.8156
178711337.9804 788951265.9213
109638360.9604 452265406.3451
148299771.7417 729825748.3701
894286748.5792 942502308.7700
307721122.5118 515905662.8776
124303980.5360 394505457.4477
624346342.8899 661806938.3441
173472749.0303 483238792.7292
193928052.0564 747817024.8650
299836004.0629 597293001.7897
708617961.2142 950674186.8096
531863055.2153 756126843.8857
390143470.9737 462438270.1251
32941204.0853 990657227.6459
94106490.1517 552010340.0149
17483610.0976 882243106.5442
70416825.8221 154465693.8036
126329439.8011 818163768.0371
42815987.0299 337418094.1405
290409982.2785 979416580.3999
866699779.5494 941946081.7841
54987603.0354 978474553.5005
279227475.2626 687516658.6706
477506955.8531 481491263.9803
119236023.9054 349067857.9993
146878225.7617 876476743.1662
80007835.0289 141685062.4182
79895512.4156 943316790.1356
581900989.1085 622924124.8525
217607604.1540 985703600.7257
9484821.4027 43180717.8783
529846149.9374 836132381.4664
446892060.2864 948938204.0369
816217016.8673 929562266.9951
482747198.2187 798846678.8934
914370101.1989 931396626.7874
225477569.6830 951554163.8202
421827335.6961 519373170.4368
484739340.4603 805060863.5148
713870062.8720 850227411.6874
557101518.7844 618658906.3473
64802482.4183 188782099.7531
406770018.0353 494266669.7015
22302557.1219 151999358.5367
379692432.9120 412141152.0708
68025976.8547 323960094.0563
504962141.8051 626143686.9175
697166777.0490 817216524.5325
189553039.6503 825560732.6718
392179842.2415 472003616.5996
276802867.3266 999952209.6313
218707148.5508 736960696.6453
114107805.2771 468089593.5224
297734666.2829 864296566.7166
869158012.4440 935149150.4108
516530442.7434 981163470.0999
299556332.1725 302546084.1274
296899269.2171 809292150.6679
615187080.9635 716958183.5582
321372272.9200 591826806.0144
292223429.7439 864125844.7520
90655600.8836 247832979.8950
97438029.4370 507394307.0143
310979662.1425 388957570.1817
366021359.6787 535311033.3856
283063791.7287 815312416.0508
172820208.1481 649248530.6261
82998455.3738 132410952.3944
491348535.9894 915929373.8693
880751548.4490 924985264.4447
751502220.5874 907366602.1251
832438678.7240 959021723.2718
833712716.8953 966599505.0608
190474510.8117 719938896.2921
763073026.2890 912485899.8814
50603498.7552 640470894.3078
66763863.3663 227745508.5461
693188124.4041 985382591.1018
612287572.6395 725237083.3260
312031654.7158 474567690.3030
18394179.0864 250113747.7470
82387474.4988 215184159.9504
917364690.2968 954105603.7913
217059132.7659 438081570.9921
687870343.9719 748651029.0178
392141476.8524 570069218.5668
205176289.5840 274233168.6918
448400482.1247 751802632.7265
805703479.5990 918629497.9744
106475346.5065 828505975.4534
618432816.9358 804051095.6334
248799340.3179 418150481.6620
381473895.9361 573161243.6914
562607622.8381 907670634.8614
255472290.7283 725530451.5191
433629858.9690 813431132.1274
58334939.5097 256295910.6298
346915588.0304 955039401.8259
665007336.3632 748532791.8009
27222538.9732 797772271.9350
307186820.8383 531639041.3595
398535963.7747 478074384.0481
256772253.5159 570213362.1366
60262533.7010 995565097.2356
264276636.3832 627183486.0172
542582721.3069 546595254.8032
152821279.2765 763556705.0903
298845499.8475 863298725.6704
382911005.3148 417257251.0649
615718599.4132 726658694.8572
499865073.4575 965503259.2068
518999719.1933 809404284.1608
572260896.0797 961976009.8841
609972281.8193 788236008.4737
15030460.8743 923601668.6206
227731166.4480 702889053.3939
42443686.3154 269124882.5584
71092595.7502 691957539.1321
450307997.3787 491027408.9321
484159024.7926 914258875.0801
341471903.0475 615643456.1941
510067986.8794 511015036.5088
513020328.1071 767772677.0597
49028717.0259 780848147.8402
949174173.1264 955904412.8849
725417773.5377 774117940.0141
26607814.5422 88682977.5902
447335444.8904 826143357.0754
697824630.4780 968113201.8433
196660020.1358 990425253.4110
36862015.8263 943641222.3374
91263771.5175 166886102.3620
91091081.1347 334508328.2182
148317402.1025 677313223.0227
846931502.3054 882022636.8438
804766473.7428 956255876.6381
17768322.3707 923638878.2604
58980660.8721 640826800.9969
85374483.1453 197193483.3598
3943915.4547 75135429.5608
244376241.8799 623124598.6591
76932271.4728 288598492.7908
4627672.7792 807898565.1050
213535451.0821 549850613.3243
726529823.7929 795925554.2685
448605333.4764 993155522.3287
66335846.1333 419838452.2424
130123833.8245 199531756.3924
152334719.3179 319130888.9681
559481673.5734 949001325.8606
217549636.3074 788688230.7457
504146598.9453 947812330.0707
361853028.8727 908870665.3077
284694956.0425 401861325.3517
87649689.4647 737713048.7570
620851772.4575 942909180.9616
527323908.5658 581649001.9375
202518812.7768 849532390.8310
198857090.1710 514328132.4592
247099540.6911 899384272.3807
45717201.2621 665802132.0674
117540933.5477 941490697.2763
254962655.0732 297901773.4811
55500062.1349 514949623.9175
373458835.5642 628754849.0075
61826390.6897 409167768.3451
508279525.6554 847140216.3332
380395883.1101 620542991.6128
761870298.5856 972515871.0359
252951379.3365 651033996.3274
120848236.6325 479177127.6729
363222109.4444 641783339.7755
564426556.0046 824334168.0351
306690462.7190 640963689.2376
283224359.8593 591265988.8794
412344366.4231 470438110.3394
241531487.4450 856939554.8854
67403476.5552 605932264.0804
1937232.9352 86250709.2272
314023277.4943 353924504.3467
83677737.2197 344632942.6420
486251431.2600 995341471.5959
794122774.2695 972107916.9345
338626543.4879 981871614.3719
400365767.3420 714017823.5054
665062676.1824 880052993.8778
467550453.3244 635849237.0575
236982467.8796 493456389.1929
154400556.2894 439147312.2160
357448397.2531 920410052.2431
383093120.0666 593914040.5467
267746585.7724 289452372.6411
344255670.9349 925981279.3866
29119031.6980 140790966.3542
546966247.9453 961471958.0241
630224955.0418 985222667.0799
176503923.6093 562880574.9891
86858700.7155 445370288.7593
776069392.4698 930089205.4310
158986291.5069 844180586.0127
20364741.2484 135222364.7806
117362318.2813 910951216.0167
490849500.2576 682972199.1691
670580137.5573 879456729.9688
277375614.0596 481016418.3976
30760648.4165 369568242.0097
630707818.5718 910797630.1198
302950757.0335 320510811.5420
103744440.6922 473068478.3824
14931849.2932 62357722.7817
692357743.1612 723894264.7806
591837099.0786 803492545.6322
866641880.6272 964510196.6594
873534636.8242 959166182.9048
276926219.3761 570888668.9331
526729370.8357 804053142.6457
16129143.9485 707097807.4920
183591880.0501 882948295.0484
199898058.9942 397562861.8155
646959530.0704 757880159.5244
205263753.2195 622366735.2104
198893079.2813 326729267.9367
481195376.1340 928878705.3928
404310017.0545 525391754.0054
616646380.3011 731272577.3153
195096880.4848 707043875.0258
24668921.5136 476969138.4228
88390370.0234 544602342.2655
626672292.8882 842746619.3700
63422462.5214 745974656.6502
530943679.2542 722802292.8522
326375999.7156 913333112.6455
510096563.9380 634371723.7261
721997805.9800 954316206.1013
618973491.7346 855119259.1963
14486244.9881 499825479.2504
415582532.3845 570453022.4345
63115016.8769 147709179.5864
852951814.2053 894419953.1291
12558352.9970 666991557.9806
362224507.2486 765959437.9094
114851165.6005 792702465.0904
270431192.5303 342343089.3573
237228159.4433 275389621.1276
384379637.9948 678355874.2706
324977444.0758 843459397.6902
170130974.5542 329907242.2063
175759678.0140 635291819.0168
472513898.5157 578772976.2549
2030830.6852 181667485.3921
30441117.6724 110475223.8631
152723474.8388 355761843.6955
177037090.2543 989557491.3658
129551215.2707 710968284.6513
297056074.7575 628367773.9194
84660587.4493 449458116.0613
189536359.9521 376484746.1052
3104476.4068 273527232.7646
572908530.5892 744658703.4088
511963162.8277 761929594.7254
782882732.7586 880280165.3595
75628989.2611 726757696.3410
352512526.4152 564353356.9492
257852888.2334 873264791.0274
130962590.5349 570628031.5280
168139837.3148 275153516.8072
549340359.8068 942095856.4215
748256279.9941 868718983.5881
56185468.4256 967584986.8515
43986828.6913 216564898.1008
359720152.2908 385982625.1432
35309143.2984 946909975.3619
805412824.0186 925101872.8057
321502081.1383 784431631.3132
61648542.1857 197187383.4747
97994530.4340 145865849.8027
174198341.1442 534688342.2789
144551873.5731 453540774.8015
265066067.9637 374994271.4617
690770613.8380 983381357.2913
8281114.9433 753097921.2453
170739216.1044 764118180.3083
387716612.1752 392458777.1495
98175411.4528 659403678.0786
133282555.0135 581086883.8317
676307486.2171 740918871.5360
438872427.1127 951143974.9673
139422534.5010 904169530.7422
284034786.5051 884997393.8379
69734779.3208 992314795.9791
20255182.0538 75153406.6960
432719146.6058 542512794.8533
107846288.6484 649326972.2277
73671356.1738 464225477.6664
289499154.9395 738329294.4407
171109228.0330 656486231.3138
494034490.3798 534064047.1812
607875392.8059 882736985.8413
567083440.2800 785445890.9445
379144873.8129 801430639.8112
302800622.4183 458865036.4278
90697785.0498 256060869.1850
610127490.5808 622845252.3568
140422942.0228 743658670.8997
295166995.4659 422803716.2483
194001284.4255 823578023.3927
887545336.7811 912832945.1137
325055848.8457 610372482.9252
10143189.5403 771880110.9633
445400371.7149 691048325.4537
645911724.0745 977424560.0410
189449860.7931 862619713.2258
447849036.0952 471690698.6021
229176828.7377 809252156.4229
573736111.7263 633077674.4658
323469759.5250 937889136.7428
750178044.4724 795798728.3694
333275190.2845 887328002.6046
218184272.5125 541011063.8900
34100816.6046 911756973.6140
126478727.5179 397396071.4514
64559721.2917 912277950.3190
119840575.4683 255591545.3799
194916463.5133 289998340.3421
152556453.4469 443330110.5365
39599593.3367 840969446.8481
803401263.5250 908645540.3727
155099639.0778 961116300.3209
145312637.3737 232613626.5801
736942775.6969 937721303.9186
963780730.6580 986930458.7129
189105989.3134 823803756.5205
130078977.5714 208196284.4455
427475501.0017 469222966.8885
251834106.7902 879035182.1080
448399669.0058 851721138.2120
543923009.4532 955286746.5000
129814977.4537 396930983.1983
198030814.4540 920016766.9040
31912725.1543 406574004.5120
608084950.9692 800068028.9169
435114345.6353 781232749.6316
18033180.4378 859045153.9980
253455801.7598 745561956.8980
513124411.8807 831102861.1413
100257830.3338 609215981.9805
439689385.7587 635889075.1904
214418650.8042 682769824.9530
616496866.4715 709793357.4140
269389031.2708 510456838.0367
272541775.5336 764333136.2141
709714323.1202 855275135.1001
18296432.3617 116816130.7640
424642240.3555 450262661.1121
103511578.7279 765965089.5529
266837159.0243 751502320.0627
651499823.1047 849987553.2098
431897410.0715 604906193.3606
280061346.4815 355626147.2805
276345442.5686 589214206.9519
690317161.3667 877867485.4797
249737240.0395 510333241.1456
270121560.9484 929017750.2410
78833700.6555 960470025.8765
225921820.8300 584509109.9297
365547255.2225 835531043.2506
365598438.2442 679977011.2429
359983076.9400 436198672.0268
172688536.5125 194947517.2418
153904032.5331 303808013.7156
292343244.8502 770858254.6091
228249636.2375 668552869.6802
77909242.8701 665434383.4338
514256499.9369 740907026.5234
749590488.3655 755466690.0092
286321347.6883 857619554.3743
120975484.2061 889778493.5549
85916912.8269 474221906.8970
173552143.4468 809157646.6891
582770868.0062 919602754.8247
55197335.7344 912682976.4408
42135877.0145 922695400.8798
109390296.1859 995489084.4055
51341980.3336 924798147.8442
381660004.3060 524855802.7552
312645820.5392 623259482.2604
722539467.2126 885811439.0891
357773671.1329 761786642.3707
696183816.5982 884065208.3878
753927017.3387 849773443.4314
650198187.0964 971124959.2465
319839444.0239 654901313.0981
186717713.7285 366151242.3470
130522233.6911 436510011.6691
274942159.0912 650048919.4898
20051382.3819 216912021.1562
101725574.0635 998973772.3971
212455851.0021 628716179.5220
184912581.3999 253075333.2823
563322037.6920 740814807.2621
6026616.3298 683340570.1146
489090952.8185 609060932.8647
539863362.5449 671454156.0654
259628817.3527 813453048.0753
372439470.7698 624754887.8365
114814995.6580 276186857.2805
80084170.6843 801389311.4421
137371591.7940 342356566.7594
237095632.1709 489346288.1174
380991477.1141 392160328.8188
266173957.5826 792099788.6063
911000329.9239 912902747.8375
723797939.8331 971036296.8784
211132956.6633 271803389.1260
724637683.5879 845194797.1351
39851901.6463 566105694.4425
828430950.4385 907696130.4306
388046249.6258 808845231.2730
335544389.5925 959941100.4538
804375515.0975 822083002.9647
915958428.1786 962200881.2236
427879170.8974 438432648.6816
126295115.3178 157781786.0476
24291645.6623 904724159.1178
417875477.7440 503406782.7772
207664392.3645 722328208.5063
487288579.4592 717823432.2466
606285606.7514 612504690.8387
146591886.6246 889053958.1807
444687050.5927 503453524.2445
187970157.2354 734575447.7445
340408563.4331 442643806.3810
99220263.0624 550267383.6020
216592654.2021 333198096.9260
685746053.9200 801120213.3736
228170247.9570 445622796.1644
110168273.4273 257375355.6738
489651731.5800 631226016.5024
55274684.9856 260058073.3785
695699276.4743 920158809.4271
28355127.9242 290915142.1498
620113239.9126 720905365.0891
104276979.8051 434870126.3498
67577885.7443 586806977.9333
280997973.0205 900641193.5185
23845081.6354 278857218.4924
72043646.2097 125961851.2789
756526803.0732 926363376.4148
130590356.7530 281703181.3297
332582987.3469 953798396.3867
176076199.4216 413157516.4274
26799644.5560 81044511.1977
286481573.3490 642839431.7387
375667968.4363 804528635.8708
86938024.9866 603731391.8449
450092156.5062 997686029.0243
726910658.6895 884694017.3376
41097400.8274 265967196.9226
372674339.8311 749785281.0540
57606773.7082 853776010.5276
550689203.3216 736147538.0474
13851085.4808 614487141.3019
83760097.5393 180226948.9862
68224376.6318 626516207.4483
560001123.6606 667052909.7263
379490484.3697 597350157.4330
220163283.0503 884460377.0941
66076189.4761 896867517.1760
147362263.3042 805561722.1381
916014945.8493 922087378.8406
263594329.5399 835085605.4982
647332810.4566 723282997.1568
737768349.1265 989218418.8004
75918474.2022 660040759.9527
839965415.8059 916874257.0612
13200114.9706 495090190.2880
404658781.0931 590487843.3986
627328623.5383 816143026.6347
619713155.4691 962085098.2693
707774796.5683 741777460.3502
845363542.2484 993691639.5211
298707925.2856 339169708.7705
115248480.3289 787935541.2240
934707118.6597 946541840.9698
126901317.2283 981169026.2673
457270062.7773 893880778.7017
701608412.1456 831836224.9794
630233620.6315 771922223.4423
174378954.7536 196808887.0939
438886491.5212 786959263.2152
128474198.5481 749357017.9033
35078360.4235 414533494.8079
2420347.7481 173769057.6355
528573317.4056 610092708.1863
138744218.8182 268818919.9379
622777237.0585 937715723.1915
388089668.1353 523749488.2631
309036806.9624 956891774.9748
522393421.9619 829441034.2382
500358572.5216 817906416.4372
214159412.6087 214459684.4414
500768320.0398 594850254.0047
390442557.2771 733929075.9770
215623392.5116 475839185.1770
315082705.1529 361050824.4900
187944028.9138 374767172.2776
149282735.2606 583741582.0250
451003902.4308 540463694.3771
480829022.8709 880561363.5625
323272177.7820 375470958.5043
710223081.4865 740517746.3189
318449094.9863 628732248.5699
96677142.9827 283664995.4690
123267933.7464 826971729.6950
26193937.2438 697730651.7242
138100727.2923 503332542.6431
131795653.2291 824212291.7974
316013116.2204 517885760.5455
57472565.5374 60305896.7947
44768461.9959 181625881.0201
14438523.0782 786759466.2204
187633243.7349 244220991.5164
40249257.2057 733795080.1051
65777685.4243 865753208.7125
277344978.7928 833920738.9159
236039130.5001 741472267.2548
799849768.6374 924851309.0986
399866579.1767 419248778.2069
657725113.2988 855931319.9182
17095833.3327 578393613.6364
205806094.6373 924958364.1405
606545648.5567 917226419.4232
175474630.1780 619809013.4459
321617883.7373 672031766.4929
11117851.1257 469705925.2840
277025385.7260 570108928.2153
18847296.6052 595176061.6272
637131428.2622 688503986.8363
36831574.9003 55354727.5102
290462002.3684 291335131.4605
347097637.2310 590237212.1485
100308000.9806 390238396.7116
320983930.9457 601102507.5967
99014043.8230 345504813.7467
429105531.0579 629719959.1209
68577260.1705 409286768.4854
347003386.3132 675124164.6384
747304854.9719 937656298.7277
324793566.1529 345814209.3857
667058373.3253 699287701.9307
721488341.7927 930218441.0674
339886298.9607 932593564.5329
209160990.6820 817824262.8909
777930123.7388 781935081.5382
175987751.3442 244906194.8727
74986971.3947 739319731.4183
78517463.2339 178630416.0148
807012967.6123 858818048.3728
832215943.5764 977057805.3586
435497881.0175 804197083.7313
275708264.9133 619102056.5503
413952479.7605 673398356.1152
231165531.5196 854127423.0092
248695630.1756 444042378.2922
309029912.9925 942987590.4861
207190295.5862 412487574.8308
127152829.1404 908225336.6109
85835008.7321 255071218.4696
289405992.8383 754753895.1124
762282219.7534 791116095.0121
103318947.2566 805832687.9129
90813989.8390 134530541.7707
248016420.0168 845966485.0657
76023726.4628 437157292.9629
611983809.3044 883219183.3053
447424426.8554 823841622.8620
234233618.8542 260973903.8028
669657082.2099 891442187.1037
179346943.8823 632961556.5589
441807800.8173 482342573.5163
365515043.7529 840574027.6141
397221952.2395 701372765.2709
648274022.6952 913599265.9974
64567108.1733 703773890.2602
639571062.3203 822634246.8308
25920145.8723 476738419.7177
456988890.5155 654466567.3718
475136322.7561 919729131.1007
227059297.7300 430635813.2835
475232167.9953 816511486.3096
349112573.1750 924120978.7066
484446306.6092 916511402.9783
743309832.1059 763342404.1994
403386498.8807 556439709.6453
443636715.5791 613689327.5072
45961950.1463 578403558.2396
138023451.7202 698928871.1010
476960342.3568 752119859.6498
275850896.9002 643610308.0765
872170650.3644 949360631.9492
288154099.0403 493942297.3649
678806792.5038 686150191.7020
112206150.8974 263466387.5016
189839509.8741 688986315.2422
192799981.2622 825487960.9769
463987147.6536 934149600.6780
14309554.0803 669954648.0315
322963015.6283 905745856.9024
40675947.5269 255986333.2428
26786116.6530 776761163.5975
41499065.3127 659517414.1810
41208659.1837 676778226.8845
38706445.9434 732555091.1849
677369449.3347 810084536.4744
50851865.7790 292843874.4375
155358859.3153 233179744.9055
372900595.4901 461826070.8729
166019052.7395 238525108.4450
18185899.3261 255120163.6718
546122334.4949 560127835.1943
343397979.5198 582641407.1728
438770637.4901 441432132.6355
348435255.4427 974495972.2375
396670887.3586 566709823.8652
325548072.8802 430180792.5925
380192079.9045 840102487.9469
266033101.3596 321177726.7598
208545201.5282 605507922.8605
219424950.3719 273783487.2595
510995236.9477 657806268.5893
123385232.5727 422813424.2981
131951624.4641 748661904.9441
802550422.9515 884450215.7428
402897355.8699 769503465.6347
937186501.0451 961510762.1301
218016112.4137 483419015.6651
273774829.9581 717466645.8112
91975867.5003 893203679.8700
349433933.7175 752580398.2796
256323188.5646 278888789.5319
146256128.8734 154343399.8751
105465758.3811 285917504.3330
170015268.8126 192313016.6557
85112007.9587 475990917.7920
250019037.5363 883125326.1289
679201528.0189 690705695.8348
325236075.9257 338206473.4308
640560603.2802 663952181.2488
556028783.5048 851093501.2829
594222556.1342 961475044.5734
376947187.9072 656950092.1303
524577480.4893 757088694.9059
108609892.1648 297989139.1831
158651011.7774 875456979.7152
256178802.3054 751532602.4190
128228937.1076 883888291.2069
683300073.2882 739752295.0462
293777274.1208 521718098.1232
522486985.7877 535265154.0118
311064658.4725 695415555.0844
26590757.0686 465425885.2777
274158818.0313 634352956.6502
204381027.6802 461188811.3950
249300032.5333 625881284.4943
174627001.8754 495859162.0722
163281851.0127 593261228.8818
271852706.2728 749261463.5571
442809432.7075 569357536.4359
283654251.8659 770539783.9779
256829103.6815 851127991.7083
259446351.0718 296920971.9504
463235505.2018 528796190.7073
490366637.4985 888935024.2021
131909087.9979 211660028.6435
29499536.5571 297866179.6542
756716097.1624 826470302.0235
312230855.0346 353587843.3656
224155718.8804 913178259.8624
284901372.3855 946438274.9727
