1000
333591548.2074 439928459.8211
57086294.0590 871050247.2093
393393796.7899 514190079.5704
270723323.4568 585419650.2146
59701401.7237 74006410.4011
67021243.0596 127912827.5600
627649188.4542 627745159.4150
39730313.5388 997319208.3406
609784682.7477 912472375.5122
16171913.7395 379554196.7334
189863181.6361 280908784.8927
764077782.9572 846294157.3265
112821857.3128 873004431.7776
26167256.4505 108621201.4428
652560872.5518 685373856.5198
660046466.2410 898977965.8641
674240979.0354 835559110.3552
358028565.5627 982195411.0585
251927598.3184 852298473.5523
103197945.8502 497357541.0687
303357116.2031 771333945.2430
141367438.6853 207017686.7207
357532860.9166 770574612.1186
76146054.3154 389442843.4491
465551028.8968 625689703.7715
171951584.0094 745212453.4195
280658871.4460 356926754.1768
543130754.1230 659376314.8031
434616357.2788 923384666.1681
317663315.3248 613561538.8183
390213050.0424 974600597.7369
366961579.9580 535653205.3984
60100954.1112 433631483.3755
76557500.6901 829995087.8796
835171838.6292 957353833.4758
385293791.6648 389313109.3755
158460325.3856 621496891.9235
677363505.7221 861756677.0263
497789582.4706 840567994.6616
126112751.8855 813055956.0864
183407298.7638 542327520.0180
145257378.3009 906370253.0016
288219594.3801 843866212.0085
468709128.9950 827205224.7169
585893916.3085 721763196.8107
601717672.8968 745653587.0007
392833648.3233 524992571.4103
213877745.7485 294856586.8415
562938116.0857 596303057.7238
25010349.6370 438313351.6571
410268094.0891 497784581.2324
910639098.0953 920666356.1626
176348132.9013 543554973.7655
374534243.5412 539399147.4365
308143174.6406 790189221.4982
782832444.6785 941574275.3627
530582311.7289 697940539.1540
512062583.3836 605849313.2209
445000525.5113 518046349.5573
59267949.9009 747683939.1299
825614522.8397 848239411.6585
851401712.3083 983342621.6441
655707194.2647 852142405.4599
81510206.7277 676883274.2189
256222511.4027 546016660.7046
78521286.6207 732253623.0771
376401140.3912 631977559.1736
311541432.8633 632872758.0286
112735695.5638 843912558.9633
457689338.2840 616061273.2364
448168383.5495 635134010.7712
529306360.7156 737749138.7241
717767980.5196 923376103.4269
96145114.7395 954935730.2175
10186823.5771 257242490.2206
338711994.5009 823684826.3808
306476436.4498 505852903.7155
699922615.6807 734931596.9780
790991578.9250 968906783.3144
127434358.1517 892643144.2635
323943155.7027 380982268.8829
106413426.4834 985741002.2489
363126677.4466 993090691.6736
265040296.3915 419019067.2668
450480186.0958 547647275.7752
613562471.8282 919390753.9157
109464972.4344 184422451.9553
660216670.8947 811854183.9607
342610451.1115 344041107.3893
349182531.8662 503722667.5935
249869404.1211 787015825.5558
350564074.7024 984048543.7575
75097339.2589 344411592.1192
122235035.8288 980642147.0861
344403429.1108 621957159.4653
264808885.9845 843829529.2044
267420828.0402 845916727.3550
98343043.3345 474827178.2552
201527562.2146 218323281.7499
149138761.7771 730403477.6124
92675602.5409 649774983.3625
87667676.5749 530994378.7287
221554988.3141 318139297.3174
34742381.4747 585010319.0059
345736259.7645 931241476.8149
257223050.9426 928225047.1348
15277550.2661 162208169.8251
619382518.3814 636283983.8599
45297651.5995 144054266.8308
721580703.8178 926720609.2447
496595694.5874 758952787.3457
310292954.2705 379073361.0211
484740874.4507 937664313.7518
90535007.4982 643761967.6229
799036270.9429 965429827.4370
22332074.4025 435500747.7504
69314177.3680 326703515.8643
200632943.1537 764595397.7204
269954785.6347 381313873.5150
83085801.5759 333021906.4473
185304866.1861 789844076.6754
900707649.1906 974251839.5291
433357248.6774 615134409.3923
346203522.1329 946300279.1863
225233737.2321 899302049.2995
385394622.1761 815973081.8731
588825973.3517 761839107.7791
347897500.0299 796629607.7442
762711854.1807 763666200.8860
94349484.4583 855319205.5566
445984192.3935 666781667.4828
181446658.3319 414210221.1182
668964089.4765 785934500.6782
93134398.7203 670505408.3504
307845343.0961 799346310.0802
114767234.6037 820997620.2994
170653309.9428 971408165.0121
33484384.5632 698821275.4095
630791499.3463 777478109.9267
162130714.4969 566257928.0969
525240628.9727 808824544.7535
262083822.3156 761482076.1969
118749153.2487 935900844.7447
409288134.8469 606994576.7353
26490449.8595 173557541.9603
713750256.3592 726735590.5016
133859989.8291 313449856.4069
516696784.8659 807425618.5504
836613221.1624 923731630.6539
240561830.4710 826857700.5473
75139182.6418 807396375.5862
66978561.2271 505789413.0151
47685513.3326 215207217.2232
978646879.7613 981170167.7371
67393539.1642 424537306.0051
408121986.0228 589533288.8438
380866534.4375 497214467.4418
967623899.7973 999253012.1724
314839081.1619 684125658.8451
558759271.0178 716047725.7063
64441001.6039 823829051.1472
83362366.5015 321757925.7651
358895788.3397 993080318.9391
949164837.6317 987330472.5454
166223104.6256 836079033.8542
613874658.3688 825628754.8771
37658431.7928 707324598.4355
798048840.5390 901013457.6909
4089719.6523 871121045.1209
304297325.1261 483231413.8307
825681832.0118 977826565.6148
306989506.8100 566661496.8306
36786172.7773 156206925.7242
121010768.8768 902599465.9599
280342551.2861 770668142.4859
293961770.9823 789743406.5809
319531573.3160 552133752.2348
27946920.9981 227346754.0824
759558894.6959 870869568.5144
73905307.7257 969753121.0868
326328419.4935 366254831.5223
556916889.5997 910257174.2215
804397817.2695 915276035.0634
505376770.0602 692908332.0123
793470879.0378 985182339.7294
85505608.9110 609437360.9019
365783753.4449 922956716.7834
721222041.9984 759999191.6745
533142886.2521 795692576.2522
282068921.1798 449201920.8212
319198302.6754 540153762.2326
339080231.4363 877924205.1690
33749257.5202 670406043.9812
412330877.0541 708094989.5395
605859796.7871 952253390.5935
35420518.3172 828270816.5752
29054796.0322 487429754.0580
469023778.0865 566780838.8303
305266926.9895 991854267.0190
671435660.8483 964973365.4688
395583578.3427 593689081.5539
3792308.8667 223614895.1817
96721062.3870 982374017.2657
169110425.6119 944998240.3773
380811656.9790 502366804.2267
412648688.5262 998506097.2530
27646891.5495 834972161.0597
378143806.8268 810359561.1131
105909314.7582 715444889.2712
202474059.6776 859355278.3311
278865104.1164 484749497.8280
907295842.2818 926904926.0449
15863238.5062 651642251.0810
78547780.2853 574710028.3463
275656924.7033 314883696.4122
319607655.6810 985187311.4929
38401365.3663 92964155.3878
604365756.4964 750189142.0620
437272002.2957 568603761.1655
142107125.9033 922116677.9915
642736097.0746 956638906.3708
212403635.1900 589652511.7235
231840696.3230 896482492.4735
22218979.0355 282382929.0701
486707846.4060 969163266.9900
147011894.6642 326847134.5902
517676724.7687 615670641.2553
47066595.5619 554601996.9704
131358975.6267 211078733.1437
485600846.2031 789233103.1731
241144895.9041 316760886.9369
186530760.9179 908401869.2542
192857871.1251 978733529.5069
401250060.4907 582435489.5723
57183429.0574 773826283.8808
127505759.3410 976312500.4213
49899514.0435 524621373.9525
251554297.3562 470044996.4680
408550184.3933 663668987.7709
651026610.2168 938763727.6724
370784558.2522 668452709.3792
232608573.4597 489644374.4784
465711142.6498 841840426.0792
536497006.9409 923873275.9018
31652840.6978 482636307.8232
823580904.4052 886758737.7042
97261415.7420 394359570.8171
620626772.9388 782194395.5652
119820802.0087 634955834.0768
170796343.0439 312028227.6886
131993014.0797 353423222.2018
542776099.8958 770868008.7103
12866270.3667 614391479.6577
766325650.4004 844658624.2216
90000515.0175 729002207.3680
379540280.1487 922906245.2686
9373255.5767 430670649.1021
685625369.8133 974230547.5797
114725181.3795 466882591.5882
925298743.5074 935889434.7704
48326281.1946 105105614.4535
450051979.4371 804333024.6827
393528303.8367 467370809.1065
69612565.0626 593326001.9688
505203258.2701 972079701.2352
351182905.7354 524925815.7860
264228621.8937 587894436.6201
553722024.8749 668829962.3574
52159803.5306 343735696.1642
179652145.2660 321758426.9650
500622268.8482 618022408.2666
445765822.9690 958980277.1641
678720870.5365 728095378.8672
365814031.6571 571282686.8052
108877118.5277 959906001.5304
50681785.6261 674763097.9811
487924478.8720 773413523.4925
429388026.3927 485169341.6120
5709148.4038 555048163.4169
671071197.7146 875509449.7334
531097473.0005 767085367.9020
65881116.3352 246796225.4374
481271946.4956 810047287.3848
80102717.7835 951491053.3528
172126102.6488 486748014.5763
307391611.0882 418768497.1185
388153786.0625 746259795.2076
224874497.3051 410856578.7564
70036067.0621 237320694.3176
256621306.3923 297009197.1280
693180117.6682 803401319.7117
193115469.7189 236218660.0474
395761139.6323 609078661.1590
267685952.4406 885596039.2461
550953658.8932 887563076.2869
601831472.3981 844872258.7412
361532288.0396 860575651.7510
612094300.1275 897750976.6297
574776826.9539 715598868.9097
217657983.2608 239828273.8338
449957355.0327 795927233.6251
799631180.9229 852120930.9916
84872196.3034 567399492.2595
20733561.8169 734385804.8890
326839337.2301 780932078.8371
48952055.7825 977861714.8942
136247352.5145 301986119.7214
103344827.2030 633509342.5416
489195899.2961 610182174.4693
110335875.8342 342714976.5251
679734146.8021 864234996.2308
297405968.1387 759628797.6660
338458996.0311 665936679.6401
28008763.0375 103301107.3598
745609870.2256 790328988.4388
702629004.3764 859798542.7391
417620904.1476 715393431.0174
267876945.9967 391092765.9400
654462853.1300 898629687.3646
281684101.5640 311590660.6702
501258978.3120 602077555.7115
320097789.2698 610248554.0048
69357919.7790 460370532.1337
350759858.5793 523387758.7681
217357616.0969 581827882.7663
898796414.0245 979412376.7802
322124796.4995 707205208.5374
582215944.8987 866675383.3979
196785744.3200 915926001.1817
877846026.9775 985980027.8024
734357943.4815 851793379.2322
560802955.0225 826238834.8193
215212390.5397 432511783.2787
581612549.3903 617730273.0356
505467441.5172 611541712.7730
305426963.8349 504269946.0797
466362421.0952 907715339.7570
44087337.4534 584882731.5648
464295507.4342 862844641.0572
755718866.3007 786263550.3516
84661907.4542 154576343.9673
4010231.2861 803861286.2252
492575626.9962 905712080.8915
489324397.6449 770657143.9059
696939887.8667 932277506.2570
40624525.9600 213783860.4788
668668205.4690 932655047.5258
47409447.4546 770692511.6202
85059879.1895 327097356.7431
346759443.0306 835457023.7036
489606987.5400 644946352.8481
559776704.2413 740048556.2186
128721366.6945 846109083.1285
129972248.4229 859407010.2908
97970875.7143 317636244.3236
25286895.0628 764793680.5298
174664396.7969 735338065.5979
62125963.6084 789310783.2326
955817960.5481 980349574.2144
83875692.4492 301116453.7331
459672789.6053 857680031.8992
579587081.0660 617011919.9795
478719562.7689 962155468.3548
491063600.3663 601053511.4281
202511966.2397 849433321.8042
841940507.7861 981438461.8907
457450522.2665 551452157.8142
66798686.2867 352061047.1168
759548090.4567 931109070.6545
473544419.3835 678711937.2321
307167640.5211 621683212.2869
58252169.1772 768148716.1100
191081346.5508 811390272.4829
4904581.8613 819313426.2836
183684785.4877 805920203.8962
61333305.1722 381674102.6386
94136708.8038 404039935.1701
30707372.4915 523904146.7053
207854400.5630 401402146.3213
87118624.0113 824212745.8698
565356555.6778 701764386.1434
545512566.6322 950571511.6099
370342003.8094 612588647.0057
472127024.6754 494567230.7405
358814824.1616 749952546.8218
643643808.3897 909377439.7554
621311355.3647 636765926.3469
420433671.8443 494750322.4013
19373132.5554 264409607.1425
5053726.2038 425075112.3843
386395638.3562 941187887.0615
247175474.4614 724667195.0377
366864493.4685 518216342.8279
550326499.2148 959127660.3274
821425037.6279 967445778.5186
85297005.7149 676926646.6770
136604275.1120 948885741.6965
375054257.4563 549712172.0590
111704712.9457 542114860.4155
427060181.5104 968280381.8049
868372637.7356 932422648.9984
332053212.4237 841664019.1576
648370314.7947 955120450.4289
32096898.5800 179118744.8304
110058186.7864 863111862.1998
470613840.9148 540418217.8042
326424562.5326 708945378.9637
215054596.5737 447221598.2616
397908969.7333 537621590.0717
107851136.8426 513583714.4804
470748932.9761 873588016.6739
258848868.0146 398896610.5890
300335830.8115 424277191.9021
242776859.9887 753692037.1405
776154276.2816 777271791.5172
341430051.6816 656934089.2441
329461366.9580 554143799.1536
243749995.5668 546591787.8606
502589109.2511 612414492.3279
74688446.4617 151028415.6425
27894374.0724 328020959.3418
108719314.8919 302722257.2585
859406747.7964 942659735.2408
419296470.6420 824655154.7859
145586581.4840 598000369.9348
223830550.3068 236667728.5324
311216922.3726 447533760.5478
281327614.0047 616008189.1948
534933427.0313 896045133.3045
47385295.8395 988177522.7405
737317537.1151 809601349.8138
838051931.4640 863205485.5856
440053311.1660 442692087.0590
309821034.9808 854595338.5455
6617945.7728 705907720.7331
110736695.2683 409992591.1234
73915431.0088 156737652.0810
380196435.1869 601267353.7971
75861606.9943 538965604.2817
27204792.5605 133814928.1842
375111438.7355 402080684.5832
863945000.1149 943714532.2244
298832743.6220 423949056.8149
121197094.4605 517130331.8595
249306979.6219 906604803.6870
607768644.0127 638527196.0684
897107470.2138 911903495.7598
496006312.5211 925291215.7090
410899434.5141 510293606.4127
558977245.6246 923039086.1622
508457453.3641 574632022.3935
460000546.1462 620734275.4514
604411681.6163 933591532.8426
20564447.8270 88552045.8601
333949913.6083 817078830.0797
357501364.6324 860212469.3173
211819805.4521 817660184.8343
114701194.7753 413831489.5655
460638521.1148 867594057.8270
418982067.6287 783539727.3225
584115034.1842 667007804.7927
59754266.0940 610412114.8953
25957984.1204 842789568.6119
188236271.4428 423592352.2022
260374595.0914 985434891.3388
443204423.0392 656620943.4473
323842003.4423 348028446.0395
14409255.8595 748806618.7832
568191722.5643 962698404.7619
236429350.3160 407475189.6576
227376842.0979 482550431.7469
90493670.5356 942201977.3773
134568851.4388 902770710.6161
573106740.0247 935719629.8495
399266511.0754 958549332.5621
325879882.2938 748732841.6203
729047113.5113 824944793.2368
305012317.9271 769505831.4730
338506804.5182 749641845.1521
795045423.4428 892070920.8326
428361306.9543 752869457.2416
299886015.9797 867064537.1097
748474691.6310 974842765.2555
479462315.2048 826718501.5789
35327877.8315 708503569.1811
337209417.1049 833705400.0144
406791127.1606 950415983.0911
221129580.0744 761776874.7609
51016590.8676 996172790.1531
731588188.7309 887625987.4984
465607763.0105 693304462.2875
663645914.5319 842685478.7022
283377052.8066 442303239.7406
272483586.0237 600596601.0734
476139849.5304 670788978.0776
350831578.7549 404411850.2709
635372256.6643 957846468.7598
237652223.5841 284759038.9694
593994601.9240 792917958.1122
575169869.9090 946593039.7972
104523878.0845 237458366.3630
250824210.4244 954025017.5491
142528724.7305 799214004.3107
604684616.4198 778479231.2525
411551882.9884 411837815.7910
41523840.1709 349118092.9607
239746950.6093 864459995.1390
326798872.3359 678237990.7351
186612581.1983 198697831.1390
150080929.2882 690237876.2401
362921559.1512 859444865.8865
385729599.9615 601795460.4148
653579988.0551 689076294.0816
240491285.0789 609215288.5920
509642952.1261 605660632.5448
456696595.0281 853206407.9120
205518857.4907 231920782.1361
47857569.7264 545801155.2503
159764431.9278 744450110.1877
112764497.6590 435334485.6035
44021002.5879 332961569.2288
511761148.8947 775601749.8685
362748870.9207 470751508.0452
277556448.7219 734126147.3160
103149262.5319 422220112.6231
275991744.5296 615314395.4696
19340935.6706 937463254.0151
347124023.9029 979003528.6530
510033442.7248 643277211.6664
470283850.8590 718453300.2331
457748569.9488 827737273.6810
91175296.1177 286298914.5743
24675758.0758 650870072.0858
166486775.6216 530977137.9654
255654963.3169 289827770.0402
275956946.9397 297732986.1554
59482032.9673 930404878.5590
144561888.4820 637265009.5114
248275663.1274 563381548.8934
34236301.0261 138601716.0866
448394113.9145 841011986.6875
306499294.9323 432797275.2123
952607454.7464 968461088.5932
80128415.9819 995867522.3025
238306430.0091 968404715.9836
247033592.3550 269547001.9250
258168737.5837 284645354.4439
242960827.2515 259743891.2576
308940392.9803 993040393.3132
325019356.0779 388529067.7149
597325137.4279 975254743.8311
612872130.4609 854133551.5981
543081874.7772 664838854.5152
847568616.7223 905691051.4364
130699481.2146 246063082.0415
292469821.2978 401663733.4733
370421271.5885 965759199.9357
671924031.5712 764113105.6962
18578910.3489 175246173.6916
391719247.4250 814995447.9433
366422026.6791 981464087.3257
68211905.4684 781474156.9896
502124670.6323 992167949.3214
242502990.3283 434351397.1340
309899136.5700 875183653.1620
635498286.9367 724044410.4468
658779283.3608 978557040.4574
709493633.1379 971885578.2913
577437317.7075 977093914.0545
452726692.0926 535384140.9487
803583667.7884 968724133.9041
575639100.2300 998275373.0224
243557126.4661 463992876.5098
524824042.4348 786882607.9630
849661775.0621 978357487.6938
420301499.4743 596662152.1240
487546119.5692 928264718.5546
24197585.8568 401547256.0543
836972863.2797 845959301.1186
203699608.4058 480438543.3234
765996681.7787 999851699.7931
316535943.7498 411052534.4063
549351037.2481 917024796.1637
716243988.3757 909738402.7933
335542777.6185 790327971.3092
433976416.5099 552090751.7213
98214547.1380 411415800.3492
466319797.4414 727815443.4063
503707250.3322 833925981.9278
261301682.7511 683307593.5692
262698530.1700 497517998.0625
507165166.1987 508799692.6146
666641206.6881 750408080.5348
331603664.5356 593848054.4475
709452504.9405 952362080.4824
80142171.3789 896912936.9517
622129271.7406 763203448.2255
22768848.2518 910769882.0015
97693093.7928 817799624.9658
544790335.8496 603455011.8957
512736691.9130 647381504.2155
419073616.0692 574863522.1404
741401052.4233 864618962.8123
184225860.6298 767485031.2815
582121756.6088 714607054.5195
30593859.8995 951901851.3142
377428506.7010 441145817.1424
271681784.4418 541047938.2721
162097438.3045 994586666.2979
118483834.2022 386813379.1016
88814666.1077 438628816.6303
624801176.9179 781556913.5082
231178846.0475 886269841.8322
627264465.3905 914103800.6337
721837006.5164 948710309.0814
84814113.7863 983003548.7735
727546606.9165 844780861.3529
22463672.5039 305932376.8361
147235742.2724 725447647.5677
267171231.4276 763943514.1503
334381414.6658 933783049.3956
256159390.3499 335758278.3181
135838798.8139 376628477.6547
140546988.3766 906300205.7414
314146539.7381 383474877.2272
608198402.0094 923305591.0432
201355383.4724 858709222.1767
385474650.5815 920435037.5531
714571604.3723 741848205.6088
454700659.1797 808005880.1837
141953427.4881 149115348.8310
600845593.3322 622692623.1137
106879369.9231 448568254.0076
66994087.1678 485783783.4383
238721682.7282 527905808.4194
584876064.0128 686036703.2039
511706627.1095 805214795.4153
770702745.4297 853379469.4686
81046638.4908 151097811.4214
581231115.3602 756642057.8104
280880049.7301 858555290.2763
780925630.9566 923086918.4380
50008630.2168 120575311.8040
62251644.0383 443717259.6089
275005317.6018 383330353.1191
851605062.2124 892411433.5990
368587819.9411 778252056.7028
110092500.6842 296950911.3712
373467523.2560 481535016.0610
97337686.1514 509681155.4120
87302137.9726 968679539.8402
371796663.5732 945755450.6580
378377353.1204 984381982.0270
726659380.2627 878011520.2098
239342746.3604 632859264.8207
273425534.6343 807862949.3207
153160580.1069 677347109.0943
506920597.8415 852122705.9847
406804087.7019 941702384.4193
830251405.4682 853034263.0939
342049660.2228 837837386.3420
194998708.8571 647471956.1614
611088860.5114 938856772.6455
262682332.9429 927262729.3045
228280182.9352 281260999.2973
609263156.6391 798961250.0721
734178415.0103 908604154.4355
147627728.4879 430641603.8520
106594563.0897 130901954.7456
390607330.8745 606875236.4222
647504241.1653 859098068.4190
283385245.2897 585246526.9458
586610042.4513 632367530.0037
421448656.0255 937752842.1100
443065370.2079 528258136.4185
631552359.8595 973347814.0572
69562269.4650 240243702.7754
629980781.5023 962169704.5362
342896763.8419 851978675.0935
454636064.0017 621297933.6836
280648024.8340 578765323.8110
545762800.6070 780503553.4972
567684103.3706 806399369.4558
64064909.9005 367423331.9052
84059820.4340 197697435.4392
225636904.8516 477565297.7966
706796282.5870 835013416.6653
749525222.9774 945231696.2548
413900555.0018 718431484.6763
72255011.6036 157718088.2687
153178350.7740 597193825.7701
513255060.2352 862171036.7958
242129216.7252 603329157.2352
682931609.1638 797842262.3980
256615442.7553 973180898.4371
480940139.5395 559105874.1444
583272973.1001 928600663.7397
63745377.7750 118121581.7104
282851475.9775 950035268.3906
45569033.3785 873498825.0124
514664107.4243 788530646.3157
713002384.6412 969567041.1156
300035257.6452 938937693.2297
590223439.4039 853937726.8901
895286496.3314 944453974.2956
189319265.7021 539253116.3552
559700972.6345 567468159.8100
486487257.2804 940466391.5746
75718173.5500 732773281.9294
154919600.0421 374548720.1148
786156941.7044 823444410.6770
487892277.6826 793373789.0146
314115388.0761 515581453.2549
308354389.5927 831672986.7538
509526326.4177 927062245.5229
469016048.2693 835082388.3122
858314469.6194 909521538.1896
196000363.9256 461439506.0440
428203856.2291 801329125.5811
141329663.8360 730105724.3568
200181099.1228 582420491.3831
204745768.9692 853734437.9275
101511605.9728 890032504.0943
687387949.0991 935828911.1941
667727358.2681 971509127.8467
553764186.4732 720487498.9274
152404416.4304 363244020.9429
346384214.0312 948846836.4286
285942701.3314 615182185.0313
73885229.7042 728653646.2638
454941752.7716 708590275.7240
503017923.0264 946919677.8862
239561581.2137 756662894.0007
158708205.1838 609672299.8034
582681903.9992 756715790.9137
406143492.1855 979094180.7706
497402425.7204 899059277.4271
28344923.8947 130923085.6679
232561658.8380 320564526.9547
141736244.3638 382220119.1537
96616760.7890 661378226.3412
321983205.5913 960661419.4706
309894337.3504 588502773.5015
417134675.6078 875515895.1564
166223557.6219 600142521.6805
84946729.1776 92207116.8801
242694111.4531 357201208.8516
190178863.0523 509784588.3148
402377834.5611 794632508.3238
55530959.2856 520728519.4002
268362088.4825 292535936.1866
414655320.0792 570139823.2137
303982606.4997 655478786.2873
274501490.4731 758070973.0192
754869167.1970 811171892.6178
42895682.4747 309189210.3981
372169856.4665 656244618.8691
60354103.6332 243914510.3483
493472123.5935 882375572.5699
227105005.6360 898843825.2364
196231378.1335 785306582.2206
193363892.9295 673126216.9383
574707842.5694 837279380.3637
411164447.3120 525187031.6038
394206331.9999 589947819.0049
468702326.5174 952513667.8759
191658241.4877 301985927.0672
211004858.3525 811140849.0247
239054107.8520 673200873.3818
461029875.9592 823753312.0229
98055149.1810 832054227.9848
500383241.6081 691561873.0647
122498592.9252 395664357.5444
716873852.9890 959477333.1214
2538598.7788 511585601.6090
141893612.9612 142765709.5681
462267845.3500 532749894.2635
255132917.4398 922125224.4613
248607288.1751 514585585.9920
8371714.1026 416552319.5295
733785206.8839 745159055.9170
307030512.3537 870031209.0791
242293024.6096 308753219.5825
50702173.5748 447999633.9869
566650483.0554 892391795.3704
163286672.4948 175224344.6262
214111140.6847 612727399.2743
534635991.0754 546224673.3607
320770643.3455 580784355.6110
216461504.9529 366929784.0269
3941002.3651 343973618.1559
268262602.8411 307899285.6977
310929764.8962 565870666.8115
339074908.1437 930411991.1242
566676887.0748 745441108.2304
543066995.4028 630887637.9360
599903266.4806 637894315.8222
481764988.4193 502810310.4083
381133133.8787 888595483.2847
455481561.6380 719016049.4046
390277266.6740 954097674.8787
223445976.9140 781262872.0369
220015962.9807 719116912.1534
467502017.6105 671931159.3316
732815525.6555 999984371.2107
197216551.6837 325622253.9200
72829271.1405 263507749.0239
828304283.5747 902333538.4154
656254367.1396 672411092.4245
573982164.9545 625776195.5580
759927450.3125 847455045.1807
517868363.9753 689437875.5924
347194037.3994 940078656.1065
474668397.5501 948526430.0824
138194436.6448 594860013.0209
118110435.3066 664743795.8435
443710594.5144 574643624.2511
723992132.6172 888771148.0037
301718897.5027 518832455.8830
279474520.7553 962054410.9599
297395775.9312 698083704.8836
660521920.0164 731849139.2915
37085949.4013 759788646.4670
545194754.0839 804777164.9980
31254645.9179 624797284.3014
361898753.8209 374726097.8094
634265284.0891 997096162.8002
850793139.6445 920382890.0550
320898025.0894 994731649.6987
110517444.1056 378408068.0575
289361051.0842 787272946.5936
549583899.2125 616841791.6229
53757500.5397 511764551.6675
177912967.5699 624485193.3972
420907322.2280 469809682.6987
75203847.3546 997996334.4948
325004638.1962 873659226.2851
420535039.9372 954322865.6701
774510128.8587 977027494.6037
349809922.8775 944141412.7423
589119475.8600 613557872.0093
305579902.6999 563461832.4206
763790567.3022 986180958.7495
549117819.9158 839302660.4536
461039273.6162 970672766.7545
309016707.1439 519393617.6402
132353622.8257 348099078.3141
663587750.6578 983719668.3147
126175743.5382 129999022.7003
324271446.9020 521623200.7839
212102306.3124 449419458.3978
618482856.9459 854764960.6423
602962156.3298 961326974.9286
183948565.7892 671759045.0644
391013057.5970 681604904.0311
838248086.9803 972620701.1564
29300118.1087 680274876.7116
824774348.9618 962019362.2320
478604223.1412 896318419.3319
201650361.4872 549877392.3563
847712207.6601 898042878.3754
385395611.0674 600742996.4214
16563336.1270 303056047.0572
26423520.0046 198250074.6759
115729936.5059 484624100.9184
408829656.1120 490940133.6463
572851919.4344 789233518.4063
432678562.5917 498124965.0487
455729316.4854 938921049.9132
239572651.1756 298137414.5251
75007944.6630 640608384.1396
680459295.2841 728765184.7673
545090980.7031 925665797.3711
345613884.4791 932055240.8428
2015215.4045 132205696.8605
193479892.7925 656917196.6366
103308012.3808 533120897.5409
68416163.8226 364189363.7327
648403063.8460 744684983.3931
140774827.0005 978574810.5141
60919777.5559 192043913.5273
55033013.1414 858003016.0773
464142254.3375 724464420.1731
328101803.6290 566369485.3294
244979049.6111 275422808.7509
845709814.2614 920631690.1253
334483932.6772 957908048.6100
95504859.7389 455551885.3668
220806058.7803 838370622.2167
251939608.8076 606468050.4645
460210242.7688 717490906.2661
260999300.9729 305198947.3019
447852187.1195 925464520.7257
329891556.4593 914619554.4371
4715968.7282 451275159.8695
214059543.5059 699649983.8974
277007027.5869 980954093.2346
609128815.8397 654696478.4834
638794899.3768 804770887.2039
103718692.6035 354148678.1534
104642210.4721 920613278.7226
225567943.3401 749599008.4286
207785151.2265 502376345.7238
153851799.8391 308700024.0987
235581634.3601 965695522.8776
97989597.0440 651823233.5671
595190745.2794 662870752.1413
251741370.3629 799920814.7639
128526470.6918 677948583.0068
46922421.2963 726442429.3871
453696393.7365 626433649.7199
94003433.6429 126514069.7567
104246864.3068 774972182.7499
246246132.5660 372142983.4847
742028665.0980 819890932.7864
278429819.1219 328230702.7867
301140274.7003 899428155.4033
105178576.3451 316849403.4731
794678934.1780 941603318.4605
15033595.3219 706668604.7297
304453660.6279 401769143.0826
517172227.8954 707534122.8194
460326263.9631 883557928.5960
775968555.8226 862309336.0680
307518796.4994 399259762.1665
109517915.8645 581385773.8024
38603220.7296 373245389.0890
224906243.3460 868025450.9760
251414443.8385 393604798.0618
50497067.4065 179829087.3118
495150680.5507 612243216.9759
52365418.8819 974095900.9973
438653603.9210 511779251.5911
728079198.6824 845277526.6366
822289421.1548 855148742.5527
447588978.0186 934029775.9020
890001539.7057 900707842.1500
496289025.6802 995306661.4132
862160968.9285 996293062.3999
128826840.6184 263611773.2376
681274662.8372 948888199.0271
261512306.5528 671800417.0273
911225774.4558 997338425.3448
387255584.0071 486116592.7944
96292867.3898 405307635.5217
555751285.2641 568151404.8835
431656338.7422 561752993.5728
558279772.9632 762460948.9195
361885629.0240 982167282.2416
580297021.8227 632429505.7479
48748206.5256 601110798.0134
244284914.7975 905962808.3885
137139082.7402 778458916.3724
98375066.4545 340896590.6099
129245525.5851 196979995.5879
805812158.2764 996853078.8484
626164432.2261 837166343.3358
40263142.1633 139243846.4713
895386901.9397 927561933.0412
222048318.6732 990795615.9529
698854589.6702 950116142.1525
107230838.2861 525216177.2450
344366212.5640 501704907.8999
607985943.1890 611331114.3020
572713660.3827 620015177.7352
146105705.8228 679538762.9633
502675829.3025 894700394.2394
565096519.0929 843958326.4292
304243346.4481 885905434.1143
19689529.9280 666865786.5240
575877837.4929 926411554.6942
449189552.5065 506878050.3243
333999743.3115 544250242.2262
552179465.6663 961071146.8784
452147547.0641 763921537.1006
341259814.4852 940806922.2991
235846789.9219 555582660.3470
280159051.9096 504534351.1505
705675752.7945 745872134.1894
764075188.8540 824648752.9568
75986686.6041 972936911.0950
153283527.9742 204540222.5424
511250570.0944 983952082.0373
297750217.5543 700269396.1058
296135763.3291 948963728.0047
347248004.8658 520483282.5195
731707665.5114 869759506.9324
164555890.0997 897918857.9628
178460175.1398 878551250.4820
178550203.0986 905283073.8515
569888361.8023 825217916.6952
372732760.6740 456388936.6191
182026862.8627 217610146.6803
239205123.1292 560338068.9329
437486482.6374 953057986.6107
210615540.3851 962329695.0251
961658980.0644 979272626.7215
261756686.8656 757463530.4689
97631315.4575 962522247.2917
349088315.4829 726123236.6635
