1000
23124018.7293 675618014.1555
643614010.4963 806314158.3694
438432792.0560 599369573.7706
422022418.2014 941517918.7192
565724504.1778 995056954.2742
398118074.7399 909703595.0681
151616825.3941 355323939.2671
74697735.4394 93369562.2083
180725983.3366 243818839.3397
296094346.6962 906568187.0446
113294975.6405 260449747.2093
63757272.6779 284111805.1084
709005120.7272 966954389.7053
583864558.9014 965896717.0899
486472210.8875 822993697.6752
631305594.5139 942503834.7773
357052867.6532 512387976.0781
763981157.7523 923759054.2603
650426936.4676 751797609.3861
1006308.5405 776044991.0981
235940400.1043 974773238.8399
151471407.4207 340229227.1504
454222111.1772 843113639.9201
333441049.9359 479102893.3695
3649690.3884 13702499.4408
247765171.6752 747819690.6555
369298263.5844 841177732.1339
67503448.5066 209122032.7610
190593144.2277 681459613.7712
462259529.9080 996045113.6773
662467021.6095 806719467.0959
300942656.8808 761358170.7601
198396302.0898 703542770.4409
654194024.6232 888806669.5330
267274034.3408 268195840.1495
437806670.0831 606705890.7940
417089863.7195 941571863.0074
321997132.4561 890257175.5673
896648339.6924 992829205.3784
361467993.1191 941239037.5404
212266473.7090 871079365.5280
365589384.7437 582824176.7792
322299931.9251 360333816.6090
355482486.1817 684863182.5487
810702268.2500 895664635.3523
2931157.8814 339699432.4221
121771033.9349 624206927.3180
119103885.4596 993175923.1755
21791485.8756 528615412.2318
95302924.0948 193369834.8554
756496926.8909 950391185.8255
206539236.6517 724951687.0288
147113918.9930 730078149.3929
697558380.5740 926980624.6433
98608978.5568 521795646.9355
180813576.5326 822206857.5956
431039220.9900 679159806.9845
108016262.5796 470948221.8639
100779647.6406 895855889.1057
33213965.2688 221821701.0445
867530781.8830 942952987.3820
569013441.1406 579834475.0199
368907061.1736 813820869.7776
236110033.2522 774643010.8885
244886828.9685 263087352.4630
397633299.1388 782454453.3365
345958.4761 552785296.4031
70361076.2952 318931405.7394
73885432.6386 805417383.0064
680047794.5698 969223161.9581
282765524.0698 931936232.7194
232148395.2578 705099802.6895
558956594.1054 939091091.6927
839046081.1415 899931349.0087
238349453.3957 649405882.6469
7726840.2491 850022263.3067
346690226.5421 927089635.2052
177191994.0038 430687119.5694
53303016.3542 429396680.1604
13028171.4003 559760813.5681
692969478.6713 863875637.1839
600943878.8596 734898267.3617
14274056.8056 544364494.7239
6189332.4743 64189225.0451
183309075.8644 616528763.8699
344775655.6806 916743376.2975
826782538.4544 995761125.6489
293012187.2753 357345418.4228
864713343.7565 951839697.1953
51070024.7517 434873408.0108
72963939.9854 694286642.3069
61835668.1506 860300964.3618
606031180.9788 653507968.2326
321161876.3072 923224283.6243
613667381.0084 793774596.3214
67681528.6489 397686006.3208
243917447.6924 499510307.3225
622743179.8243 658504296.7903
93391183.1190 505739010.7301
674706382.5963 828094176.9392
21945775.1360 274237100.4527
134866463.0066 478113647.9124
573434017.4678 718595774.7265
260935345.4542 510762000.2760
62783424.9824 413936662.1559
597810708.9609 803484355.3014
248486230.7424 767339795.0560
407661186.1197 600406312.2621
556320365.9590 963579515.7249
630028798.4493 715201074.7783
18982093.9346 612731875.8290
435442527.3844 538354171.0210
247293898.6465 419270184.0560
345639502.2363 516514473.4761
310563333.8100 351932149.0352
257013686.5097 822691868.3686
705413843.8935 851894485.1360
53396570.5103 290625504.4699
576432383.4355 907257909.4734
11895767.4258 858682783.4624
600544952.3176 758711686.5416
491406688.8123 617988268.9046
70760129.3297 941858573.0130
69733103.3374 890938551.5531
393328613.8348 587815268.9268
198603137.5050 986143587.0063
269803900.2233 582780303.8920
682675542.4081 682820500.1731
724286325.4460 758453303.8379
43337509.1391 530164702.5360
39689177.0531 239815698.7458
457130565.2381 949114640.7386
57952152.6267 470466048.9596
245744500.8839 947554697.8580
131214929.5403 180664789.2448
29742042.5619 706307890.0672
266223000.4131 611411930.9614
220409238.9554 484244375.7198
324152152.0298 475447636.4574
624022781.3752 644905531.8151
339856663.6363 371912030.9891
489911255.9139 797465118.5648
469619190.3426 781398789.5048
479236602.4926 519622728.6759
501061542.7062 895282734.3516
104837307.2569 250663565.9968
19420580.9199 218052920.9394
121617320.3245 175794666.8767
627856218.5154 632385440.2064
136482687.3098 539126882.0723
789716035.9328 937805559.4273
765850291.9562 782077376.5808
569079759.7347 717618834.4905
504041484.8388 848309143.4660
355941453.2184 791356985.2039
473291553.2371 485764002.6062
239767706.3585 360629777.8292
90568214.7661 866510032.7691
216531699.8921 223637552.7217
636190061.1324 842127406.2570
689639087.1522 733049449.8850
173688032.5161 744782514.5906
34955797.3990 405618637.1435
370397831.9304 678009131.1428
58883533.0858 488975899.6344
690109169.7366 840857889.6157
472491035.5837 759708576.9252
377490307.9094 572310780.8934
210606423.1804 600918571.8005
50726051.3391 755554412.7658
745421689.6733 769465121.7372
309373528.8848 461736298.5016
300336190.3236 726037927.6436
320678704.5366 971449638.1369
790183882.5447 860833213.9631
330869288.1778 359069942.5518
258010621.8686 346603416.8454
148799152.4009 497143554.2492
432283937.9083 799563038.8268
401430789.0759 976467309.9158
393827357.5974 744907596.1923
505541886.7380 670498956.3257
251617411.9678 900860547.9954
10001078.3980 471480693.1285
139489841.5208 938156791.0766
32753133.8990 507605532.4070
464748442.4342 854775642.5331
36988480.8318 438186979.5253
107682932.0737 828364004.3122
93180143.0079 246045940.2879
295055810.3386 922463586.5959
276666560.2614 390228793.9679
37963405.6825 528040912.3026
224762049.5806 797313554.9601
24680746.1106 862113951.4582
591190301.9425 683656661.7042
254502056.7230 657290721.8644
285910578.1256 720129087.7803
207953039.4665 612404916.6014
393375572.3556 651313308.4004
84007187.7020 853856693.7876
24447052.2984 918525861.0610
113795224.9949 187883991.6475
280882823.5894 351529600.0490
101922786.9298 460448267.9143
27832763.3660 47127014.9083
221067729.7467 607045668.5700
709700322.1106 807382050.6752
71620332.1098 883299588.1048
24820581.3651 978786913.5008
473906122.6322 692209325.3605
255789311.7941 787189929.7329
388622742.6776 905944352.3159
409763650.1741 997810428.4489
112505662.8747 974186707.2352
578742276.5131 580754984.1624
574783513.2348 859390433.1360
516252139.9773 611924532.6644
120231099.8462 589562150.4989
471235149.3886 632391082.9510
2775398.6401 264943424.9636
463536151.1315 741579852.9714
534030639.4365 692340637.7893
946322401.6023 996541154.9626
128997157.0195 775701156.3053
151939464.9501 890363602.0009
21830178.2342 799724438.6605
488142373.5033 793414575.0474
292368306.7625 304686232.6150
32310735.4235 778349755.8344
48842561.8339 576971095.5021
685916035.0633 730051723.8819
219871988.8868 420579076.7748
306842803.8319 602703231.5950
228354726.0895 981924745.2358
4467837.4868 781031594.2585
251345152.1291 307653518.6079
122898614.4355 485653074.7529
67551241.0275 439941429.7269
653174711.1005 779099444.9184
63610593.3438 933149012.3240
574934532.3509 586650289.8263
11000932.2271 799186365.6427
484601782.1698 884754431.7689
75432813.6345 308006565.1656
586972420.9701 602176118.3181
414471735.2016 871411748.1341
324072314.1263 408654495.6610
58904506.0489 491128386.3515
819416079.2207 984149590.1013
392902200.8980 860474067.5203
371471876.7744 393048856.4433
377614045.4121 665596827.1089
319527335.7721 558261649.3856
311746417.4540 698751168.1237
90635393.7671 165516507.0817
363547321.6119 384919489.2341
54569069.4262 312760309.8954
278574694.4538 292555470.7958
752521783.5615 943174011.5458
30351412.8442 670967323.7823
58107600.3992 791309741.3157
677979577.1753 750083450.6189
158179205.0059 341053114.1561
183123688.5108 318464359.2035
189351461.6713 960822540.0728
90140378.3654 629822160.1378
324629981.3132 646990667.1476
180738060.7584 742543522.2732
470641468.5318 845915912.6942
38751580.9622 295746443.9802
258706393.9868 867137759.0382
271168731.1239 371263761.5749
204136840.1664 626054289.5589
623539993.0661 623920958.9046
56081069.8097 984710017.9441
436310382.6085 880745257.7568
846870066.9057 963386576.0131
175561549.3249 912790572.4375
37942451.4483 200268241.0092
27131.8664 155833395.5814
791286388.2348 917688373.6943
373863616.0734 438032220.2263
275502167.8619 946889096.6538
309447772.5526 452064480.6183
496126781.8714 527121406.9414
125312972.5958 951928821.9242
934419380.6183 978297280.6464
168794721.3227 706584234.7108
238951242.1504 472426663.4504
92311158.7465 500553473.8894
309875980.2875 524369503.4439
576139317.6521 970284120.6838
74138855.7060 563556233.0094
172143438.2776 375525008.0986
45879743.3365 719980232.9494
135283871.2570 521939369.2810
57573843.2142 461387295.1469
658112335.1346 916118175.5125
471544953.6592 659439647.5443
93227047.1890 197712095.9131
159668643.7911 288243931.7425
404677448.0831 717700071.9088
535167038.8761 771456321.9098
269618255.9009 378987432.7574
551881884.9547 775897040.2680
85341866.7226 737558256.6101
843945115.0551 895898570.9381
445655936.4997 523012633.9987
595983515.1577 928614215.1262
213985898.0558 754260817.8832
382692938.6052 603841777.6671
163129603.3839 928758746.9121
123557086.4978 547279224.1213
429042156.4095 955798649.2889
620223006.1858 862904826.6130
902617253.5089 939864260.1897
256731895.3093 382637423.1741
247281423.9495 811701953.3742
653463616.5528 738130376.1162
245031964.0321 647996959.1876
177500539.9818 822573974.3926
104744766.0862 713415229.4544
416695685.4307 478703433.3901
113175120.0083 336434079.1024
12235154.0625 23601760.0541
77259818.3171 817061190.3545
231853972.4774 424722890.7675
13110060.6052 137480116.6564
241475167.4884 402241183.1789
168547862.7982 887614791.5096
29890876.8168 368182626.9613
21388373.6719 719258249.4660
225049828.1478 955543422.8298
18848243.8946 184992511.7114
399816565.8785 582872319.1426
455812345.7786 866188837.5584
784235917.4368 909910024.9197
48349150.4230 757290881.0776
57419113.6952 216680871.8622
108932784.2401 118638424.1857
170183359.6818 650774631.3341
611398141.1746 940532679.0074
37702717.3110 214052589.9760
254587014.9848 445859642.0770
167879483.8958 263424656.3318
360086796.7521 840113731.3685
90731618.9340 373468393.0274
397133987.4040 765480414.3428
17392172.7940 527728530.8107
122163314.5771 530512336.7664
250525176.7741 328638309.8084
443996723.0393 521116827.4503
49453288.0371 757794921.4208
674565561.2133 800186936.9544
176900673.1283 468369798.3846
160079656.2035 320220782.8832
274418625.2751 494102332.5237
46593125.7052 345595320.3376
586046436.4065 975093059.0956
189927619.9311 572677219.9627
480032036.1695 851549724.5455
172524670.1442 336281864.4820
863734019.5638 915762148.6273
197275991.5032 598127576.3720
527805784.5859 927568771.2901
267982912.2218 637699546.7777
78483353.8123 664031480.4945
216659273.5193 736654655.7359
549569418.4946 991705339.1196
186243903.6990 868612127.9470
79940256.1503 521812513.2967
129985125.3102 479500121.5207
380888610.4968 911084191.2255
684707239.1019 731944523.2461
302622952.4493 636858488.5437
50126268.9106 59056887.6876
277369824.2621 850594684.7569
513827905.6726 940158645.9779
492237844.9610 626818277.4524
879780463.5617 939329502.1466
450888512.9128 811540510.5571
753821128.7920 945976416.3381
644982297.2884 683026358.5189
763459875.2644 891473758.1431
199641221.9425 696216431.6395
609166935.6163 790746755.5909
655894416.4766 751183862.9401
540629882.6845 577600952.4375
567692437.2363 750460787.1063
66825812.0932 367679942.0733
47032895.8481 691295962.4021
701031432.7838 741631054.5616
349673343.3429 409286282.1754
153914329.1310 516265658.2106
202891888.5419 505410203.7460
75121770.4107 606004311.5307
660056531.0403 893312036.7983
938192372.6315 941881860.2375
704180462.8048 964185802.8312
517764350.5075 738954481.2515
43176692.3280 691953883.8398
46772398.2837 499455671.6377
396131608.3961 661414733.2281
575025740.0082 922951169.0647
224575815.7944 363550306.0834
80253278.9882 801455807.3348
122545103.3647 601980647.1311
389944096.8901 692050367.0517
519506409.2161 603007782.8788
128985168.6324 450007856.7932
204293095.6927 917578161.0264
124808578.5712 427588663.9117
113643484.0916 245700703.0571
160890892.9003 842506728.6549
85362840.7618 924944840.3817
489414327.6701 904537079.2042
268725100.0589 586367340.1138
431340286.2971 628797828.0293
440393906.9759 916691084.9593
23913012.0431 337846914.2122
858496176.0449 953288638.8489
522628345.0576 711260126.8371
281363029.1517 590947629.8507
618002130.0735 712066732.8589
121685407.0048 424561998.7355
156895405.8264 430078793.4338
341059588.7486 656555844.0013
59585547.6927 254557952.0819
726991064.5651 895845877.2647
55377611.3234 159376622.9253
276118113.5934 320446934.0070
117013980.6874 682571747.2303
68530721.0271 259664164.3462
128003384.5069 263639471.1603
649771601.6157 860250180.4623
139943873.7862 813736350.3930
294932059.0220 402565399.2429
283069609.6196 583316361.5244
23996782.3180 248437477.1182
818771007.6530 848894190.6654
79501153.4549 185452836.6609
859878304.0403 999200794.3684
34282159.2134 61890071.1211
289770452.9040 706003808.0510
30114467.4562 407168885.1777
92782341.3591 508999707.7390
741573159.7836 870907169.1330
355684503.6483 591955544.4501
623746853.8118 655547797.3838
204185423.8646 224052546.0145
505909052.2043 509484796.1904
298350323.8842 815529680.9976
629675851.9774 940822127.2616
79954354.4829 527441111.1452
570894236.1516 959886335.6741
338310394.0249 689056515.7070
534787968.5320 673201696.0257
437162852.5035 505676367.5385
707144217.5405 765709380.6227
745909064.2926 789696313.5845
573040022.7740 990661205.7635
760265310.3314 800087361.9730
558759815.8116 662435290.4586
444483401.8126 963653128.6321
355081102.3092 504005929.6906
76051107.8567 583768570.2878
436699789.6107 698391040.1621
371641001.0444 842956901.0070
137948120.1514 436327586.6849
544328207.3480 792510487.8632
294008958.5389 569755272.6939
38134291.4370 404602083.3611
304565888.3758 929476162.8142
404153497.3472 409516702.7754
414329939.9776 609144546.8671
757551537.2115 982951227.6553
716023951.8666 762013923.6079
28523409.9058 140605781.9350
81530257.2664 562502930.5665
272253003.4809 709620762.0572
314364919.2980 673659939.1230
272484761.5781 925966013.7880
109072824.1157 672166251.4376
3817870.9028 858957225.5443
122715823.6427 642295356.1589
200940201.5247 544766009.8435
223139955.3439 303802098.8069
360919037.8786 996882562.9757
72758505.4664 728919208.4652
38676376.9621 759085395.8301
262400756.8041 942961322.1634
719489527.5497 958545772.4406
368474287.2387 881965314.9530
42316364.5971 808286654.8651
34721822.3635 366847858.4404
191663798.2656 942411839.1713
50975311.3127 883165091.3381
565867263.2678 929381369.3996
372748236.4192 656597762.4447
744461296.5068 960511206.2613
128803550.9364 950338470.6604
21190180.2025 236767293.0732
266840841.0285 931850964.8358
396580671.9660 820793168.0700
388222471.2658 961786118.9586
48625614.4919 305315287.4825
615774143.8534 717304087.4655
211889220.7308 458772578.4610
189704120.3182 471697054.0746
466252647.6099 675581613.9561
584151834.4216 778733493.2352
262379912.3255 932535120.2065
98416682.9538 163634238.4113
150185656.2548 860644138.0036
407253486.2243 815464317.6759
64967560.4173 597754428.6144
876241698.4929 883333795.9255
652996173.5125 922161809.6371
262018639.0552 554871986.1416
90434200.9362 101897796.0943
211846947.2247 926220907.1417
122728377.2390 295420779.8926
293672534.4165 769525907.8079
121644420.4952 737042008.2084
306893618.2822 689583767.4433
26410273.3250 260270628.1406
264321274.8118 758966658.4894
580422689.8202 744228903.1997
735315702.0189 959850387.3949
116725159.9653 465426167.8823
477790359.6380 674788895.1891
112607128.5959 532071950.6857
607887868.5791 911619129.4903
481130252.4336 702644355.7814
266060258.9380 736520024.3488
142889109.3556 524213763.7024
288577427.4197 498167651.7962
393230612.2934 937864340.3929
67788924.4740 89303252.9684
20019481.9155 438085944.3930
815788025.6330 871259236.9348
610697587.4895 906162069.6486
113383259.1570 115090445.9706
99370188.7520 166318243.5781
589017123.4856 634082034.7745
6583128.6831 557627964.6140
299022910.8558 757026044.5021
50590026.5733 120722124.5376
20778831.6166 358544205.0008
385210127.4669 458064407.1719
406557902.9213 490176785.4121
595806379.8472 718274310.2592
437340098.3404 997052876.9193
624158503.7313 638719814.0310
424607336.0782 772276813.3548
65572992.8027 242235494.8693
604254860.1098 976101283.3169
229811016.0907 956986455.4054
398953580.9507 867514369.2891
933425741.0395 986463666.9936
548010129.0872 588832680.3534
734479701.2098 886660125.8179
431872537.5850 452183255.2564
9326100.5628 476129719.9508
388092119.6351 938666273.6876
291186220.1377 910193637.9355
373310629.1466 745797654.2736
25688982.4592 487948389.1792
555977128.9183 737711899.6094
452388551.9265 672326185.4345
143527771.1110 551637323.5045
282912548.7970 705256726.2737
214250981.4647 525563609.3119
199733521.3396 932742076.8939
292045434.7974 728448212.8209
69491744.1831 205579049.4877
150200711.5465 579153844.1599
155481943.1845 432879534.6751
234420733.7681 972915498.0338
126967027.9350 439352459.2153
389946892.5463 673067273.0985
338399851.7145 444930378.7757
32745246.2831 150461123.1441
346155085.3428 780190991.6387
488529768.1882 747549448.0492
344718589.9877 434437545.3744
501605238.6635 629065715.5432
54394483.2437 522887356.3696
33691886.0444 726444598.8926
304661025.3364 881477379.8789
757282752.2986 924719322.7812
65124328.8051 860716257.6067
119446880.7267 846435130.3723
160013264.5408 237992541.2387
231859639.7817 493957820.5429
239604593.2440 909585624.4898
185845470.9844 746407672.9692
184862858.9947 454018767.2644
819535515.4754 911132982.0022
189288850.7172 716817066.5275
45297800.8047 367684260.6689
212619420.9518 948273051.3797
533015291.5989 674526902.1683
42948388.2753 476720840.6286
955858648.1817 971426374.3960
97802635.6399 546893250.7481
635544635.2729 943173875.8493
104512891.3265 343487645.9745
562812415.5455 734884916.1469
8398933.6985 127781985.4752
655027176.3521 668596659.8292
665190332.8532 910308830.9603
273366079.9248 780832349.7354
145803387.1382 326148406.3990
762802393.0091 882168581.9583
787352664.6063 898149491.7773
308876162.5348 791749616.2990
58847765.6388 941232338.5218
71468622.9785 924224849.4105
435007309.3224 873588379.5593
5951768.6135 998371361.9412
88501166.6295 938756348.7739
303235693.7326 898462250.1290
743518003.0264 942305077.4800
346015296.1397 793879353.6785
12177008.6121 294609687.1807
300540588.5186 551038305.0755
126885447.2759 431252775.8393
97384827.9619 173349107.4693
328200001.6635 992057539.5499
497942561.5562 920273544.7010
14220024.8640 554395447.5332
455431859.0378 820192878.6107
473616693.7174 572922017.6610
395734061.5638 476843215.1431
293227866.9601 839074822.2953
387666196.0763 583141900.2927
59212093.0760 526920590.1993
255920985.1163 824990041.5447
569147818.3216 802824833.1012
623044899.0702 858340415.4221
264050874.5516 483919266.7061
396147685.1218 785623594.2271
360105694.7699 571524606.7194
417792739.9543 489035467.9382
132285081.7677 169524497.5564
162124850.5546 492019806.1844
353458458.0584 744129316.7016
818102553.2245 909050392.2640
108375701.2968 348262262.5054
42700262.5594 92459907.1951
83231492.9500 429260470.8839
197968834.8710 726972148.8945
332367760.1928 699353713.6657
156783026.1106 714269777.3627
115992100.9944 470121974.8507
116977253.5186 763312244.0311
65109229.9197 551642080.8168
388919262.9712 733654588.1490
486375852.7868 971568808.6688
76806939.3435 155995336.3699
238920740.2830 380816732.3620
132719776.8328 826293931.1782
781521308.7751 848820477.9776
245519750.3510 497182975.3018
611792199.8778 917852048.9501
8440830.0396 372901993.7839
106221142.3972 338266076.7349
481496409.2035 970065937.6171
203193778.1795 848076782.7016
331598138.3086 503378371.3557
101829163.5441 692596412.8811
130453144.0004 144853145.6534
188625569.3000 461395708.5225
540874346.5065 548695928.2037
199249330.5925 814018223.4160
12722619.8689 124470906.2914
782761823.1497 937136941.5141
110224933.8619 808528535.0244
380823251.6245 661753780.9286
277429071.4273 928140859.1691
887557465.4746 946062921.6331
326391926.7705 621339584.5727
720558741.5470 783047785.7323
156239123.6852 164227253.6677
217147332.1628 484382615.7373
835538121.4260 871516002.2993
620632379.6070 834790045.3921
439399732.8835 782544192.0889
834460141.6083 843219322.1592
126542920.6660 790986850.3165
300553461.8722 361195764.1366
509782471.1571 793405993.5773
300055147.6223 312482652.3141
257663358.9723 913308285.5999
243938093.3808 482118295.4795
370753255.2327 867876224.8109
372328609.3835 651826084.3340
63329445.9469 518978387.4889
441650320.3120 809717482.6106
328409232.3916 995556270.6187
175218405.7683 551026027.4821
48978720.9149 661874482.3828
226224157.1674 984490451.4736
396134057.7435 463791373.1412
422645086.9007 949895901.3277
191961033.7445 564885927.5287
451282022.0675 931572884.3435
345562046.2976 882403567.3768
27474799.3844 282219714.7937
615468677.5178 774355271.4658
63749548.8520 466819874.2519
79266907.1711 90930766.1340
636838022.3061 832799588.0327
375396379.2736 927108719.8860
252689151.1439 494198744.3536
13408052.4059 644859147.2576
596347335.8693 773621003.7873
96599285.9299 103407556.9717
197160728.7830 707117439.1189
553664419.6085 655209923.8563
278940081.2329 778631792.9526
202373170.9877 540987232.9478
696299369.6009 723117358.8635
133942386.8356 866863557.3485
822940111.5178 892886398.9122
319922612.2421 788797231.4775
409726976.4293 476229637.0969
204065768.0989 405549066.0579
230235878.4604 972349372.0305
63681622.1228 899568556.9433
325873101.6131 918125642.1418
295461901.4883 961723723.8371
141498795.3183 245375804.0452
307061627.6341 597296751.0317
300830077.2986 310568344.7179
71698562.1835 791083314.0285
283649789.5907 968632063.3825
606913769.4402 730205327.4316
11038389.7766 698864601.8163
301213704.4782 961702663.2206
185831452.9326 771982293.2514
439941567.2705 582746947.2585
656570559.4254 954963628.3119
198240489.2797 321054592.6951
209773537.3192 802764292.3378
60743399.8037 755566714.3084
603214499.9450 905956711.2662
30961809.0100 554198757.9689
508269996.5907 722637109.2418
262893442.2837 410686039.6159
153169022.6519 632221741.7723
671750512.8742 833812369.8604
224120910.3844 835237670.6081
134413523.3968 849076997.4244
302342552.7806 763114716.6277
128131868.8814 497238167.9077
146000366.9849 424738276.0966
813468811.0350 813757463.3573
140896676.8315 931720496.5426
630714454.1915 685480987.6982
67330666.0211 324278670.6041
488915986.7083 925959813.5119
745659690.7247 846835634.9641
667506865.3894 920112769.0262
93721738.6894 423047773.7358
314643683.0435 586691752.2053
218747395.6206 699590799.6653
598991737.1594 925137018.5514
141775495.9405 940209002.8221
92186983.7479 376154178.7129
48676359.2469 504240400.7058
474145061.1429 656780313.6162
62428587.1602 435531476.1961
69433854.0150 932869673.6995
224450120.1692 368396821.1647
148290266.3211 650143182.2297
469143795.3562 648956381.8864
328631794.0796 642255689.1885
548102434.0099 629820822.4801
403811783.5510 891760387.8680
32644326.7371 481271214.7335
82095334.2079 747650145.9319
149515595.3778 996791185.2321
896231606.1016 960033861.9065
57555872.6807 286605062.1712
148877118.2936 804152747.7124
591150982.0519 737997701.1649
25394730.3756 296012572.7724
78964569.2919 628082934.2381
158934744.2183 208911993.2028
296688280.6830 826711210.6390
623388044.0081 992313357.3199
791347538.2671 848833392.4675
448278515.6313 850537671.4118
111256598.6570 245849826.3736
502103762.4494 690628072.2672
43428034.1537 195815362.4910
284111749.3873 607717522.3980
924470543.4317 928938559.0641
120098534.6504 690794357.8977
323324698.3010 493029049.6875
378480635.1314 482652331.4302
433270522.0243 491319473.8574
111601790.9126 511033571.1755
281522133.7581 418973626.4651
537241545.8867 633173657.8590
279031594.0627 847833264.4824
382213093.1657 499588740.0253
440413442.1955 548187765.5976
314247464.5044 611135095.8636
634281012.0485 685890698.5294
266901121.7551 758998854.4586
573458426.5174 650543877.3235
666374662.9679 783550508.6886
793512228.1276 913390945.7113
146156088.7685 365201767.3193
4373984.4546 73220473.5513
290864611.3803 336812560.2879
583760158.9042 659697698.8292
108983877.7615 839366856.3644
509576108.3828 638608395.7236
13861622.0053 920019456.6436
569735994.4432 960295128.9960
740172955.9485 922672660.1358
394251905.1250 930197814.1079
123624752.7245 566349883.9481
323768710.1319 826325863.8821
52642395.8123 714317959.6415
371722199.3183 645142220.2342
177131342.7140 895566608.7856
563659952.5162 790920250.4991
241385506.2540 812658977.6919
652691898.2317 920246530.0314
340916427.1631 344116749.6561
233949802.5988 476612177.1464
571623915.8332 763886031.8428
244198155.6016 979527262.3354
574502702.4770 837779730.8801
340037986.6004 975297550.4694
655034526.5467 726160746.5608
243991111.2608 861044711.5199
716987335.4958 981523398.9660
466035609.8518 794165126.8354
670020184.2024 831995952.2030
270973549.7538 825229657.4778
318508946.6657 918641390.1145
398133263.7362 835575036.3339
605327018.3581 651190479.0426
104109211.7612 284032546.3885
56698637.4902 503950095.7388
57000553.0688 579669372.1559
212732810.5850 520553127.6162
216089047.5158 261696837.3384
71872426.8841 495666654.3308
400706311.5751 959523019.2304
166981608.5045 683980327.4488
228536358.3703 559265563.2997
182288599.9907 473013481.4988
141101030.3564 791889073.7781
406508532.0453 517656463.9230
132869460.4436 687362007.4405
723176347.3733 727528034.7919
556704053.3091 679252169.3149
368678839.5539 985732882.5291
427687064.4149 880776327.7566
307620755.7427 900972263.0266
387200437.1474 779671204.6071
537119569.2579 876192008.3253
556068754.2663 656326840.2637
286946337.5558 639058101.8761
688787201.1955 957664845.8435
56504672.2002 148290305.7708
454405008.9628 829668373.9593
345756623.1535 940162631.3076
78716977.6240 698494059.9840
342441178.2467 916276821.1315
135617042.8880 714234515.2599
457775884.4101 834752197.7796
732627390.8494 785737280.1340
497432133.8081 746867234.9952
92039537.9567 186514283.5437
443768423.9017 857939759.4728
107925310.5098 773243674.9777
225500659.4986 474312623.4896
686164594.4362 723052414.6140
312046779.7028 575993418.8942
597472637.7193 974679052.2367
741188042.6731 876759410.5792
561129457.7201 779365761.7550
100361097.4548 119209065.1173
723744946.9785 785739167.0349
947766687.7159 969490236.1926
562128635.3479 851872287.8044
118908043.4041 944131616.7338
453108704.2302 966294202.2099
28531144.1723 319059048.5963
801571373.3805 851729051.4637
255628653.8578 536335468.9531
23929443.3660 300888595.7698
716477117.5891 881843689.3877
131659542.6570 854889197.1928
623558805.1172 717052419.2808
62760645.5596 619024154.3618
716878486.7320 892007145.8410
539048371.8515 865401749.4087
270901119.9183 525563266.0711
174586293.3606 559821752.9881
859783904.5277 968749102.6375
395712835.4708 589846285.4354
190111356.1662 476637473.4597
281390525.2162 892752891.8077
502724119.1845 626406416.9206
349498922.3318 501077244.5641
408600290.2598 933112024.3474
536305720.6447 863871705.1178
893184305.9827 895860797.7755
122904702.4986 210695258.7030
112343483.5409 459376007.8936
256407781.6282 828096241.4439
913259009.2841 928922048.3762
221021056.8986 886977953.5614
665627766.4721 906414249.3134
11333853.6358 951592593.2188
441264582.1107 644519660.3747
153228332.6056 564143268.5769
205684172.6535 725165063.9691
186514277.5525 846435562.6478
354138176.6293 865314965.9584
480415074.1906 626867072.3732
257997872.2447 992504193.9930
308187088.0537 329762274.7716
483615184.3847 509939929.0945
356200089.5177 809441115.5595
553614079.6461 894160494.9569
365078628.6448 414752981.6082
161550383.9391 549634900.3258
339680898.0606 708813335.3834
157163253.1198 929220216.5598
945643092.4339 979641692.4368
211350436.9770 881971175.0563
154226620.8173 968207797.0782
301759213.4969 547183609.9099
797454314.6309 973176079.7178
327908434.0993 447540730.3490
138940541.0476 691182819.2972
143127218.7812 916034385.8982
530651737.7535 612434636.2059
212667912.3868 362095190.8658
64503140.2222 357816663.6634
54011923.2443 216145173.1315
379763944.9329 713623028.1251
286165733.3631 427435592.7234
419889306.1424 559577871.4178
108891372.6672 463138851.9036
413951407.2151 610334474.2855
372162123.5814 501261579.7879
339734714.0248 716263382.6785
207666346.0375 654887257.2832
470569264.8089 983242130.2295
122637586.6621 583896058.2536
211167659.6928 360151155.6820
125464758.4743 746276392.4727
432876512.9061 657998784.7795
333559314.7804 554175684.4247
294954552.7721 394233189.6260
377692171.5610 516172616.9160
71933055.7665 584145106.3939
189232612.8885 226623750.5463
191251866.0466 247340208.1435
720763233.5313 813484128.5158
617760644.4266 769159986.5152
261477654.6345 584371752.7265
6421474.0329 418833531.7842
282334356.5834 447075553.3665
150097043.7770 555396570.7061
445564442.3989 447260076.9399
433393632.3002 715322688.5216
56961097.0159 57135399.5175
636225121.6822 884405651.7641
375371867.6806 585272281.4757
608106464.5819 827044964.0559
71209209.1710 932441537.6518
408964470.7889 557354422.9991
289845341.1462 744630780.2891
265418937.2229 980034945.5385
211631188.1749 339000441.1260
792294305.9023 801945500.3597
270476857.7581 621960207.3358
129922325.2356 259226826.2033
436992731.0538 931704046.4909
410920660.3019 678498227.7970
106088660.4053 749290580.1892
586156313.8166 631583320.7143
657805876.8396 799533595.6909
398624285.0543 987275922.0564
807724729.4135 823435018.3850
327752402.3886 973381513.4659
291640871.0364 487336159.0708
