1000
642165016.9606 722864748.3046
570364695.6293 986326949.6101
327927536.4329 390685939.4945
834924370.2253 884652304.1258
115104503.4721 304449758.3418
29066709.6640 829552693.5483
157089944.6141 573998907.2806
66770626.3942 148023116.0948
419898647.7731 888459312.3817
443435368.3226 954188334.6741
315419569.6787 375447048.5024
384002178.5485 890844005.1324
31841879.5047 640979927.6010
330624794.5758 577014117.5073
840844742.4113 957089999.6055
852198735.3914 944666308.7757
311074247.7076 666041789.6024
8757456.2877 453086787.5114
491949939.2908 495467425.9187
404964927.3086 545731022.6339
365381383.4439 404660903.4711
154629930.8956 978056381.8610
71997159.1089 885092640.8593
207598682.5736 425043326.4281
367172861.8427 387040675.2288
6088318.8337 97958480.6875
44791449.5734 676075356.4805
153630795.7855 509171999.4652
79833912.7602 237134258.6731
420603379.1369 548872763.5620
45497392.4075 94438184.8947
499063366.7411 567818080.2084
602073449.1096 669471001.1625
288344154.6715 774735120.6995
68293692.5956 552432470.4325
466738456.7723 617774591.0965
155822860.4383 325914874.6901
89108181.2089 417103737.9313
58654901.7585 802677791.4921
670887431.2338 881785850.7964
116073594.7711 372273758.0265
288299639.6674 288339786.9565
930056249.9117 950282337.6721
715264712.6920 715694231.6778
198410666.4505 200344877.2272
501294696.9449 869426112.2568
78466977.9053 208117077.3025
387465303.8080 874635849.9923
78953673.2553 356207231.5576
204497867.6793 870687389.7532
71201209.3421 113241238.4308
799698025.5819 838533306.2841
394009543.2655 720678516.7379
316560075.4151 406762818.5876
84161333.5880 962309689.4616
37095953.2591 452304931.6277
371497433.8954 985561276.6740
675509766.6775 931454531.5404
369382250.3023 996647233.2403
346915745.9896 546349582.5789
230927514.1968 892171501.2820
888114262.5849 932911290.1987
251584510.1776 389336951.8344
87759510.0776 966901504.1486
72721743.6025 229731881.1005
478234246.0525 624420699.0760
305711705.5827 967888152.7397
633052868.1409 931730707.7843
186711443.1465 424223937.4688
148654875.8972 947845752.0950
57771570.7892 770539064.6483
559185114.9063 642375282.0210
158922122.7736 450933409.9969
114885426.0744 964940659.7061
103567935.0661 995237327.9570
68068491.0583 940403062.3671
773481824.4635 924538165.7594
451919345.5548 487001885.4198
20914164.9858 716259540.5628
569954923.5515 791298888.8729
836655100.9270 906246074.3245
140239304.0265 398826497.7776
184572644.5886 615428516.2544
297816864.4992 783121810.4996
331795008.3999 391760598.6672
502120349.2739 571829021.5357
161127147.6625 933934528.4150
445326598.6961 685423956.0899
149371346.3570 540111619.9737
40985133.3246 532717539.4194
326666612.3126 413529461.0030
526422839.7774 636328141.5041
84756559.1811 920007687.7676
104951893.1652 605775386.8528
974683247.1024 984656886.1644
720226541.1546 900692792.3839
382675392.0589 453363724.3816
522457057.4180 767508595.5851
245882909.3012 792786703.2516
151208041.4367 300726264.0024
864509638.1791 987237943.5019
100062967.8051 220265317.2093
479174056.0136 608433728.8216
90674350.0015 926863040.7548
137655941.0212 353796988.2875
51157157.2737 519052839.3114
627409931.5676 851048927.6345
512197200.6516 601948044.9879
767383835.7325 918257740.0618
247585681.5776 702537978.1619
230527574.8143 865782903.5969
304657120.8980 952833497.1908
602013276.7572 944466959.8622
106898082.9645 463338104.8754
332583463.2163 381195562.6191
153592342.4378 385417879.0100
826540283.5877 952364626.0768
130013826.8538 337184162.6988
729265557.0805 975536390.2757
672074943.6946 916498135.5778
903783640.8781 968650056.7891
189873487.1328 971302849.6578
232363755.6511 343698181.3519
549830409.8863 828053444.6356
229897492.3766 801301923.1723
223999284.6742 480352557.1863
21119911.8894 184536489.6965
325623931.8952 626943716.5744
135017739.0915 238583201.2423
31241065.3619 456743876.9847
289451338.1641 649016025.4111
223662536.6503 613478944.7082
591718150.2100 659351467.1815
810995362.7372 818293223.0397
71134162.3591 991393076.4423
39428809.0493 436403423.9031
94345409.3230 656967415.3267
768135164.7235 798679729.9596
554942110.3093 669072906.4685
373262534.2159 683914279.6374
128424864.0537 264113532.6332
371424818.0074 726306864.9902
571232257.1976 851340443.1561
526569087.6068 961034577.6688
38439097.3926 51761325.0699
253078635.6641 336861819.5614
429315549.1244 487550408.3848
191912600.7934 864576054.4015
190001658.8174 451078945.0985
305225289.3038 725271223.2985
304777299.0501 408989658.1176
28060080.6796 216830948.6041
93705636.7935 869467480.5411
309886761.0431 923779971.0367
179488280.8896 755702805.8464
471199074.0064 700261999.2493
180573183.2362 638790159.2516
135055645.4932 754455829.4721
940689207.4686 986580160.9892
592863286.4609 610347728.9482
389517192.4230 794014356.3998
306256405.9318 921564322.4357
43796184.2067 322501799.7210
243809900.5098 856872356.5450
181344787.0471 658635784.8310
155553592.7490 626189971.0839
347079056.2077 895619266.8482
584093859.3628 637878119.6713
192571881.2200 862305310.8230
294878086.9457 827519415.4314
2905306.3337 898179153.5084
203483065.2460 887852876.3754
139554262.1630 383582843.9476
609303687.3896 708292834.2426
357436639.8939 716503443.0143
136733105.4901 722797225.4523
612510377.4824 882597521.4553
182002935.9789 228522762.9243
433036962.9930 740609446.1169
657615386.1701 847311141.6978
39169572.5404 637257567.9849
376624839.7100 560517394.1645
201561443.5316 707066270.3767
344113647.7512 655352095.9400
167709605.6011 408083435.0468
653744855.7472 746809671.0255
147072917.8986 774506170.0805
241514897.0868 959369931.7707
560161378.3304 739153439.4914
88669365.2623 747000953.1775
106836839.4481 782447024.8530
613441515.5574 715844990.2914
97855357.7118 820397592.2583
311110248.9451 343918204.6576
167756722.0810 902563712.0215
664563336.6595 884457949.2384
382135904.4760 664288340.4194
243670002.9325 546728511.5405
316802286.9932 685123416.8478
657030655.9651 978277556.0009
125251424.9831 207856575.5941
441884838.4547 814410562.8472
542449047.4893 582572084.7678
652281325.7726 739386496.1018
436899785.8613 599945072.5660
570816439.2692 714658679.7917
387466460.6334 818819420.4939
99116706.4298 643134929.2168
170644090.9658 848354725.6503
343509454.9296 676820575.9167
516304091.7533 613813550.8543
350180322.1064 756796513.0130
520812979.2248 853393213.5093
209741532.3176 418863683.9695
273349483.7359 337026531.4466
319378983.8278 855101635.1320
24293206.6699 176767849.2770
332541333.6951 898648989.8698
158856964.0730 276859151.6724
577875773.0657 801502603.7523
167552750.1704 492000095.0476
201772048.9096 693374137.9084
267817378.4637 565585356.3207
453232625.6332 670937073.6635
228237589.3666 833516384.6910
340346251.0499 651317331.9588
821147005.6445 831816926.1527
309679603.4132 934504920.0555
871249891.4651 983917780.2667
614251651.3102 961200015.4852
763361809.2480 977380428.3379
271684013.2021 999147211.5843
80901991.7290 94118052.5596
100763204.9614 165018766.0243
365385534.1054 827013351.7198
550935650.2913 926682215.4570
468320383.6095 793218605.7284
125380203.4790 983167567.8806
508393992.7490 604863871.6508
620022018.4415 862821483.3933
249976718.5893 656552865.3606
25366625.2027 533341765.1270
708261974.8549 791602197.5250
600083439.9918 972260875.9098
358010362.3148 932158677.2793
38519106.9087 159620578.6404
518745722.6282 996710441.3360
23202723.2910 797956607.7692
312961316.3686 631109773.6448
277220506.2995 427626022.7568
138475728.3319 696427438.1317
119395804.5529 903301433.1340
384162269.8941 661643108.6628
276525221.2621 736646237.4453
205398979.2907 514620427.3361
490439310.1838 669892357.7505
70766011.6956 527198397.7566
559405008.6515 962174799.7243
6918749.9668 433990138.2881
253755549.5195 913503320.3672
513292119.2885 755622513.2599
33964835.1274 995578080.3448
32254706.0547 888604793.7541
347669268.4353 969753726.5168
325453005.6149 611426332.0090
203859116.1183 434389103.3640
16040758.6595 45681506.2732
115628105.7470 636652017.8610
801112953.2898 880091113.6545
413963429.5263 652948754.6228
460434742.1636 930367578.8082
268994820.1340 617450783.0536
237636855.4421 499560396.4520
222340864.2225 782833657.6906
681783781.7919 855525840.4949
369572038.6845 458347379.4521
5233390.5320 85043763.7849
86987384.3459 871691416.9564
339485608.7820 905425910.1542
708033983.9578 778244028.7805
657120232.0037 981818139.6566
440578615.0601 853816206.0205
267941503.4116 771426703.4673
74152192.8018 937346441.3384
370571857.8186 585580630.8157
259212874.7788 410235568.8534
126251767.7246 315101488.5001
200811155.6194 945138568.0778
344642945.1185 515367052.2782
238663799.3065 291085147.2423
986226248.1938 997527583.2717
402298562.9431 590805744.5159
674170662.9843 757405582.7326
436324574.8909 757914497.2110
65991788.6010 243457207.1678
672766568.2194 810951137.5500
453039755.9220 692154996.2296
617648288.9652 828625670.6688
68561227.5042 563240999.0639
351082040.2238 582218109.9548
435103079.0354 461249056.2056
28048748.9942 819103266.2241
121631172.7394 618507123.2316
137001770.2070 551980677.2076
4080086.3577 182074007.4360
216994262.9663 387952313.3897
303428710.9623 574723169.1093
140500536.8865 962956443.6143
128886648.2384 868632618.4390
137231919.5586 503567540.7993
214121481.4869 340576116.7206
672388694.6161 789704297.6077
129551850.4806 961286778.8253
45910801.5144 895836017.8574
56134395.9303 109788267.6158
297594809.2315 673467860.4287
429885992.3419 514168185.2590
73234523.0698 917470678.6241
269942822.8835 877308403.5828
611132793.1190 728347308.1649
150728518.8224 713755119.7486
94109223.7904 275837798.5100
579799757.7108 617167628.8649
708321508.1585 769218427.4683
15676893.5831 311684179.5207
175467826.1585 207253164.8904
721186453.5366 984540350.2616
459360326.7564 577327762.0465
213215259.4923 377496643.2716
143918468.9486 145651241.7475
5199044.8624 540648565.6407
252403687.9142 429207106.2294
98985416.2637 880503853.6272
114679368.1674 195559701.2988
559960410.3912 843087854.5340
186697764.4966 357665958.7790
63399863.9308 558870632.8333
85578280.8253 973249915.6697
222671990.9934 929758776.1928
745443095.2171 838418893.8355
691000555.3402 841915057.3526
353641192.9697 934490246.0730
960609.2280 852469924.3714
119320444.8907 229293696.8302
914645203.8213 934843541.0060
359191635.6602 562800270.2754
495658106.1744 761529367.2126
250196902.9223 519051300.4060
71045572.7544 247374056.4521
542055647.1744 632923511.8428
476284795.7786 766564427.5787
118146902.4385 430975662.4414
383774813.4969 855791857.9898
142478540.2698 971785815.2655
53761841.7031 373174038.0953
161014984.3897 558442272.3595
205172295.5004 846700329.2227
74624264.8304 606218974.6965
183026900.1264 738861496.9146
57661013.8044 72252119.5400
303513981.6087 379874581.1223
112279284.8673 776707962.8934
27658615.7555 799245423.6874
105035887.5610 244730998.0400
450879071.5015 882885908.2152
548473614.5858 622396380.9754
700891853.4220 746517097.0777
724530080.6842 813918930.5736
528221351.3763 615491000.8763
292423826.9482 564381066.9992
151253256.8967 174928857.1231
333669273.2422 938298588.1477
185206164.6546 224677014.5718
418745155.0887 844223146.7333
449747000.7928 839979904.2015
452076755.7542 994754648.3273
108423767.5236 972254415.9021
417727177.0714 504730187.9857
269403464.5559 524200335.5800
133380742.9126 404313375.6230
267174469.0291 516024009.0791
328748678.7487 679381929.0243
55544275.5001 482134663.7087
286184703.3734 878663466.1027
145991248.0937 908963603.2881
53974633.9342 68224006.8394
594499778.6771 933146243.9902
298638211.4361 899900247.2370
735335413.6213 948444583.0900
776809479.5810 954422487.7791
7783436.2086 821255395.5813
7636765.4681 225074070.9499
817071745.9131 969510577.7847
775841447.3189 913044412.8905
642882087.6301 791558575.6154
532563219.6082 631675247.0907
131597313.3173 922076603.7710
548022697.2683 671032897.1057
793734664.3991 853720739.6329
442918696.7046 990580813.0912
524011833.8891 813444698.0987
110589236.5789 996310235.3149
363176846.2464 712712112.8275
854303332.5698 905700247.7009
298481428.4635 553504705.1227
281068239.6469 622092448.9354
494151802.1042 804936869.5089
42360208.4752 191342014.5067
175752690.5600 779242942.5325
74893333.4241 770963859.1698
180070997.5563 958089504.2027
321384648.4469 668361865.6835
471622287.1047 836779558.8355
142420886.9601 278235810.2381
36314757.4504 580928398.9347
230995838.8117 920419517.1380
832167890.2477 905674595.5539
493784172.5906 893687437.8759
1434323.9264 853509546.7830
20299175.9081 715248762.1535
596791760.1707 972376394.2175
37414505.5525 530837139.9971
119708261.8762 845392969.8838
524213347.3930 693794827.2093
464949712.4779 643718034.7100
32807461.0381 452339953.0331
530619132.3818 731066623.9435
468046639.6707 989080764.1025
58827684.5492 635892737.0843
39056096.9405 95935783.1546
301926810.0730 511538150.4818
200806780.5318 694322709.7061
147618963.8885 326653523.8974
357070169.3579 393811499.7722
69410670.2496 798906434.9364
192549178.2391 868982178.7148
266346291.2159 691349176.0044
527772955.8643 985456606.5046
262049075.5318 674806409.1926
380356981.2154 822183723.4152
692485263.6698 881844854.1962
215639483.0511 471814203.6957
290491553.2679 557709307.3384
527609074.1404 679370696.3485
145170860.1077 497062017.9548
483955363.2748 711484405.6448
119773863.1326 547236580.3572
237498459.3124 625911002.5570
226046356.2565 568532687.2509
309512386.7647 372471650.1624
834903294.7189 902126840.3835
35696186.7595 68783780.1330
91331950.6058 155252686.3169
308221521.3767 891506520.7030
367620264.0139 446972959.9894
7688917.4156 675631459.9307
328873448.2710 797246644.4447
45874797.5141 657132364.3756
198888210.3664 569765880.6004
88139507.9060 835415984.0752
194830442.0707 467726423.2159
709109205.2718 713686234.3737
161822362.8597 984734114.6090
122233427.3885 649121900.7545
59373851.9562 444401496.0312
414566949.6802 466076822.9398
203271705.5381 433846965.6515
513875263.6209 885292004.6628
88579069.1233 345234892.4239
421485972.0477 718405695.1461
456579821.8011 737461771.7116
455638602.6555 588564032.6788
500537935.2110 676320820.8554
154973695.0773 856321735.1511
254682225.3192 874201772.0187
149802948.2712 892227931.7649
76691843.9469 487051142.3962
114568763.7499 520413748.8917
521975820.7520 856110301.6038
731250678.5545 781801930.1071
367533871.5424 767289910.5475
53628754.8918 483313687.5731
494661130.1293 741784932.7328
631754646.7275 804030517.9537
40819511.3027 356070871.0684
862458115.6780 893906113.8542
33709568.4477 479335971.4716
622884275.0580 744286777.0965
83363988.4505 608311676.3615
139196422.0561 837305277.3523
434973690.6602 622176453.3061
293447017.1212 371435596.0002
28535625.9473 771402141.3736
518837875.4225 850441005.0706
508359977.8876 930370609.3311
164053377.7557 603835405.9232
219003638.7591 551137775.5217
144583076.2015 217636176.9080
144384066.0795 781579643.8117
378853809.1353 975159421.2836
285941079.0772 337528294.3758
220080062.4843 791594025.1522
238540818.2860 290268183.6813
497686600.4118 856377638.0274
281189314.4272 419080821.8133
280352690.5354 893542435.9065
936854680.5804 941934272.0771
31063136.5771 152478843.3880
532693519.9673 999432161.0211
562879248.5429 694211868.7353
115367357.2050 392632850.7757
690491035.1265 904120050.4158
341742269.9941 639279472.0435
185229802.6373 904513928.7525
477416525.7040 875391985.2702
659369387.2143 869398719.5065
585372041.1283 655456548.1246
143168689.1432 978801353.9980
617233342.8000 891450403.3756
17185333.2347 60924733.5136
9736942.5837 21663919.9262
726263022.4934 942459166.5687
482769718.6808 957133350.5721
169076708.8558 344880281.4853
255723363.1527 480914755.2676
39660826.2676 533959120.8139
165810939.2266 461148669.6314
149908955.6326 338160935.6112
320574085.0284 326859545.8883
17636797.3379 394344104.7416
473795199.5336 828365286.3937
215643460.0925 501114486.4415
888486065.1674 936062734.2616
420901981.5878 862917468.4732
739633304.5756 832295849.9387
425566875.1342 880835680.9989
234163792.4864 446787226.3270
484012473.1720 845510133.6239
347903350.4636 736187822.5750
242969340.4076 437399838.7226
350652217.4469 766883226.8659
336863806.2429 393282854.3519
30778334.9640 567439283.8754
591806684.0937 901458214.9529
281322187.0926 674625168.6616
145687666.2014 426295991.2931
77168229.0456 557974912.0575
458917457.6319 906225262.6938
148543381.4532 711998803.5273
460617269.6911 793502237.4731
2911477.1351 26621350.1230
30720063.6315 235031314.9103
258549842.3473 454782200.6943
866112152.8314 915066331.8391
739160895.6026 944398717.3751
930064701.0503 994581722.9330
88683335.1105 756938510.5608
610794542.7318 916091319.8782
389031358.3957 657351040.0488
589017396.1154 607275817.1506
316910303.7487 507234028.3953
434882278.9924 848150046.2321
845934151.2477 979299783.9946
233157306.2660 245463489.6492
487919075.9091 961503340.7139
252213516.5363 711907318.7909
138399325.2939 971609198.0368
633837848.0316 882906093.2295
390899022.6186 655742100.3890
495399187.8809 924741616.9702
857490427.4173 955398960.4340
125496385.3952 529771499.9351
257658761.9163 702893543.7624
688015946.9218 805665823.8697
115391301.4363 363557356.6311
223103260.4126 693903554.3956
813223206.3538 863020840.9003
175339848.0439 575081536.9678
59333279.7641 710133696.5604
508326124.9692 687222591.2582
629930945.8080 656544834.9808
111816745.7423 656210095.9009
686219580.5740 840433969.3149
636924563.9828 821092940.0841
678176297.2905 736112631.3126
283297895.5539 465234570.8881
123321065.8313 619358860.2884
136433249.6616 965451763.4952
281160119.2010 525915397.5770
28396410.2418 751681617.5062
431050775.1097 839645495.7696
498021506.5100 823615670.5284
887210825.5006 916110819.7923
792237715.1630 821955784.4003
746159394.8196 788727814.2069
58610752.0973 587230745.8004
573446149.5345 804128056.8290
273402592.3373 931472478.8956
204116711.9493 902647504.3986
471968567.8717 545252037.9064
57323385.1185 335883340.5804
108062620.8907 583909026.4727
158691596.2571 556013154.7155
449776458.5134 919844809.0541
659422232.8556 920457840.6199
352881764.0640 954243505.7883
781020984.0550 784427206.8010
103633847.0205 449439144.6697
511460052.7315 573326166.7993
646097300.5486 679830951.1526
30494110.6875 242303704.2032
130125166.5671 996386494.6733
660681421.4325 975808453.3160
470301351.0487 813525989.8567
40069509.0631 358345089.2674
162929966.0350 506099924.1829
211354443.4932 980021266.2780
193942866.9558 905355804.2497
253783148.4325 472022776.8066
31641352.7398 895130989.3042
786347412.4240 988004185.7915
374134701.4339 801794428.8958
618727856.5025 908451535.6331
225854089.5177 931186255.5052
256542513.8720 314028644.8464
449179080.7623 485098286.7315
209833048.8258 590068096.1667
242426531.1035 587227229.7384
306299995.9092 816772482.6164
443312093.6463 823995406.1677
91091226.9667 407345343.3710
705808693.6135 848640911.7433
331587882.7022 416247957.6714
382090931.2553 515132306.6415
744709473.4944 813928835.7271
468512944.7749 562447144.3526
45233451.8498 423816332.7442
3842814.0003 680579114.5346
191111020.4091 717032302.8857
25911271.8226 933325061.1149
158902502.6634 761109775.1772
350226963.0222 751775035.9657
477211186.8214 709256798.2763
589925491.5023 978647779.6179
112176860.8057 536592181.9698
96541525.1618 156166278.6165
9645302.9561 234796943.9810
174184073.3357 348397423.7963
454041966.8355 872148772.0191
319355540.0256 529005939.2121
435876163.1075 585157567.3883
524057518.6167 888370598.1314
141605202.7177 784802849.3469
743954646.3994 821642314.3968
236317803.8294 319552223.1486
595348961.0804 868047065.5902
15428420.7875 972464472.6473
592924660.6140 827340064.2587
69994461.9191 881401866.8674
675939649.9301 742322364.7099
121634740.8439 846186800.6458
461039876.2834 729291474.7899
465540730.9176 802287415.7089
156195098.3644 799042705.6200
108505124.3671 866310044.9673
285724403.8993 558225918.6255
15478550.1376 133309252.6886
196926484.1858 464321053.5042
25902175.8044 301956186.7420
603029303.0933 887225509.6185
186181879.1407 406847657.2637
258318448.2117 429844822.8477
735807412.2761 815071170.4909
678378274.8418 840324494.4004
9678265.3824 208055575.7412
117112192.8410 356635757.2027
571890207.6444 700338006.8591
726668742.3089 806573364.0222
447866660.9304 793761585.4242
382995587.0220 678019999.0861
19321006.5489 924404860.8184
129307601.4150 713736159.4080
269989398.7138 418416271.3576
245123030.3068 255977908.3505
631900017.2682 878574404.7727
212904865.7579 639059832.5044
560082782.9138 760205205.2167
396657271.4971 401784517.6659
500323350.9446 958939839.5925
835781258.4965 959914769.9687
432665903.9945 531313833.9467
510543109.2360 774892081.4363
39674066.3456 752399907.3238
260349649.2310 547889395.5558
310403672.2825 832355805.5429
461271221.2996 886281092.9316
315678173.1300 359941203.4719
900165338.3237 999134564.3434
601969082.7313 836895832.5492
381576567.6021 813917777.5871
840657908.7207 997764358.2680
421435718.6625 423384860.6959
99991617.1166 851642907.0622
400619890.3997 733123607.2809
124497105.5294 723296918.1909
83462200.9093 969509350.3482
736629251.9642 774093697.2119
304164910.9826 792408387.2374
400479869.0926 450118475.6350
632366972.4722 839178460.2848
215152915.4147 474894797.9649
163134561.9440 869463022.7153
652173857.4894 712534076.5842
407553700.6493 659412087.0047
98269267.5530 885169157.6522
360622385.7274 679976079.9197
59719230.5695 254315880.5049
465513780.4178 918016131.9218
321159896.5327 626637199.7955
272180447.4580 891956574.2404
120009662.7462 543774599.0251
204919786.7139 656701327.3656
368401599.3582 902982428.7600
357293932.3808 359387319.4513
300003581.6049 389167294.4320
212437042.6295 373649478.6673
374246945.1479 801786246.2428
394900495.9830 759959565.5352
241516728.5718 456072745.7146
610122294.3913 898282145.2369
63600808.3865 913480781.1762
929606760.3627 971428182.3975
26705377.9772 585552220.1651
97363961.3811 988375517.7249
420995918.4344 717844013.4600
31035443.4089 313445958.7306
447171287.4687 609348032.4677
60068316.9677 609499709.9721
206111249.9697 423720475.3779
633622408.7390 687077966.7591
530608292.8372 531414243.3939
126888339.3395 531309850.3036
23013476.6346 314704072.6098
64747099.0053 741949292.0127
495944086.7151 940826354.0596
247201823.3702 452420635.9879
545726849.2598 625929249.8644
431465776.2251 484248953.7417
313599091.1655 623442871.8815
232666323.7871 543054313.6272
337772024.8939 722210463.5906
280065796.6295 368329851.0892
462267431.0324 595656234.9518
182157944.5689 600416271.7552
572601094.6143 737873992.0607
273765454.7085 655397551.0213
841687180.6604 890097664.7868
447282055.3710 766089223.5599
84249211.8462 869069945.5309
114042150.5967 692263712.0596
298334515.6441 370697796.9040
374997314.7223 714364661.1934
125522955.3568 428032865.4736
812887372.7712 916886049.4207
76147052.1056 351031019.7711
512922415.9057 974748754.2642
327534872.4898 979039832.3002
466212096.1385 747409174.9936
420597717.0529 690645071.5622
367484127.3403 677531359.7328
182970965.0127 243071517.1701
18405475.1611 738549256.3395
150084358.7730 926052251.0632
466047550.8061 817666482.1282
440435195.4296 997328865.1188
155160268.5707 398908204.1583
312670329.0641 851139201.8162
802722276.1057 937632729.8143
517990078.4149 686687167.4543
287143517.2690 318676188.1791
134363438.7167 500648866.9032
189525558.4758 624001026.2941
122993463.8764 154644379.9864
595622464.1612 798686225.7386
375548919.4819 379763106.7886
857198130.2433 945604370.2953
159630342.8770 603087508.5693
159421650.6462 972676612.0157
233339902.7180 953603403.5266
185234046.4776 753599294.1115
181279874.5694 554044203.7567
153534208.3437 244463727.7780
26770696.6289 511817257.1628
34444591.5322 301030552.4866
45021346.1003 750543849.4079
84961787.5372 620652474.2052
185167349.3371 911687084.9234
636998676.0982 892346340.2891
501246768.5669 681272441.7548
500383031.4615 513638756.3393
236481632.5950 812638963.3745
426112136.8537 870021828.3040
478288368.1049 735385426.6143
375944640.3547 718278321.6904
249576486.9325 662313445.0771
111483907.6824 364829607.6822
83325448.8308 677236329.0649
576436896.9823 903038381.2213
383288845.4596 554411517.6572
736952041.1910 836245556.8089
194301143.7877 725455611.7858
454734126.9501 560377518.0789
792746818.7620 957634013.4731
308758666.2997 913969756.2529
422645149.8339 839035088.8580
343335268.4799 568378975.0218
257174378.9806 569515869.6702
584210599.2762 986188647.2699
74428124.2041 321446008.4809
175444153.1756 706012980.0610
129133626.1881 603112831.5946
12245779.6217 452851610.6752
287973452.4224 295771419.6205
247222468.7534 566963473.8163
180257963.1046 879528075.7422
101252705.0268 898688133.2328
93790490.3596 948298504.2708
68119326.2294 490737838.1847
788372410.4045 842139984.8788
270323609.2712 790412965.7922
667420079.1763 959460950.6127
232247399.8096 880660936.5520
2289468.6711 939631500.4634
31495751.1713 945364171.3397
640704757.9012 872631192.8330
418718193.8431 937827445.2900
65758764.8386 322050694.0538
210772570.9620 863834796.8115
283728053.5885 417796337.8389
393236275.7588 700443737.7519
70927375.4529 170693377.2565
755019913.6834 790772496.3069
13176327.9276 281796260.9979
531502769.5998 824448929.2501
48675959.9798 644818173.7909
134967123.4314 607163191.5171
469026759.0244 596501513.6876
269998841.0408 410186619.5070
741684238.3838 763353051.8608
299503391.5052 897303060.5207
334443905.8894 364252626.9390
20725656.0826 266162141.7394
663902772.3044 823549672.6073
778845763.5008 891563441.1744
4498755.0530 20691732.2479
383162576.1764 702788917.6525
708529546.4505 918074867.6069
2377232.2588 89964882.0461
97511199.7885 194377916.0076
184684082.3958 923509057.6097
860887464.8052 906001985.9809
447188765.3959 748688198.1318
23599348.7750 34119931.6760
186876718.8596 714394185.0757
263218946.4203 461187165.6573
297664935.2463 475135492.5949
387852872.1130 453874077.9849
26406590.5498 59441992.0604
229721176.1763 259078024.0255
29001590.1078 282047908.7670
190645389.0489 563600336.3139
247596265.5348 588169609.8536
676179548.6283 889376062.6125
220806821.0932 579298799.0017
416734009.2179 896398261.2192
19032420.0831 353269956.0622
42397120.9257 589800022.2950
44681011.0981 516550382.6109
698205294.0672 750634374.4225
129257838.1788 796468451.8364
126010133.4830 164991267.1970
354105417.9083 699145058.5875
48736389.9116 928556990.5584
538537225.0791 698198876.8824
597650546.6991 907403665.9330
370211688.2551 631038993.6912
524873922.4939 796498321.4170
617192887.5756 780072231.1197
452504219.1342 869674218.9385
291656550.7921 492506316.7184
390106874.7468 627738515.8122
435887056.6867 719073339.8288
116007808.8435 549556815.3132
502791620.2399 949562285.7596
16271483.6610 48250472.3751
125875105.8968 686717184.5534
333297434.7436 575351575.2583
646786083.3658 799162915.2388
373128680.3370 722760898.6267
127156041.8770 742342268.8061
313095148.4505 387425736.6182
242435569.7141 854497695.4402
215833117.2275 735695088.5866
207466507.4409 304106624.1496
213105618.0250 279127182.3330
135756564.9869 329393547.3820
127603052.2985 824078192.7716
287494973.3444 589934799.5141
69663879.0263 311767694.5135
732463239.2585 923367005.7221
71562636.4273 848658209.9143
227441598.3030 351348650.1057
353789340.9034 981634530.5246
24099053.9460 98690710.1077
534668516.0059 771294959.2287
100672791.3890 656535100.2190
30808886.1111 858748962.8262
19313448.9705 498643781.0021
66103297.6298 237666484.0200
6142054.9672 295634625.6348
128259245.4050 352715151.7694
139769169.8652 844436574.7847
690337810.4284 789544906.2523
775895772.6109 891783254.6389
291899161.3321 506022559.2708
26139255.8128 78436682.0404
594291167.4980 609882364.2265
84687957.4870 417727778.3572
641520648.4512 809690292.0239
818662852.2777 955703128.2564
82560349.0871 961343369.2593
420493062.5443 522331524.8119
348872911.8011 502235123.6923
411043111.4187 479699396.5946
118343931.4047 305281434.2589
51643867.9793 209833441.3464
344885712.8468 425837610.6521
420864085.7716 950862117.6053
317718378.0648 791897374.6353
414908131.5807 933712470.0793
129804902.6795 572964016.5455
843776518.2313 968432501.2544
5618610.1858 114898562.2276
515458888.5437 784571453.0590
779049377.5858 841731345.9824
460076315.8213 660394202.7095
329455870.5110 731157324.8752
640434563.3381 882092557.0010
183471195.6382 649514578.6718
497470807.1325 960172525.1403
746938830.8306 985495779.9529
102947645.8741 158504337.9688
637625553.7823 987022980.3839
75369108.9487 559865495.0939
159926134.0108 970878330.8341
326880564.9028 747025310.9555
567291557.4714 853547676.6950
423955289.0233 669051463.4668
451987723.1281 631845863.4439
495812828.0155 901631179.7969
286323833.1122 987834581.5079
874794874.4628 936729559.5290
474955926.9711 575215833.0972
298729870.4030 541902548.9688
320511531.9477 592702697.9147
4822564.1721 792218971.5707
218648844.8360 662267763.5778
74892085.5721 261021854.2830
249691635.7530 775735949.4457
310920658.7427 369451638.2586
344423527.2427 435745145.1055
183523345.5939 545902748.3798
443731849.4717 647096764.3147
350613647.1315 485445631.1451
61871908.0938 402855635.1407
202941081.3486 641374778.8628
288887436.4717 333708295.3329
607611217.5419 673407197.3169
603154003.3859 785532121.6180
22309923.5879 174210092.2070
798578048.8716 948269994.9157
95060957.0531 284916234.1072
152551885.2551 974946864.2244
24525146.2098 522360120.9046
566908345.2198 594824198.7517
883097562.9603 967089941.3645
344016815.4678 958336252.2008
410816386.7972 947750481.1244
59849490.4027 451330956.5239
125566859.1002 590166874.9110
205111623.7950 827274188.3808
163230405.1913 753131515.0426
108556437.5598 541336693.1377
50863091.5479 274302641.8439
682284556.1351 834089137.2547
103468516.5021 764630139.8944
595887538.0609 809006550.3602
500746629.7389 835295155.2127
575899209.1126 925947694.9538
254682676.9342 375976382.8619
