616 957
139 827 484 778 758 521 837 664 492 811 730 182 437 604 387 538 17 300 807 736 946 49 198 478 610 797 555 701 790 523 9 281 702 845 59 461 366 248 125 211 59 208 745 496 812 132 386 181 785 194 918 731 243 468 561 205 266 117 259 56 992 268 337 694 114 748 507 832 996 985 395 55 193 141 551 357 625 289 539 762 483 809 494 78 277 407 636 895 524 895 303 868 515 992 915 981 740 422 166 736 759 561 143 952 54 46 662 32 336 553 794 171 362 640 250 991 48 238 887 924 133 190 793 648 535 60 982 275 482 148 364 594 709 507 546 764 554 560 148 890 113 942 413 827 583 663 819 983 901 58 907 386 600 52 387 135 112 369 411 947 517 127 541 578 634 439 694 540 0 842 782 465 785 196 293 720 211 112 703 465 170 610 851 122 663 590 258 127 959 21 74 828 148 615 407 782 55 101 675 407 944 457 872 729 653 165 801 217 629 504 682 151 466 533 274 481 476 532 609 435 553 35 264 53 651 671 835 58 124 862 465 68 320 689 149 325 855 950 542 836 806 224 988 273 110 614 106 586 498 67 373 403 103 989 456 754 12 643 164 137 506 629 205 826 318 707 503 525 9 46 714 816 622 54 441 84 668 547 22 166 967 748 921 70 737 377 176 750 20 340 887 526 321 444 704 991 151 208 869 161 606 583 329 580 989 770 17 657 669 39 175 636 787 96 58 877 473 234 627 845 926 514 372 599 310 76 591 462 636 812 975 594 747 304 175 736 426 192 393 95 583 920 84 723 368 142 600 193 729 227 38 655 93 410 607 403 839 198 217 827 362 544 422 109 200 597 845 626 141 590 74 76 862 510 799 230 652 399 423 733 978 461 389 71 224 996 827 415 546 396 242 260 941 16 369 141 965 566 120 106 508 194 183 370 704 982 952 708 734 375 442 712 188 183 136 764 531 963 531 429 711 126 689 652 142 410 146 108 976 266 566 484 812 101 206 868 436 158 576 170 885 370 234 425 905 370 542 436 685 73 865 397 199 906 401 342 316 899 802 292 165 368 128 329 470 686 197 906 844 126 428 81 848 662 507 754 385 49 190 422 474 408 819 674 666 573 368 983 472 170 627 990 890 108 319 360 794 869 618 639 995 46 72 843 61 579 949 446 980 140 868 455 900 40 481 566 965 849 901 437 371 529 779 613 989 451 974 783 320 944 774 667 343 847 862 404 778 812 202 759 304 70 566 204 462 399 122 427 248 24 217 971 905 996 584 894 447 910 29 119 207 804 786 550 651 1 306 429 813 508 540 117 930 106 673 745 505 795 172 105 171 741 428 428 738 365 674 537 275 704 9 834 508 795 384 511 796 42 292 961 550 833 78 833 291 103 578 149 251 102 606 422 844 35 203 934 
raise 33 550 28
sum 169 446
sum 37 274
raise 185 321 598
sum 384 491
raise 481 529 625
raise 587 615 410
raise 474 518 569
sum 388 517
raise 555 603 16
raise 108 506 528
raise 441 562 506
sum 354 423
raise 109 267 623
sum 91 612
raise 374 605 119
raise 98 106 45
raise 170 270 22
sum 75 85
sum 326 370
raise 81 272 462
sum 121 587
sum 237 610
sum 479 605
sum 236 594
raise 235 466 413
raise 58 264 183
sum 23 215
raise 261 348 692
sum 155 442
sum 385 412
raise 32 107 731
sum 497 510
sum 10 281
sum 131 244
raise 43 415 913
sum 273 436
raise 80 265 802
raise 211 261 318
raise 29 399 727
sum 556 583
sum 12 436
raise 293 597 487
sum 224 280
sum 37 419
sum 8 227
sum 87 492
sum 450 501
sum 287 488
sum 271 486
sum 237 577
sum 248 396
raise 528 540 986
sum 288 419
sum 90 455
raise 316 462 767
raise 85 354 822
raise 122 251 974
raise 377 521 709
sum 34 338
raise 269 370 309
raise 34 358 272
sum 288 557
raise 186 408 439
raise 135 384 554
raise 453 577 32
sum 30 53
raise 21 497 382
raise 421 558 997
raise 274 469 157
sum 164 429
sum 466 614
sum 101 614
raise 381 404 754
sum 365 491
sum 79 546
raise 103 576 228
sum 432 532
sum 241 488
sum 366 477
raise 118 289 71
sum 126 281
raise 198 572 587
raise 378 567 175
raise 404 460 250
sum 363 585
raise 431 552 310
sum 174 177
sum 456 542
sum 124 195
sum 473 556
sum 137 428
raise 239 263 884
sum 286 581
raise 62 381 13
sum 88 315
sum 370 389
raise 79 87 231
raise 226 268 74
sum 124 285
sum 88 574
raise 196 350 673
sum 51 481
raise 112 397 522
raise 578 591 419
raise 250 516 10
sum 323 480
sum 126 209
sum 29 250
sum 337 602
raise 182 222 790
raise 198 412 299
raise 508 524 621
raise 18 49 861
sum 297 298
sum 156 312
sum 56 281
sum 66 84
sum 70 554
sum 159 403
raise 84 600 208
sum 266 377
raise 61 246 373
raise 133 217 349
raise 249 271 991
raise 179 530 355
sum 414 456
sum 1 483
sum 269 523
raise 376 405 798
sum 64 137
sum 363 382
sum 50 115
sum 478 537
raise 137 144 419
raise 403 449 650
raise 283 517 431
sum 452 551
raise 212 491 393
sum 348 585
sum 265 484
sum 314 598
raise 327 519 559
sum 198 519
raise 351 600 473
sum 251 546
raise 17 378 606
raise 505 507 451
sum 224 388
raise 91 188 685
sum 73 370
sum 127 571
sum 324 474
sum 360 459
raise 371 611 725
sum 410 524
sum 257 453
sum 423 512
raise 120 276 178
raise 385 543 626
sum 96 441
raise 338 419 178
raise 149 261 992
raise 295 324 234
sum 117 118
raise 105 513 360
sum 161 215
sum 104 523
raise 30 492 943
raise 328 588 822
sum 117 265
raise 266 347 576
raise 54 117 66
sum 387 444
raise 283 485 57
raise 182 212 288
sum 318 470
raise 401 476 57
sum 164 355
raise 3 502 117
raise 126 543 251
sum 260 575
sum 222 402
sum 95 422
sum 458 603
raise 226 463 997
raise 247 279 103
raise 17 429 667
raise 305 466 544
sum 457 582
sum 252 540
raise 473 477 11
sum 103 148
sum 96 98
sum 53 558
raise 189 331 395
raise 137 499 934
sum 351 602
sum 316 378
sum 240 348
sum 100 434
raise 151 534 27
raise 339 559 561
sum 501 601
raise 225 467 891
sum 350 574
sum 403 560
raise 473 511 187
sum 177 204
raise 21 429 100
raise 346 403 804
raise 345 553 397
sum 73 238
raise 60 76 953
sum 17 336
sum 112 574
sum 511 584
raise 171 224 160
sum 36 537
raise 323 381 689
raise 144 203 536
raise 346 369 612
raise 405 555 301
sum 150 274
raise 383 558 878
sum 344 359
raise 86 325 645
sum 140 288
raise 276 495 102
raise 273 384 377
sum 228 521
sum 308 319
sum 592 609
sum 86 511
sum 324 430
raise 138 512 319
raise 219 383 941
raise 70 97 494
raise 598 605 749
sum 362 556
sum 64 400
raise 191 392 349
raise 334 478 787
raise 28 455 47
sum 109 498
sum 55 519
raise 124 228 456
raise 210 265 883
raise 205 508 676
sum 44 208
raise 113 445 318
sum 370 388
sum 334 379
sum 23 215
sum 77 269
sum 200 497
sum 90 463
sum 44 514
raise 213 405 217
sum 383 572
sum 310 400
sum 64 324
raise 86 549 228
sum 299 340
raise 131 568 248
sum 303 535
raise 275 584 660
sum 373 480
sum 435 509
sum 219 605
raise 219 542 658
sum 163 526
raise 208 422 286
raise 311 508 934
raise 194 284 493
raise 251 481 159
sum 142 344
raise 163 363 157
raise 277 410 934
sum 156 555
raise 577 593 139
raise 255 369 364
sum 46 440
sum 292 412
raise 276 283 924
raise 130 424 930
raise 234 321 259
sum 227 387
raise 237 382 294
raise 72 295 215
raise 135 469 812
sum 191 421
sum 3 494
sum 158 573
raise 238 475 487
sum 200 244
sum 6 586
raise 359 539 536
raise 37 41 859
raise 370 510 417
raise 175 509 652
raise 392 511 212
raise 136 397 482
sum 457 491
raise 235 462 152
sum 384 416
raise 335 604 178
raise 526 543 68
raise 34 263 646
raise 166 237 60
raise 317 369 550
raise 51 206 878
raise 437 571 956
sum 455 490
raise 360 443 106
sum 108 504
raise 115 522 2
sum 160 442
sum 341 373
raise 84 193 927
raise 134 529 83
raise 19 579 732
raise 418 562 980
sum 101 591
raise 234 273 628
sum 319 478
sum 254 455
sum 92 211
sum 48 294
sum 112 580
sum 70 131
raise 22 483 365
sum 63 425
sum 498 525
raise 181 431 642
raise 133 298 826
raise 90 160 486
sum 213 536
sum 324 499
sum 104 454
sum 12 586
sum 436 550
raise 25 345 901
raise 61 486 831
raise 155 181 580
sum 340 376
sum 295 553
sum 139 329
raise 405 432 506
raise 313 553 167
sum 56 133
sum 13 264
raise 225 285 839
sum 439 458
raise 51 181 979
raise 269 354 128
raise 218 440 169
sum 117 125
sum 150 438
sum 106 358
sum 5 270
raise 289 494 589
sum 264 541
raise 257 314 396
sum 301 526
raise 469 518 648
sum 86 367
raise 206 340 653
sum 445 511
raise 51 250 327
sum 492 579
sum 40 139
raise 296 452 239
raise 154 357 273
sum 19 207
sum 292 537
raise 34 260 830
raise 240 301 449
raise 173 351 90
raise 18 288 679
raise 77 503 794
raise 478 515 943
sum 259 442
raise 270 355 455
sum 303 605
sum 229 372
sum 101 513
sum 222 252
raise 45 422 803
raise 498 595 155
raise 578 608 110
raise 176 373 367
raise 399 445 883
raise 346 540 488
raise 86 426 216
raise 40 459 815
sum 212 461
sum 342 494
raise 333 456 6
sum 114 494
sum 319 605
sum 242 254
raise 177 587 328
sum 437 548
raise 323 432 955
raise 302 318 855
sum 179 379
raise 95 171 800
raise 270 360 214
sum 140 410
sum 35 454
raise 157 189 424
raise 161 309 880
raise 236 614 52
raise 92 273 971
sum 488 514
raise 289 383 766
sum 178 390
sum 392 469
sum 306 571
raise 494 612 367
raise 304 566 774
sum 337 611
raise 146 238 780
sum 135 478
raise 244 576 997
raise 401 422 962
raise 4 177 867
raise 73 609 660
sum 183 582
raise 419 501 623
sum 243 347
sum 62 232
raise 245 362 929
raise 374 407 886
raise 186 255 765
sum 304 370
sum 118 515
sum 83 233
raise 37 117 68
raise 279 284 774
sum 42 498
sum 244 395
raise 34 304 774
sum 371 550
sum 247 304
raise 196 354 244
raise 362 586 639
raise 350 398 868
sum 17 25
sum 50 66
sum 309 597
raise 284 494 161
raise 10 248 199
raise 302 313 338
sum 581 597
sum 240 326
raise 125 259 718
raise 142 506 559
sum 345 572
sum 125 416
sum 201 446
raise 77 210 635
raise 58 87 267
sum 203 464
raise 64 88 186
sum 364 391
sum 281 505
sum 384 388
sum 242 339
sum 168 384
raise 397 495 744
sum 283 503
sum 77 371
sum 42 218
raise 103 457 565
sum 493 505
raise 13 309 232
sum 406 481
raise 173 609 50
sum 203 366
raise 19 405 649
sum 311 594
sum 64 171
sum 273 521
sum 261 302
sum 41 610
sum 205 226
sum 180 610
raise 149 318 889
sum 51 211
sum 112 607
sum 89 453
raise 412 516 372
raise 220 566 73
sum 48 257
raise 158 461 300
raise 455 606 763
sum 139 378
sum 341 588
sum 83 483
raise 319 323 763
raise 270 485 106
raise 390 434 409
raise 30 132 506
sum 457 559
sum 90 549
raise 3 224 860
sum 192 590
sum 208 463
sum 67 440
sum 308 336
raise 277 361 835
raise 293 319 410
raise 205 496 310
raise 137 547 520
raise 86 121 187
sum 114 465
sum 463 550
raise 286 589 777
sum 253 489
sum 10 231
raise 480 492 271
raise 80 227 681
raise 305 309 778
sum 411 578
sum 524 578
sum 424 458
raise 245 582 117
sum 106 454
sum 488 615
raise 364 478 364
sum 380 595
sum 72 499
raise 2 299 477
sum 142 385
raise 84 192 334
sum 111 436
sum 344 564
raise 98 192 616
sum 111 543
raise 482 522 536
raise 100 556 558
sum 101 446
sum 214 242
raise 477 558 506
raise 122 529 161
raise 69 576 790
raise 96 140 770
sum 208 293
sum 84 468
raise 183 489 355
raise 14 318 124
sum 32 72
sum 43 593
sum 164 548
sum 44 384
raise 85 183 600
raise 400 607 195
sum 74 343
raise 216 408 642
sum 533 586
raise 1 136 712
sum 44 172
sum 207 256
sum 299 591
raise 17 59 435
raise 311 416 82
raise 325 384 360
sum 76 398
raise 144 367 728
sum 367 409
sum 117 410
raise 153 372 103
sum 206 320
sum 24 374
sum 173 486
sum 183 253
raise 116 160 493
sum 39 357
raise 106 470 466
raise 3 581 267
raise 307 385 737
raise 82 126 315
raise 257 284 486
raise 390 396 840
sum 30 85
raise 26 538 740
sum 27 307
raise 271 540 58
raise 250 538 723
raise 136 507 508
sum 18 500
sum 9 225
raise 150 539 43
raise 104 577 481
sum 279 414
raise 256 356 871
raise 123 519 996
raise 474 529 648
sum 102 433
raise 448 601 818
raise 127 242 635
sum 171 361
raise 308 499 435
raise 85 256 42
sum 318 600
sum 179 317
raise 174 417 907
raise 128 233 280
sum 105 405
raise 8 232 248
raise 330 446 444
raise 294 558 677
raise 345 419 458
raise 102 297 617
raise 68 427 718
sum 352 453
sum 52 608
raise 45 375 936
sum 39 309
raise 10 56 423
sum 334 503
raise 271 383 224
raise 109 372 559
raise 136 329 141
raise 23 140 94
sum 260 264
sum 235 395
raise 192 239 862
raise 538 593 71
sum 442 562
sum 161 435
sum 537 543
raise 56 407 699
sum 78 605
raise 243 404 407
sum 182 353
raise 80 420 497
raise 56 173 782
sum 150 373
sum 120 534
sum 199 606
raise 197 605 352
raise 86 426 484
sum 383 489
sum 206 271
sum 161 350
sum 406 409
sum 155 220
raise 21 128 301
raise 462 527 87
raise 451 534 290
sum 189 343
sum 213 395
raise 149 570 207
sum 266 269
raise 58 58 29
sum 152 365
sum 537 567
sum 413 448
raise 399 606 302
raise 271 328 730
raise 183 201 229
sum 288 393
raise 46 554 963
raise 255 391 915
raise 78 204 532
raise 28 59 414
raise 48 222 213
sum 85 540
sum 142 276
raise 8 616 800
sum 53 74
raise 200 305 887
raise 311 534 938
sum 145 184
sum 159 203
raise 251 533 463
sum 1 459
sum 118 143
sum 277 294
sum 221 350
raise 191 346 893
raise 230 421 913
raise 279 323 180
raise 525 606 287
raise 77 522 611
sum 426 535
raise 188 443 912
sum 250 575
sum 295 595
raise 87 215 652
sum 265 456
raise 123 287 623
raise 276 307 350
raise 115 383 397
raise 76 288 566
raise 317 487 726
sum 371 459
sum 57 294
sum 36 173
sum 164 294
raise 443 450 645
raise 133 149 867
sum 65 263
raise 490 504 72
sum 204 548
sum 154 303
sum 132 234
sum 456 552
raise 3 55 791
raise 145 604 320
raise 250 429 936
raise 48 290 642
sum 178 428
sum 381 511
raise 70 197 79
sum 324 328
sum 167 348
sum 202 321
sum 308 346
raise 310 556 677
raise 58 325 731
raise 131 167 995
sum 84 84
raise 305 433 128
raise 264 296 431
sum 50 147
sum 324 348
raise 84 229 891
sum 246 418
sum 303 407
raise 433 574 635
sum 122 193
sum 497 554
raise 24 233 877
raise 231 364 662
raise 96 154 948
raise 197 389 674
raise 333 614 116
sum 29 440
sum 386 531
raise 36 553 365
sum 145 507
raise 108 390 823
raise 219 361 636
sum 456 578
raise 188 511 473
raise 227 322 752
raise 21 145 683
sum 109 509
sum 169 230
raise 61 375 876
raise 6 488 632
sum 108 274
raise 106 221 403
raise 130 419 20
sum 133 254
sum 426 606
sum 70 498
sum 50 300
raise 210 262 333
raise 73 134 685
raise 219 332 544
sum 69 324
raise 199 279 330
raise 364 452 637
raise 228 353 842
sum 165 252
raise 168 374 147
raise 266 365 572
raise 175 266 69
sum 111 138
sum 313 416
raise 353 544 115
sum 247 438
raise 10 304 206
sum 230 468
raise 378 461 243
raise 195 210 283
sum 369 516
sum 37 479
raise 327 604 534
raise 295 492 226
raise 106 269 796
sum 81 517
raise 197 282 71
raise 515 548 214
sum 136 194
sum 35 128
raise 54 223 714
raise 323 473 746
raise 511 553 426
sum 178 529
raise 258 487 943
raise 359 502 873
raise 48 221 294
sum 78 579
sum 337 586
sum 83 341
raise 320 350 222
sum 99 214
sum 11 544
sum 34 185
raise 175 544 313
raise 127 184 567
sum 228 373
raise 494 609 739
sum 180 219
sum 499 568
sum 248 389
raise 175 251 32
raise 512 531 422
raise 285 458 745
sum 149 563
raise 57 327 375
sum 145 551
sum 305 324
sum 256 358
raise 180 605 558
sum 67 316
raise 211 597 736
raise 525 590 806
raise 7 434 61
sum 19 491
sum 163 577
raise 265 486 768
sum 227 228
raise 368 565 867
sum 15 61
raise 147 300 712
sum 217 360
sum 187 367
sum 61 83
raise 173 270 136
sum 589 595
sum 28 358
sum 261 414
raise 479 613 585
sum 443 522
raise 178 374 911
sum 2 598
sum 237 526
sum 42 321
sum 465 582
raise 96 498 341
sum 29 606
sum 25 198
sum 234 573
sum 15 278
sum 192 529
sum 67 325
sum 235 303
sum 91 496
sum 56 344
raise 151 225 404
raise 120 366 116
raise 35 296 689
raise 70 275 497
sum 255 413
sum 274 473
sum 44 159
sum 134 190
sum 341 533
raise 27 294 982
raise 195 439 198
raise 271 276 263
sum 107 550
sum 56 207
sum 329 603
sum 204 372
raise 41 148 981
sum 274 381
sum 103 559
sum 109 298
sum 127 350
raise 9 12 854
raise 8 271 70
raise 287 474 36
raise 26 561 509
sum 89 137
raise 53 362 603
sum 1 34
raise 298 304 888
raise 381 612 968
sum 90 394
raise 255 389 219
raise 59 444 828
raise 558 561 438
sum 169 264
sum 258 370
raise 513 555 435
sum 336 500
raise 459 496 105
sum 388 508
raise 26 235 205
raise 445 491 266
sum 139 435
sum 140 554
raise 45 195 168
raise 91 179 503
raise 50 72 84
sum 126 245
raise 18 136 490
raise 273 612 964
raise 75 271 693
raise 221 257 657
raise 454 497 573
raise 123 383 809
raise 432 573 164
raise 201 531 744
sum 85 130
raise 277 357 728
raise 84 352 580
raise 304 414 616
raise 251 434 335
raise 522 556 237
raise 64 337 700
raise 45 264 703
sum 129 151
raise 21 579 669
raise 271 314 838
sum 15 110
raise 198 418 777
raise 176 259 948
sum 114 599
sum 113 462
sum 157 483
raise 169 285 441
sum 131 531
raise 186 597 330
raise 133 447 708
raise 86 135 757
raise 293 545 312
raise 427 559 476
raise 332 573 61
raise 126 616 408
sum 408 495
raise 216 388 861
raise 142 198 690
sum 227 418
raise 24 347 471
sum 200 562
sum 121 139
raise 96 452 299
raise 221 525 804
raise 334 403 354
raise 252 344 469
raise 113 536 849
sum 119 541
raise 30 373 797
sum 284 438
raise 271 610 355
raise 257 370 867
raise 534 554 493
raise 92 599 291
