788 57
521 692 705 184 815 664 279 168 276 624 884 105 877 495 371 785 351 332 626 900 300 129 40 901 959 400 310 467 511 449 875 384 141 933 568 956 597 200 476 873 176 360 330 405 207 53 543 558 738 169 810 390 650 850 291 609 603 953 429 466 403 656 851 544 589 771 853 186 323 329 411 500 42 741 257 249 147 152 160 237 673 970 627 324 821 919 285 776 224 714 242 627 371 93 524 960 217 377 499 540 58 910 392 452 4 650 702 151 802 214 388 476 184 367 152 357 638 437 133 863 152 728 490 875 173 14 187 390 743 686 931 802 949 323 606 953 325 308 456 128 874 196 956 59 563 108 416 202 545 902 65 49 630 907 276 155 922 464 546 665 502 477 819 451 152 426 404 478 86 212 958 961 408 266 372 972 726 140 174 623 42 591 673 24 498 949 180 772 765 78 790 620 907 609 71 59 387 828 889 474 40 199 787 449 465 159 773 191 651 299 815 46 890 840 70 740 141 602 513 907 680 303 879 587 264 950 999 652 130 240 478 523 440 617 324 905 128 97 449 779 748 616 825 990 808 248 730 949 202 595 208 883 250 87 822 867 390 173 519 872 414 349 395 854 966 719 111 446 168 912 225 916 528 403 906 336 651 989 638 853 936 846 88 539 286 263 406 676 788 925 548 202 626 296 408 944 15 872 390 536 784 967 804 665 370 711 353 373 52 991 579 340 190 19 879 476 634 285 504 423 562 404 977 188 700 738 484 68 610 874 604 746 194 408 411 916 471 117 290 875 108 221 216 650 592 95 126 227 381 982 2 943 387 979 484 87 717 968 507 679 195 111 426 389 872 189 305 695 306 947 571 767 520 139 417 113 234 896 692 967 230 694 263 617 673 99 57 743 67 564 774 614 28 552 355 900 742 661 947 400 960 870 519 481 9 289 946 596 185 638 915 767 332 178 385 357 629 794 452 49 358 227 663 386 779 19 638 873 32 938 626 992 808 145 825 818 434 771 414 971 409 329 739 93 860 476 451 489 270 255 538 628 482 554 367 614 573 357 839 957 647 465 949 456 611 127 274 397 250 40 721 660 721 460 105 933 936 556 775 558 812 313 186 646 219 905 612 144 615 452 101 262 917 403 718 880 530 344 630 780 736 351 792 458 163 898 743 451 806 518 9 970 184 547 969 403 453 581 548 420 33 1 682 303 404 753 183 286 97 165 419 186 516 211 644 679 461 739 130 620 258 491 942 442 39 911 197 492 493 97 912 526 99 946 829 503 699 365 142 149 530 561 335 399 124 331 78 938 70 561 558 680 404 500 122 443 764 672 287 257 769 551 783 868 498 965 724 549 330 218 698 860 779 33 611 255 364 690 193 787 603 103 467 7 956 942 803 720 614 90 329 735 642 112 604 492 77 680 41 759 898 740 972 29 125 583 636 490 625 182 277 580 637 96 588 945 38 391 17 4 833 346 740 475 459 696 967 888 728 9 0 978 101 324 7 226 907 995 68 533 177 697 465 167 794 405 112 184 148 130 189 982 476 929 457 287 625 777 528 705 138 880 683 591 204 42 817 111 37 886 996 567 935 462 734 729 867 846 914 16 976 103 350 805 384 807 92 361 936 972 66 426 852 749 17 56 791 835 520 180 73 516 747 8 330 481 90 550 328 4 566 656 459 268 461 195 75 906 556 364 230 974 790 83 723 160 491 866 347 11 46 772 880 794 780 210 275 222 760 955 578 678 612 389 946 425 584 374 683 492 90 914 466 232 349 189 392 840 407 91 204 454 863 84 600 996 646 227 
raise 159 772 798
sum 498 652
raise 273 605 815
sum 429 440
sum 527 619
raise 152 664 712
raise 217 284 838
raise 149 728 537
sum 151 249
raise 134 188 547
sum 51 215
sum 218 612
sum 252 657
raise 443 734 921
raise 319 355 622
sum 348 571
raise 287 675 827
raise 60 393 358
sum 189 248
sum 254 403
raise 77 620 664
sum 445 684
sum 99 589
sum 155 373
raise 142 682 716
sum 524 550
sum 155 451
raise 620 636 412
sum 172 335
raise 368 567 322
sum 610 651
raise 48 665 812
raise 28 249 203
raise 551 665 661
sum 173 269
raise 7 379 430
raise 44 613 574
sum 132 203
raise 353 369 646
raise 469 523 902
raise 18 271 206
raise 246 617 778
raise 248 646 140
sum 272 582
raise 20 315 33
raise 452 649 789
raise 24 776 962
sum 448 770
sum 2 744
sum 217 371
sum 196 572
raise 400 430 585
raise 8 193 752
raise 191 278 162
sum 123 598
raise 102 586 579
sum 8 506
