324 320
392 100 770 718 39 487 966 965 637 464 225 285 255 41 818 738 415 388 157 488 739 289 303 735 269 996 280 332 632 955 3 376 55 774 94 446 613 60 412 250 524 637 536 132 30 706 870 445 447 379 286 538 669 589 626 290 937 906 974 921 861 978 297 268 104 743 714 717 156 126 968 32 763 856 164 146 562 387 591 361 118 877 900 139 818 526 429 108 784 756 29 997 86 679 265 190 774 979 907 930 106 227 963 221 83 479 367 998 218 311 359 337 188 611 476 359 137 258 819 273 366 200 270 452 231 535 642 6 867 901 288 973 129 251 546 564 83 266 562 301 577 274 990 117 237 819 828 375 429 647 0 795 848 271 247 79 158 889 437 25 790 726 350 271 977 897 836 412 163 750 66 92 376 56 209 614 875 38 341 304 37 341 451 885 612 698 317 123 939 754 148 82 480 499 353 810 748 541 222 911 644 640 355 20 697 564 986 924 954 327 581 344 669 32 581 633 83 898 756 22 5 257 104 485 756 810 647 504 351 222 767 995 862 122 368 911 38 354 188 345 682 769 689 703 153 270 688 236 521 797 611 526 54 67 363 810 877 11 666 581 585 433 928 447 555 296 711 945 3 899 290 37 668 979 92 173 602 780 762 123 577 373 1 983 440 364 793 670 727 459 251 312 244 179 112 151 828 823 97 183 722 387 220 742 719 312 915 673 444 29 796 374 402 149 357 195 513 151 865 241 962 116 553 559 
sum 102 272
raise 21 244 11
sum 128 291
sum 67 265
raise 80 313 602
sum 144 306
raise 163 305 102
sum 101 242
sum 125 149
raise 68 88 158
raise 24 319 370
sum 185 301
sum 242 251
raise 6 246 555
sum 149 231
raise 86 129 606
sum 3 166
sum 167 306
raise 70 250 796
sum 93 168
sum 50 145
sum 78 78
raise 93 323 62
sum 201 316
raise 136 172 553
sum 44 181
raise 169 211 217
sum 136 145
raise 115 253 967
sum 222 303
sum 56 299
raise 148 297 942
raise 43 190 925
sum 131 178
sum 35 190
sum 76 219
sum 228 264
raise 18 142 167
sum 154 185
sum 225 231
raise 65 116 491
raise 246 285 515
sum 63 321
raise 97 269 508
raise 8 130 679
raise 28 33 206
raise 219 322 72
sum 114 173
sum 205 288
raise 114 300 472
raise 8 323 314
raise 196 232 693
raise 181 219 660
raise 102 127 938
raise 184 262 965
sum 2 33
raise 253 306 290
sum 66 228
raise 80 179 582
raise 141 193 307
sum 117 268
raise 203 268 332
sum 3 251
raise 154 264 29
raise 203 292 771
sum 244 303
sum 1 293
sum 80 290
raise 174 237 687
sum 7 307
raise 185 290 360
sum 53 292
raise 222 248 716
raise 116 321 747
sum 152 256
sum 121 256
sum 12 102
raise 248 292 522
raise 9 274 406
sum 120 298
sum 188 282
raise 85 205 636
sum 113 201
sum 44 139
sum 111 300
raise 311 311 662
sum 250 305
sum 107 270
sum 95 100
raise 116 219 66
sum 70 186
sum 169 286
sum 90 118
sum 133 218
sum 108 130
raise 110 159 595
sum 140 145
sum 63 101
sum 196 279
sum 3 144
sum 204 213
sum 58 181
sum 191 270
sum 79 100
sum 202 229
sum 63 312
sum 38 218
sum 195 319
raise 143 206 317
sum 69 224
sum 103 282
sum 31 284
sum 221 245
sum 12 323
raise 217 256 940
sum 240 318
sum 132 228
sum 70 238
raise 119 319 894
raise 64 162 837
sum 95 193
sum 16 79
raise 30 66 206
sum 245 246
raise 141 254 450
raise 103 157 606
raise 173 193 883
raise 138 221 75
sum 33 282
raise 24 143 490
raise 2 19 851
sum 141 184
sum 225 282
sum 47 196
sum 294 299
raise 162 163 569
sum 247 315
raise 295 322 920
sum 113 264
sum 281 287
sum 182 288
sum 214 322
raise 102 295 193
sum 131 160
raise 261 322 930
raise 35 171 849
raise 162 184 659
raise 171 291 805
raise 94 128 595
raise 139 152 610
raise 98 110 470
raise 147 244 372
sum 16 161
sum 195 202
raise 61 187 526
sum 115 168
raise 10 112 412
sum 174 253
sum 68 169
raise 177 282 830
raise 201 238 688
sum 90 201
sum 78 300
raise 154 162 204
raise 284 314 222
sum 117 295
sum 46 144
sum 4 113
raise 286 305 634
sum 160 162
sum 249 250
raise 154 225 990
sum 78 297
raise 25 257 584
raise 25 242 818
raise 57 86 638
raise 61 243 10
sum 164 183
raise 50 323 708
raise 116 309 584
raise 98 257 25
raise 196 298 273
sum 129 288
sum 49 166
sum 262 270
raise 131 204 819
raise 6 231 535
raise 46 321 695
raise 137 176 884
sum 77 160
raise 100 288 633
raise 79 152 748
sum 38 235
raise 1 114 924
raise 173 249 622
raise 308 319 36
sum 30 93
sum 189 216
raise 41 297 964
raise 172 310 57
raise 69 138 944
raise 166 190 225
sum 42 206
sum 127 287
raise 110 204 31
raise 254 312 963
sum 30 76
raise 94 231 249
raise 156 312 349
raise 174 178 663
raise 43 182 748
raise 67 222 764
sum 192 297
sum 23 284
raise 74 178 609
sum 45 245
raise 202 220 392
sum 158 311
sum 160 255
sum 128 218
sum 9 41
raise 86 296 470
sum 30 149
sum 103 271
sum 82 267
raise 13 19 308
raise 65 271 572
sum 74 157
raise 276 307 634
raise 235 316 785
sum 141 222
sum 62 187
sum 8 305
sum 106 248
sum 124 276
sum 35 222
raise 18 272 293
raise 61 84 341
sum 11 86
sum 87 235
raise 67 237 225
raise 96 186 624
sum 189 307
sum 122 140
sum 54 156
raise 87 119 496
sum 156 186
sum 170 241
sum 65 167
raise 181 234 342
sum 3 178
sum 119 182
raise 36 307 659
raise 102 201 781
raise 310 320 891
sum 32 187
sum 32 288
sum 96 131
raise 56 292 458
raise 120 233 144
raise 177 302 621
sum 180 222
sum 63 99
raise 64 110 868
raise 141 250 718
sum 105 232
sum 118 251
raise 252 306 302
sum 13 47
sum 40 189
raise 69 103 43
sum 201 233
raise 296 310 581
raise 51 222 947
sum 171 183
sum 97 316
raise 78 243 527
raise 57 306 813
sum 230 261
sum 39 75
sum 255 323
sum 256 295
sum 208 208
sum 78 175
sum 32 49
raise 23 41 791
raise 82 144 930
sum 9 91
sum 12 129
raise 87 140 917
sum 23 290
raise 10 247 356
raise 47 113 286
raise 95 192 253
raise 29 208 597
sum 76 196
sum 182 204
sum 18 24
sum 125 179
raise 145 148 990
raise 86 225 262
sum 105 288
raise 74 313 430
sum 33 168
raise 39 237 640
raise 75 258 669
raise 93 274 753
raise 118 296 841
raise 141 157 302
sum 47 253
sum 18 113
sum 73 223
raise 41 256 690
sum 107 243
sum 296 317
raise 101 245 246
sum 29 54
raise 119 186 576
raise 15 300 969
sum 61 104
