370 666
969 373 933 467 20 673 244 576 201 402 981 451 575 179 361 532 552 152 136 319 335 147 754 539 744 865 906 768 422 627 433 743 352 718 562 373 743 806 301 945 209 282 396 136 461 109 668 365 261 156 684 949 303 439 840 400 656 98 168 430 725 953 173 78 24 735 451 767 894 104 64 103 386 812 239 199 273 259 564 535 768 249 836 423 40 676 823 48 774 991 478 499 297 651 577 321 738 380 440 632 484 505 87 222 317 678 421 591 290 338 478 58 587 666 481 979 694 305 27 468 648 505 319 945 508 249 266 598 981 59 231 818 564 670 40 233 349 814 176 639 152 654 697 91 672 530 70 366 835 449 186 836 306 506 781 814 107 400 764 440 459 347 258 375 18 651 608 367 465 137 358 617 791 55 60 464 585 130 182 773 931 369 609 237 875 742 403 334 494 167 774 305 515 385 32 533 36 993 252 501 130 610 470 273 17 530 737 954 12 272 727 943 641 688 532 868 783 935 202 629 102 328 287 617 713 319 502 749 312 754 602 442 716 424 716 85 306 805 40 318 77 119 613 718 160 145 586 943 80 140 924 535 469 211 504 534 883 7 284 195 113 238 990 182 663 58 267 321 215 307 992 645 427 605 715 587 103 302 882 535 794 158 70 615 370 575 150 605 934 434 800 47 24 142 581 39 552 849 361 768 156 353 413 935 310 128 874 413 782 108 301 929 267 371 544 989 298 694 594 584 480 746 984 505 889 565 896 793 414 257 561 923 962 326 858 273 455 85 38 589 193 339 518 460 63 63 801 713 757 395 298 238 142 282 95 383 847 991 176 614 601 90 537 563 416 747 188 871 832 227 
sum 44 207
raise 19 202 747
sum 18 91
sum 218 268
raise 2 200 265
raise 43 271 145
raise 182 234 50
raise 32 180 524
sum 135 164
raise 52 326 183
sum 97 269
raise 338 361 517
raise 257 312 258
raise 206 241 149
raise 68 87 261
raise 22 187 914
sum 45 197
raise 111 301 210
raise 18 53 707
raise 198 356 574
raise 136 369 275
sum 164 257
raise 250 287 599
raise 252 332 735
raise 246 257 419
raise 38 94 239
sum 84 198
raise 121 144 301
raise 2 74 877
raise 190 246 224
sum 92 106
raise 234 343 875
raise 258 369 631
raise 81 367 33
raise 23 230 196
sum 166 266
raise 21 48 801
raise 18 62 99
raise 67 276 246
sum 27 191
sum 284 308
raise 16 299 502
sum 211 334
raise 161 285 252
sum 108 320
raise 128 136 947
raise 11 249 365
raise 109 286 819
raise 69 135 330
sum 76 343
sum 137 296
sum 109 259
raise 101 348 10
raise 17 350 765
sum 228 266
sum 3 238
sum 164 206
sum 350 364
sum 132 141
sum 216 298
sum 35 357
raise 11 143 833
raise 99 167 723
raise 168 318 396
raise 329 362 450
raise 216 333 11
sum 82 365
sum 126 325
sum 53 123
sum 91 231
sum 102 122
raise 268 273 510
sum 70 109
sum 100 237
sum 37 132
sum 313 369
raise 45 77 840
sum 31 298
sum 153 312
raise 65 98 287
sum 109 363
raise 124 270 399
raise 77 346 887
sum 113 291
sum 163 286
raise 208 362 939
sum 25 74
raise 226 336 50
raise 53 64 564
sum 98 298
sum 138 273
sum 249 266
sum 8 35
raise 217 222 407
sum 7 111
sum 80 170
sum 132 357
raise 141 329 144
sum 53 116
sum 44 227
sum 92 233
sum 116 128
sum 164 187
raise 38 128 681
raise 134 250 834
raise 235 368 782
sum 6 210
sum 199 326
raise 51 223 517
raise 15 283 960
raise 130 214 745
raise 3 315 130
sum 197 288
raise 131 248 673
raise 12 220 12
sum 182 368
sum 197 220
sum 68 368
raise 3 82 263
sum 189 217
sum 185 271
raise 12 110 420
sum 120 259
raise 53 183 700
sum 86 100
raise 296 314 744
raise 45 170 108
raise 57 172 158
raise 40 297 372
sum 60 131
sum 10 49
raise 79 220 923
raise 19 366 787
raise 114 238 717
raise 17 168 343
sum 10 27
raise 27 148 40
sum 49 309
raise 113 179 479
sum 227 249
raise 76 281 5
raise 81 143 24
raise 266 370 376
raise 2 208 427
sum 273 342
sum 152 211
raise 90 191 874
raise 22 272 341
sum 22 238
sum 14 335
raise 159 345 275
raise 26 278 563
sum 331 363
raise 16 285 356
sum 80 278
raise 99 335 102
raise 38 356 729
raise 275 367 818
raise 234 241 579
raise 288 339 249
raise 254 280 256
sum 195 199
sum 107 312
sum 201 257
sum 24 308
sum 9 192
raise 188 335 484
sum 58 304
raise 48 273 125
sum 42 203
sum 225 268
raise 53 123 291
sum 57 346
sum 7 370
raise 60 365 800
sum 43 77
raise 10 152 959
raise 200 369 346
raise 38 92 956
raise 254 357 561
sum 30 261
raise 5 357 116
raise 73 270 948
raise 244 311 304
sum 174 305
sum 55 243
raise 78 302 147
raise 34 337 149
raise 17 366 239
sum 55 265
raise 162 170 621
raise 329 367 272
sum 19 217
sum 97 244
sum 28 350
sum 281 367
raise 16 366 477
raise 84 240 122
raise 120 134 295
sum 107 282
raise 104 240 464
raise 116 174 859
raise 2 265 462
raise 92 192 491
raise 140 355 906
sum 120 343
sum 158 161
raise 142 199 557
raise 225 299 310
raise 30 367 301
sum 95 312
raise 233 276 708
sum 128 254
raise 284 291 990
sum 246 256
sum 96 216
sum 201 289
sum 56 269
sum 85 149
raise 108 196 787
sum 184 309
raise 81 358 651
raise 176 276 941
sum 111 316
raise 198 258 520
raise 175 177 145
sum 282 338
raise 48 277 327
raise 288 310 288
raise 20 153 286
sum 95 145
raise 268 346 520
raise 52 209 447
sum 168 176
raise 298 302 167
sum 207 262
raise 98 358 376
sum 92 118
raise 61 322 246
sum 205 367
raise 180 326 633
raise 105 165 112
sum 292 332
raise 136 264 702
sum 27 110
raise 176 324 285
raise 45 73 575
sum 23 106
sum 17 102
sum 58 123
raise 222 227 815
raise 46 189 504
sum 63 181
sum 224 259
sum 116 177
sum 91 273
raise 59 68 201
sum 50 162
sum 219 220
raise 122 354 550
sum 8 38
sum 193 265
sum 107 327
raise 233 263 239
raise 93 316 47
sum 14 52
raise 101 156 392
sum 2 168
raise 38 289 167
sum 8 51
sum 243 273
sum 31 281
raise 143 293 194
sum 60 68
raise 73 166 802
sum 61 228
raise 114 171 855
raise 151 358 739
sum 170 366
sum 94 268
sum 124 178
sum 99 321
raise 218 236 632
sum 13 282
sum 191 285
sum 135 361
sum 68 205
raise 187 192 907
raise 34 357 170
raise 79 314 935
sum 36 316
raise 181 253 104
raise 317 333 243
raise 153 271 624
sum 229 304
sum 19 125
sum 260 364
sum 129 294
raise 54 72 648
sum 69 169
raise 103 249 452
raise 77 101 774
sum 210 229
raise 54 68 558
sum 138 222
sum 28 267
sum 3 78
raise 56 201 945
sum 54 270
sum 148 208
sum 309 350
sum 289 322
sum 64 128
raise 161 247 704
sum 64 350
sum 13 225
raise 90 347 80
sum 107 181
sum 125 286
raise 124 257 932
sum 147 338
raise 147 318 32
sum 75 340
sum 85 88
sum 97 181
sum 186 327
sum 106 159
sum 265 346
raise 19 364 838
raise 43 321 220
raise 51 67 916
sum 274 282
sum 31 52
raise 137 232 129
sum 240 263
raise 28 50 112
sum 26 176
raise 19 65 264
sum 67 105
sum 133 208
raise 8 111 364
raise 193 345 309
sum 13 258
raise 128 328 115
sum 7 69
sum 84 244
raise 155 360 408
raise 56 330 270
sum 84 219
raise 12 60 114
sum 34 137
sum 150 344
raise 153 159 27
sum 100 165
sum 25 301
raise 14 85 274
sum 121 208
sum 56 360
raise 67 288 81
raise 15 323 787
sum 191 358
sum 140 349
raise 129 195 237
raise 111 125 271
raise 124 145 985
raise 81 352 648
raise 204 321 132
raise 56 160 15
sum 326 356
sum 177 177
raise 111 357 746
raise 266 284 593
sum 112 157
sum 38 132
raise 212 323 954
sum 208 285
sum 75 316
raise 30 42 119
sum 258 304
raise 50 291 248
sum 256 312
raise 98 170 36
raise 167 229 813
raise 172 345 559
raise 111 312 706
sum 48 201
sum 58 328
raise 313 332 373
raise 8 65 751
raise 32 339 499
raise 8 197 374
sum 129 130
raise 96 189 46
raise 129 195 984
sum 97 277
raise 39 365 873
sum 53 324
raise 53 123 72
raise 71 202 890
sum 28 63
raise 156 235 724
raise 296 321 66
sum 38 143
sum 123 186
sum 169 225
raise 178 273 700
sum 8 31
raise 101 209 350
sum 128 209
raise 73 283 369
raise 187 369 816
raise 249 276 742
raise 53 279 403
raise 151 175 932
sum 156 235
sum 125 281
sum 4 225
sum 212 345
sum 210 285
sum 78 335
sum 172 354
sum 22 127
raise 124 352 534
raise 171 350 825
sum 35 122
sum 159 258
raise 13 204 709
sum 63 330
raise 281 346 635
sum 148 361
raise 169 169 472
sum 103 292
raise 271 273 268
raise 325 359 517
raise 265 336 828
raise 12 250 61
sum 123 180
raise 39 188 868
sum 262 314
raise 51 145 333
sum 159 273
sum 360 363
sum 225 369
raise 191 263 233
raise 66 202 784
raise 58 297 784
raise 149 263 360
raise 2 258 912
sum 3 294
sum 30 275
sum 176 316
raise 98 171 963
raise 220 284 841
sum 103 149
sum 161 319
raise 263 361 140
sum 151 201
raise 182 255 626
raise 160 175 687
sum 255 350
sum 62 129
raise 42 281 944
sum 13 73
sum 73 225
raise 267 335 556
raise 167 336 361
raise 189 220 931
raise 45 158 326
sum 42 226
raise 103 225 885
sum 52 200
raise 184 324 446
sum 120 302
sum 228 255
sum 272 323
sum 173 194
raise 238 286 193
raise 307 314 310
sum 39 316
raise 146 155 943
raise 43 151 987
sum 214 250
sum 150 159
raise 103 111 926
sum 138 356
sum 276 351
raise 271 339 10
raise 7 42 133
sum 138 187
sum 180 337
raise 76 195 315
raise 162 225 948
sum 285 324
sum 52 310
sum 84 267
raise 52 167 438
sum 110 297
raise 165 322 966
raise 184 224 230
sum 255 299
raise 46 205 474
raise 324 370 71
sum 57 284
sum 126 140
raise 64 191 412
sum 42 276
raise 207 320 322
sum 173 260
sum 144 153
raise 242 357 11
raise 11 241 683
sum 67 294
sum 101 206
raise 78 164 729
sum 206 281
sum 94 230
raise 84 165 557
raise 187 236 533
sum 53 58
raise 64 350 382
raise 89 182 410
sum 14 242
raise 19 35 600
sum 300 300
sum 32 211
raise 75 295 630
raise 255 314 923
sum 220 307
raise 16 52 364
sum 140 156
sum 27 205
raise 62 224 513
raise 52 205 887
sum 135 228
sum 117 262
raise 1 257 269
sum 250 360
sum 41 265
raise 50 326 590
sum 128 129
raise 242 351 354
sum 237 347
sum 112 334
sum 36 55
raise 311 320 540
sum 289 301
sum 6 329
raise 108 337 101
raise 34 276 150
raise 139 275 489
sum 57 352
sum 72 145
raise 160 199 569
raise 71 139 570
sum 41 368
raise 172 369 445
sum 78 264
raise 51 111 186
raise 59 241 348
sum 41 278
raise 173 237 466
raise 314 319 396
raise 7 88 738
sum 133 156
raise 121 366 669
raise 95 127 108
sum 194 232
sum 19 211
sum 262 348
raise 150 153 683
raise 153 168 731
raise 226 263 49
raise 49 368 111
sum 14 295
raise 192 286 595
sum 84 199
raise 12 92 335
sum 212 229
raise 192 356 301
sum 144 262
sum 88 321
raise 188 318 820
raise 214 331 334
raise 181 334 182
sum 47 354
sum 98 111
sum 21 309
raise 212 294 853
sum 119 285
sum 235 259
raise 128 183 960
sum 195 322
raise 29 184 788
raise 47 245 167
sum 9 209
raise 229 369 810
raise 291 344 235
sum 256 258
raise 22 122 336
sum 111 130
sum 81 200
raise 199 316 301
sum 151 297
raise 135 211 655
sum 61 261
raise 33 235 129
sum 108 290
raise 94 129 711
sum 97 310
sum 72 296
sum 18 176
sum 155 208
raise 106 341 869
sum 16 56
raise 182 342 573
raise 15 32 156
raise 160 321 201
sum 260 310
raise 287 332 801
raise 92 340 386
sum 25 242
raise 89 346 427
raise 95 356 221
raise 127 252 47
sum 57 307
raise 270 279 689
sum 171 244
sum 91 201
raise 60 120 783
raise 94 197 762
sum 7 320
raise 101 117 330
raise 50 67 809
raise 55 126 386
sum 319 335
sum 125 136
raise 18 75 768
raise 124 271 516
sum 187 247
sum 25 196
raise 314 365 994
raise 62 341 179
raise 96 312 91
raise 124 312 416
sum 154 265
sum 84 295
raise 48 99 407
raise 242 285 12
sum 77 166
sum 190 262
sum 145 213
raise 138 308 330
sum 79 205
raise 197 358 999
sum 9 282
raise 11 108 957
sum 74 172
raise 65 248 372
raise 119 319 161
sum 50 146
raise 131 283 602
raise 31 335 892
sum 206 326
sum 334 368
raise 123 349 259
sum 150 226
