280 771
234 958 32 958 597 321 476 949 652 446 380 887 841 127 346 675 461 385 912 250 402 694 978 4 341 237 896 265 782 175 387 368 134 771 327 731 92 155 32 96 954 413 984 147 892 682 822 705 419 735 955 821 781 286 177 122 875 73 739 9 601 478 729 735 250 56 818 694 564 850 143 870 615 127 17 859 161 839 916 580 926 872 753 59 510 930 533 385 355 272 746 956 103 475 43 705 884 861 399 448 64 542 670 31 21 687 891 182 878 807 114 805 31 867 216 893 797 750 630 153 374 376 461 477 852 505 182 88 366 934 888 782 828 558 814 202 245 57 736 123 216 851 280 248 718 849 493 868 599 124 373 973 852 834 803 704 691 337 144 58 271 32 192 100 590 6 302 835 415 38 311 632 241 943 232 312 792 725 180 391 849 905 717 54 91 872 110 783 209 255 193 833 287 385 933 878 744 587 65 159 977 376 143 571 672 375 883 464 101 415 208 302 672 925 356 763 149 467 898 358 74 91 191 361 829 476 591 925 415 657 436 745 385 580 316 57 955 199 522 408 966 82 63 638 7 771 401 156 590 652 866 664 95 58 26 276 886 969 201 302 626 990 47 364 570 715 773 877 914 647 638 880 729 701 518 88 824 271 244 415 
raise 24 76 372
raise 58 114 760
raise 42 108 406
raise 61 272 762
sum 136 136
sum 103 122
raise 113 114 544
raise 107 161 958
sum 34 43
raise 25 214 163
raise 22 85 663
raise 219 259 631
sum 7 13
raise 69 148 962
raise 210 266 323
sum 89 139
raise 56 136 779
raise 180 239 25
sum 193 205
sum 126 267
raise 192 256 188
sum 70 132
sum 3 11
raise 92 268 214
sum 77 244
raise 4 251 302
raise 150 238 814
sum 22 58
sum 19 197
raise 147 260 254
sum 145 202
sum 148 212
raise 7 23 988
raise 83 210 47
raise 52 102 642
sum 65 211
sum 105 123
raise 191 275 141
sum 42 95
sum 240 243
sum 46 259
raise 220 265 928
sum 89 220
raise 141 178 837
raise 62 157 468
sum 16 133
raise 78 127 828
raise 119 172 674
sum 3 12
sum 182 261
raise 118 189 809
raise 62 278 538
sum 136 214
raise 12 107 864
raise 230 274 383
raise 27 129 679
sum 167 262
raise 145 189 806
sum 171 279
raise 99 240 302
sum 76 113
raise 161 183 428
sum 55 160
raise 68 262 640
raise 9 197 770
sum 47 151
raise 204 235 186
sum 218 246
raise 193 216 851
sum 25 266
raise 79 177 551
raise 35 103 531
sum 123 262
raise 73 142 428
raise 202 223 178
sum 34 271
raise 56 251 444
raise 165 232 551
sum 139 274
raise 176 249 770
sum 84 192
raise 206 278 238
raise 5 263 367
raise 261 276 547
raise 82 115 896
sum 117 230
sum 100 177
raise 19 187 587
raise 40 129 551
raise 35 191 426
raise 185 256 316
sum 54 115
sum 165 253
sum 38 247
sum 83 268
sum 131 239
raise 37 257 543
raise 168 224 670
sum 6 79
sum 263 271
raise 110 130 465
sum 3 106
sum 69 121
raise 87 203 623
raise 54 204 650
sum 53 127
raise 220 223 370
raise 100 146 443
raise 106 280 410
sum 168 224
sum 98 109
sum 215 218
raise 12 52 785
sum 19 255
sum 145 179
raise 239 271 920
sum 59 136
sum 7 173
raise 136 244 764
raise 243 259 457
raise 68 198 759
raise 129 249 575
raise 42 147 523
raise 244 264 65
raise 52 55 335
sum 96 247
raise 211 254 254
sum 216 244
raise 31 225 246
raise 110 234 125
raise 49 232 794
sum 114 153
sum 107 257
sum 30 89
raise 125 207 736
sum 180 207
raise 116 171 20
sum 73 195
raise 54 149 778
sum 53 69
sum 166 262
raise 30 273 724
raise 174 176 459
raise 102 237 113
raise 86 164 46
raise 15 199 370
raise 87 204 468
raise 18 253 540
raise 126 151 652
sum 129 270
raise 24 163 693
raise 27 277 622
sum 62 236
raise 122 139 808
sum 51 166
raise 152 226 729
sum 185 243
raise 4 182 163
raise 40 133 948
sum 2 110
raise 8 280 989
sum 78 107
raise 29 228 351
raise 67 145 852
raise 48 63 322
sum 250 253
sum 87 164
sum 126 241
sum 107 243
raise 114 114 542
raise 135 220 879
sum 164 194
sum 210 230
sum 113 129
sum 162 180
sum 21 198
sum 185 239
sum 17 179
sum 131 167
raise 72 244 815
raise 198 206 961
raise 111 154 272
raise 174 236 860
sum 73 226
sum 142 246
sum 22 100
raise 39 150 409
sum 36 170
sum 107 259
raise 24 57 217
sum 6 178
raise 5 197 508
raise 105 221 713
sum 42 187
raise 13 80 678
sum 35 59
sum 100 222
sum 73 206
sum 129 230
raise 17 235 567
sum 24 42
sum 18 131
sum 183 210
sum 29 96
raise 82 260 174
raise 12 60 303
raise 94 180 259
sum 9 180
raise 196 244 955
sum 125 267
sum 143 269
raise 43 224 178
raise 124 204 157
raise 105 155 725
raise 222 262 121
raise 36 130 970
sum 82 128
sum 34 37
raise 162 182 816
sum 14 104
sum 24 267
sum 13 62
sum 167 167
raise 51 149 740
raise 93 181 313
raise 41 103 587
raise 78 145 31
raise 181 198 941
raise 148 194 9
sum 221 262
raise 107 173 555
raise 29 160 41
raise 60 251 764
sum 73 80
sum 19 157
raise 139 228 520
raise 16 261 724
sum 2 140
sum 80 255
sum 59 114
sum 239 273
sum 39 204
sum 78 120
sum 146 158
sum 37 186
raise 45 276 732
sum 128 229
raise 103 267 179
sum 196 229
sum 43 214
raise 175 206 801
raise 95 149 115
sum 124 138
sum 30 46
sum 41 226
sum 157 169
sum 27 124
sum 117 259
raise 174 265 16
raise 92 107 861
sum 108 130
sum 99 196
raise 108 199 313
raise 197 237 151
raise 73 234 788
raise 132 202 9
sum 19 92
raise 48 179 515
raise 48 161 82
raise 104 275 425
raise 212 276 924
sum 104 232
raise 135 176 940
sum 244 258
sum 161 226
sum 50 252
sum 118 151
raise 37 183 344
sum 31 205
raise 8 95 562
sum 92 112
sum 112 246
raise 86 177 783
raise 29 124 300
raise 81 96 118
raise 70 218 787
sum 39 83
raise 96 243 891
raise 103 105 766
sum 197 210
sum 2 58
raise 21 216 64
sum 179 247
raise 20 200 709
sum 237 271
raise 74 275 149
sum 41 231
raise 143 207 461
sum 81 136
raise 65 234 797
sum 42 273
sum 8 43
sum 62 79
sum 170 220
raise 164 186 153
sum 30 272
raise 45 223 658
raise 17 69 911
raise 6 12 322
raise 200 205 804
sum 41 242
raise 175 247 944
sum 159 163
sum 153 192
sum 46 54
raise 250 259 746
sum 48 92
raise 205 255 78
raise 176 179 142
raise 36 137 304
sum 2 117
raise 36 276 260
raise 59 180 616
sum 235 236
raise 117 221 640
raise 78 269 964
sum 115 232
raise 86 110 385
raise 51 101 850
sum 54 169
sum 113 258
raise 98 157 272
sum 53 96
raise 145 249 965
raise 198 234 473
raise 57 107 934
sum 126 159
raise 176 176 176
raise 184 229 134
sum 70 222
sum 83 206
sum 178 179
sum 19 77
sum 182 217
sum 239 249
raise 124 262 980
raise 93 110 817
raise 136 180 645
sum 181 221
raise 124 264 590
sum 33 34
sum 52 109
sum 11 268
sum 108 121
raise 242 244 461
raise 94 226 442
raise 16 274 910
raise 166 236 591
sum 21 23
sum 206 207
sum 36 258
raise 117 198 457
raise 116 190 665
raise 118 182 131
raise 124 190 877
raise 109 186 346
sum 225 263
raise 35 120 846
sum 7 93
raise 49 82 672
raise 178 211 739
raise 57 236 37
raise 69 267 463
raise 17 180 281
sum 64 198
sum 183 236
sum 199 229
sum 164 181
sum 203 245
raise 14 133 312
sum 88 114
raise 37 252 588
raise 108 186 865
sum 28 77
sum 32 82
sum 42 102
raise 8 137 895
sum 101 194
raise 46 266 9
raise 6 55 42
sum 115 178
raise 84 222 68
raise 122 256 675
sum 59 159
raise 149 261 197
raise 140 170 373
sum 54 227
raise 76 123 609
sum 17 227
raise 189 213 954
sum 9 89
raise 205 216 695
sum 82 135
sum 3 229
raise 119 143 627
sum 172 251
raise 167 198 455
sum 16 180
raise 89 228 893
raise 177 199 632
raise 85 275 761
sum 24 38
sum 239 266
raise 256 262 188
raise 104 120 221
raise 120 132 151
sum 135 153
sum 108 214
sum 4 99
raise 55 150 110
sum 92 252
sum 77 82
raise 53 63 672
sum 116 167
raise 59 119 567
sum 149 272
raise 140 206 938
raise 81 178 551
raise 148 232 875
raise 271 276 632
raise 37 68 952
sum 44 139
sum 103 267
raise 69 106 410
sum 17 169
sum 66 249
sum 18 266
sum 5 122
raise 36 147 859
raise 90 104 975
sum 136 256
sum 114 154
sum 11 92
sum 168 213
sum 56 259
sum 105 121
raise 54 258 982
raise 107 126 161
sum 89 158
raise 56 275 883
raise 66 177 810
raise 59 199 58
sum 131 194
raise 127 261 158
sum 77 123
raise 148 257 926
sum 128 200
raise 89 216 464
sum 87 272
raise 99 136 786
raise 170 255 452
sum 40 188
raise 166 205 674
sum 144 200
sum 48 151
sum 70 175
raise 6 263 798
raise 244 273 851
sum 231 244
raise 133 205 784
raise 131 245 202
raise 29 56 807
raise 172 248 722
raise 68 226 959
raise 141 203 880
raise 104 225 547
sum 188 252
raise 177 192 87
sum 13 56
sum 14 263
sum 1 109
raise 2 249 386
raise 222 231 264
sum 243 248
raise 67 192 173
sum 56 251
raise 34 104 360
raise 116 279 881
raise 9 262 570
raise 215 274 502
sum 59 185
sum 200 227
sum 134 194
sum 90 257
sum 99 145
raise 120 132 451
sum 107 157
sum 10 259
sum 99 132
raise 214 277 928
raise 118 248 309
sum 67 215
raise 195 271 300
raise 13 148 224
raise 24 139 805
sum 52 210
sum 61 186
sum 31 96
raise 188 245 34
sum 155 175
sum 113 241
raise 27 232 651
raise 79 191 374
raise 51 217 533
sum 102 121
sum 27 162
raise 122 193 949
raise 181 233 496
raise 276 280 824
sum 52 119
sum 111 129
sum 157 189
raise 125 207 529
raise 158 181 862
raise 32 184 298
raise 26 243 596
sum 5 8
raise 3 173 567
sum 60 163
raise 133 164 800
raise 131 222 208
sum 18 271
sum 186 232
raise 89 229 212
sum 99 127
sum 134 256
raise 8 20 54
sum 14 182
raise 18 65 816
raise 9 148 515
sum 263 279
sum 56 86
raise 145 187 276
raise 33 171 318
sum 146 218
sum 19 165
sum 32 218
raise 3 49 338
sum 68 200
raise 71 254 485
sum 35 278
sum 14 221
sum 81 253
raise 114 162 283
raise 14 79 169
sum 125 231
raise 46 233 483
sum 35 113
raise 239 257 723
sum 9 255
sum 101 268
sum 69 74
raise 54 107 969
raise 53 185 633
sum 66 156
raise 108 263 342
sum 187 248
raise 163 206 680
raise 92 137 37
sum 193 223
raise 5 138 964
sum 45 270
sum 211 249
raise 124 149 184
sum 41 131
sum 227 250
sum 175 262
raise 6 270 318
raise 234 266 194
raise 91 224 887
sum 140 229
sum 160 261
raise 104 180 999
raise 33 182 512
raise 131 238 112
raise 36 204 118
sum 201 239
raise 140 185 835
sum 200 272
sum 18 220
raise 248 251 782
raise 1 88 152
raise 75 116 825
sum 106 272
raise 79 195 587
raise 112 189 93
raise 105 233 176
sum 48 71
sum 17 18
raise 90 192 162
sum 111 115
raise 104 189 860
sum 81 178
sum 159 259
sum 68 90
sum 32 195
sum 90 268
sum 3 35
raise 163 204 555
sum 154 216
sum 36 264
sum 81 239
sum 40 258
sum 70 236
sum 137 198
sum 112 169
sum 28 73
sum 214 227
sum 9 261
raise 134 276 896
sum 263 269
sum 64 228
sum 41 139
sum 149 208
raise 65 66 865
raise 48 49 73
raise 203 217 529
sum 72 97
raise 78 92 468
raise 31 66 525
sum 94 200
sum 6 134
sum 26 70
sum 111 243
raise 11 159 316
sum 233 234
raise 41 50 782
sum 139 142
sum 201 205
raise 84 241 603
raise 62 136 806
raise 87 205 770
raise 36 138 26
raise 3 239 68
sum 58 205
raise 71 267 645
sum 90 132
raise 45 222 558
sum 47 169
sum 126 182
raise 249 259 54
sum 106 150
raise 108 260 399
sum 177 185
sum 171 248
raise 99 167 688
sum 163 192
sum 81 189
raise 247 263 584
sum 126 241
raise 103 126 356
sum 82 178
sum 40 82
raise 26 252 654
raise 28 138 977
sum 78 220
sum 128 158
raise 12 247 430
raise 99 252 409
raise 201 220 794
sum 86 117
sum 70 177
raise 41 106 170
sum 134 211
sum 160 225
raise 190 224 870
sum 201 201
sum 45 172
raise 13 244 97
raise 118 240 974
raise 181 190 581
raise 168 184 381
sum 160 266
raise 146 267 455
sum 214 250
sum 134 260
raise 25 164 149
raise 7 112 198
raise 31 125 667
raise 47 110 502
sum 246 252
raise 82 131 69
raise 30 141 750
raise 56 157 399
raise 125 232 660
sum 85 132
raise 210 249 907
raise 18 268 21
raise 119 219 45
sum 222 259
raise 119 210 844
sum 101 238
raise 62 157 418
sum 130 254
raise 42 215 144
sum 13 168
sum 30 135
raise 74 148 585
sum 15 90
raise 96 208 19
sum 28 164
sum 40 241
raise 41 171 319
raise 229 255 70
raise 19 242 111
sum 54 154
sum 99 165
sum 254 265
raise 80 182 451
sum 39 81
sum 194 230
raise 84 271 794
raise 21 245 675
raise 134 184 964
raise 57 152 955
sum 36 240
sum 10 190
sum 63 66
sum 143 256
raise 78 208 971
sum 68 175
raise 184 195 570
raise 48 265 524
sum 194 259
sum 68 166
raise 79 175 449
sum 7 109
sum 124 135
raise 51 212 654
raise 151 269 526
raise 83 183 703
raise 195 219 372
raise 45 194 890
sum 74 150
sum 16 190
raise 90 174 188
sum 80 131
sum 174 216
sum 34 217
raise 19 88 710
sum 109 188
sum 104 241
raise 32 185 13
raise 161 233 118
sum 127 203
sum 2 154
raise 47 265 525
sum 70 80
raise 40 240 29
raise 69 203 141
raise 20 26 243
sum 85 136
raise 190 249 916
sum 43 149
sum 44 219
raise 73 243 674
sum 142 184
raise 72 254 762
raise 81 274 772
raise 25 100 536
sum 32 88
