799 138
108 672 356 253 988 903 843 857 800 907 32 145 657 951 559 947 132 452 263 383 365 150 973 60 863 511 5 92 725 156 229 186 828 586 439 168 841 634 26 642 893 410 787 551 713 698 498 198 151 113 581 868 264 554 281 479 418 286 572 143 442 153 329 622 739 120 143 933 106 169 575 0 931 714 551 644 412 401 842 915 514 775 136 130 682 417 962 100 703 886 595 498 39 277 472 131 397 615 64 504 136 639 856 419 705 759 64 469 512 258 385 378 386 873 509 68 290 823 520 993 709 115 843 748 392 316 879 142 283 943 998 772 934 854 191 639 965 607 109 477 218 846 855 604 719 716 24 361 539 896 354 248 363 550 349 756 866 228 250 501 524 248 273 458 454 817 450 419 424 911 896 642 109 751 598 180 468 974 541 359 870 895 608 234 797 957 342 15 537 592 517 61 192 142 872 998 959 322 417 736 585 665 378 694 768 329 874 588 655 415 948 526 662 908 112 460 865 806 475 754 750 344 816 294 487 40 292 798 362 709 534 947 374 913 993 494 594 867 83 249 634 31 127 296 939 591 108 156 397 584 910 499 280 78 793 767 118 85 566 832 794 100 131 520 365 124 15 311 991 450 913 625 481 40 274 772 984 382 928 381 318 190 233 599 269 26 718 739 112 636 572 258 89 703 131 454 828 498 118 171 948 31 797 781 423 71 553 407 805 833 789 124 375 22 723 996 400 793 736 512 430 308 123 519 363 254 325 191 752 795 715 52 826 512 833 250 935 738 657 740 923 798 864 298 172 939 295 573 733 31 437 515 691 560 386 54 166 711 598 270 507 313 322 685 177 155 287 464 245 297 204 168 95 421 467 620 712 762 545 797 145 334 312 836 895 698 242 413 762 192 684 621 857 6 658 386 514 946 850 759 243 55 928 690 828 395 310 540 509 207 338 654 542 650 842 437 701 436 202 815 629 886 436 838 893 446 225 407 392 427 166 635 482 94 678 662 841 988 203 350 548 541 356 90 543 198 879 244 635 81 59 616 968 847 454 861 294 31 620 38 459 786 26 293 233 704 956 426 44 159 777 592 52 485 682 595 684 561 192 671 995 603 287 963 451 93 176 97 477 796 487 936 934 513 581 167 217 889 946 614 48 723 206 452 208 241 48 244 154 240 915 149 843 554 112 646 0 288 95 477 84 583 765 371 448 346 538 18 236 484 632 636 559 190 89 120 431 489 716 586 81 984 87 276 538 200 275 538 840 722 15 277 657 780 648 106 479 538 124 67 375 108 703 286 650 144 406 82 985 475 20 66 459 107 695 997 659 970 888 852 692 255 129 350 36 129 808 867 19 284 934 394 392 637 681 42 134 439 476 119 914 848 538 373 308 233 723 967 203 611 171 247 866 652 949 254 781 757 473 153 41 407 547 785 397 228 180 531 20 8 2 934 857 540 660 165 125 383 484 680 346 656 928 564 660 229 171 794 987 644 947 380 52 494 166 449 75 346 332 447 706 686 381 563 227 393 80 704 776 565 385 474 573 313 39 233 542 210 379 881 854 326 262 258 173 780 707 600 478 391 47 184 78 428 748 657 822 828 361 950 745 746 425 670 411 816 904 306 26 283 187 232 962 801 491 135 581 550 735 59 942 782 596 372 562 344 29 736 524 390 687 622 489 464 292 900 280 548 558 658 832 746 890 146 899 733 281 833 284 368 244 578 150 840 950 712 536 331 449 413 73 488 35 562 952 327 463 584 876 21 242 60 119 132 206 371 218 839 204 502 207 448 432 709 289 382 421 825 65 222 238 138 62 625 701 14 953 516 598 
sum 86 719
raise 33 289 800
sum 131 318
raise 207 723 385
raise 159 269 564
sum 59 576
sum 97 274
raise 296 376 332
raise 27 117 906
sum 37 730
raise 163 755 319
sum 86 307
sum 130 548
sum 288 654
raise 561 712 816
raise 24 513 49
raise 540 646 508
sum 191 494
sum 530 758
raise 692 713 922
raise 295 636 479
sum 623 680
raise 464 534 367
raise 718 725 470
raise 174 545 848
raise 625 701 594
raise 447 613 140
raise 343 440 831
raise 276 532 640
raise 26 413 989
sum 327 497
sum 245 260
raise 352 433 294
raise 22 224 773
raise 576 791 259
raise 188 260 178
sum 13 271
sum 54 188
raise 79 195 867
sum 23 691
sum 152 599
raise 422 759 30
raise 21 150 797
sum 303 725
sum 562 750
sum 375 413
raise 370 466 530
sum 213 382
sum 105 625
raise 94 152 496
raise 149 353 934
sum 36 169
sum 18 760
sum 546 549
raise 107 761 659
raise 39 331 255
sum 168 420
sum 84 110
sum 203 235
sum 394 738
sum 66 624
raise 124 497 168
sum 374 483
raise 443 480 454
sum 337 417
sum 372 644
sum 519 540
raise 487 785 861
sum 405 603
raise 68 407 484
raise 564 785 14
raise 469 582 489
sum 101 747
sum 284 355
sum 565 765
sum 143 322
raise 307 629 762
raise 110 148 508
sum 215 341
raise 326 616 813
raise 401 632 472
raise 339 402 54
raise 79 685 215
sum 438 722
sum 268 322
sum 227 624
raise 141 212 506
raise 229 481 55
raise 210 593 596
raise 87 259 38
raise 481 517 241
sum 14 699
raise 451 709 671
sum 65 543
raise 167 754 104
sum 40 218
raise 297 683 953
raise 360 546 419
raise 370 502 437
sum 372 713
sum 451 528
raise 207 360 847
sum 526 749
raise 85 703 532
sum 141 761
sum 77 644
raise 43 461 952
raise 31 375 200
raise 127 682 517
sum 283 410
raise 428 617 632
sum 154 340
raise 76 429 656
raise 359 407 171
sum 380 560
sum 253 259
raise 466 569 188
raise 451 661 258
sum 19 781
sum 409 730
sum 271 400
raise 475 537 312
sum 144 565
raise 464 782 898
raise 74 86 286
sum 263 654
raise 124 143 308
sum 706 742
sum 351 637
sum 745 750
raise 263 482 808
sum 585 625
raise 289 568 216
sum 641 752
raise 218 444 726
sum 586 616
sum 464 559
raise 58 747 978
