924 676
877 898 346 271 486 529 826 330 117 412 97 38 298 285 719 608 473 332 362 799 674 457 306 514 964 611 323 43 477 247 70 354 497 417 977 983 946 156 665 415 568 762 453 218 399 524 178 224 857 541 24 883 350 330 750 314 294 73 709 771 672 780 478 521 549 807 505 847 963 522 263 883 285 716 102 36 241 632 261 450 173 637 685 523 967 435 189 613 861 251 737 533 383 215 55 932 22 912 779 986 434 394 869 71 111 323 108 704 956 721 506 481 358 191 357 677 627 898 291 840 149 28 725 884 243 132 168 617 44 300 955 831 694 177 902 805 852 10 861 808 83 367 642 441 911 999 119 890 249 410 730 751 438 455 635 33 588 804 2 984 104 958 815 150 487 718 308 339 80 169 500 164 889 142 957 800 493 76 42 742 838 772 845 628 227 481 661 167 637 664 152 93 974 967 243 461 37 551 800 470 73 300 634 314 794 943 466 639 20 508 734 210 280 579 839 859 412 500 27 49 516 179 494 842 498 90 303 536 993 456 6 66 108 992 732 903 935 198 542 307 706 628 870 338 208 709 198 620 561 225 22 78 756 868 920 254 958 576 142 952 32 500 370 140 492 103 395 780 301 290 439 360 918 309 698 478 18 896 99 580 473 473 10 581 341 282 188 652 210 330 956 242 831 326 735 675 781 130 807 435 772 247 795 43 908 845 521 927 742 972 859 567 445 221 149 139 855 337 791 66 19 747 660 850 425 395 878 559 878 685 994 650 284 141 693 193 986 567 472 728 539 331 296 985 904 797 476 759 134 267 177 153 366 838 356 143 233 586 702 463 271 696 466 556 837 159 101 824 726 573 904 618 256 552 603 160 701 431 271 835 50 449 341 416 639 49 911 224 635 614 688 906 662 154 814 852 665 915 28 744 488 932 362 96 837 317 256 538 748 880 726 798 681 67 566 320 116 477 544 103 443 584 361 106 90 176 958 756 443 986 852 284 918 214 380 107 883 989 646 983 221 724 781 902 143 699 574 259 176 470 714 620 55 75 78 145 603 36 253 47 22 105 683 292 671 63 400 554 404 398 537 625 474 670 527 617 369 453 228 898 924 942 870 331 17 948 476 621 984 82 20 358 187 703 650 859 118 402 413 523 152 303 148 626 973 28 243 695 481 471 593 405 765 815 736 783 763 565 756 99 647 776 809 834 831 811 45 949 566 811 472 718 114 621 697 439 649 292 134 482 116 79 888 881 894 976 16 9 541 124 460 188 900 269 375 83 433 772 33 999 583 505 69 49 478 766 841 479 411 975 962 879 407 850 760 653 826 129 663 368 253 475 908 506 97 635 941 530 408 974 529 343 480 950 745 958 69 586 438 480 913 400 359 672 602 471 326 428 952 989 148 558 816 409 416 913 396 357 443 156 332 324 852 164 275 597 474 344 535 912 824 800 664 535 473 618 358 799 399 311 140 899 221 956 308 637 870 57 994 665 213 678 990 417 842 265 14 317 609 901 581 785 54 598 320 527 216 30 678 615 341 170 515 914 478 175 551 700 232 898 366 798 576 356 215 771 973 582 88 934 835 21 719 889 619 391 768 188 421 798 803 115 320 670 29 799 198 933 851 782 831 217 580 759 925 148 530 898 82 970 832 269 992 903 511 963 294 631 151 68 430 955 183 102 977 564 901 175 497 753 958 680 322 890 440 248 390 970 498 824 293 683 94 285 938 605 248 233 236 400 653 18 707 836 121 36 752 374 212 602 479 522 282 802 412 722 402 155 45 252 979 338 287 73 975 226 30 223 811 267 975 464 637 34 652 758 423 404 133 635 6 612 509 641 766 921 363 520 76 760 773 56 450 60 481 425 286 512 1 449 131 328 913 768 715 565 879 138 970 364 773 328 328 282 969 95 555 685 615 984 797 740 392 248 801 225 673 439 737 674 889 220 355 802 989 70 720 868 208 42 584 333 370 912 967 692 7 874 729 975 858 526 67 602 774 868 828 800 660 917 474 901 138 181 55 127 251 775 347 459 817 931 792 540 195 111 584 555 986 313 530 844 839 597 799 614 818 627 414 830 544 240 83 34 774 138 161 25 266 860 837 435 143 981 
raise 116 364 912
sum 135 460
sum 893 896
sum 503 770
sum 816 834
sum 703 838
sum 193 681
sum 631 856
raise 167 734 353
sum 251 611
raise 150 312 440
raise 97 307 159
sum 257 557
sum 449 651
sum 215 822
sum 199 551
sum 18 626
raise 166 751 991
sum 71 344
sum 431 493
sum 7 312
sum 99 103
raise 191 819 153
sum 175 480
sum 484 533
raise 159 244 196
raise 171 355 484
sum 173 532
sum 39 602
raise 505 878 796
sum 116 607
raise 306 501 233
sum 17 741
sum 300 549
sum 79 707
sum 418 709
raise 508 879 722
raise 369 650 288
sum 100 782
raise 242 853 609
raise 334 742 950
raise 10 350 902
raise 769 783 240
raise 169 487 169
raise 583 676 440
raise 401 676 497
sum 69 759
sum 77 922
raise 354 394 764
sum 288 915
raise 167 424 973
sum 175 365
raise 68 343 33
raise 435 743 92
raise 647 799 123
raise 170 256 454
sum 28 178
raise 593 765 235
raise 437 585 874
raise 609 716 576
sum 594 846
sum 594 664
sum 270 419
raise 6 604 217
raise 505 722 93
raise 682 685 782
sum 178 536
raise 154 762 315
raise 302 405 963
raise 223 488 726
sum 9 312
raise 319 613 136
raise 461 639 647
sum 374 464
raise 417 895 676
sum 465 786
raise 304 913 514
raise 13 192 256
sum 5 855
sum 381 864
raise 299 552 568
raise 4 13 380
raise 20 377 3
raise 44 916 825
raise 168 332 165
raise 157 216 256
raise 251 407 509
raise 346 585 397
raise 181 419 431
sum 184 230
raise 96 249 651
raise 752 857 788
sum 561 653
raise 345 845 989
sum 84 856
raise 287 525 547
sum 192 394
raise 247 574 302
sum 476 770
sum 711 725
raise 88 180 316
raise 412 740 888
raise 756 812 959
raise 6 279 251
raise 225 604 8
sum 41 846
raise 215 832 401
sum 474 603
raise 98 506 401
sum 373 913
raise 185 578 717
raise 419 776 634
raise 158 616 747
sum 34 430
raise 232 811 557
sum 450 905
raise 909 915 924
raise 158 545 679
sum 573 757
raise 340 574 630
sum 35 389
raise 546 577 599
sum 150 610
sum 377 388
raise 357 837 43
raise 87 821 807
sum 631 889
sum 74 463
raise 183 339 540
sum 279 571
raise 192 855 715
sum 76 117
raise 40 912 388
sum 11 877
raise 97 309 219
sum 264 621
sum 230 262
sum 136 412
sum 58 768
sum 709 920
raise 23 887 963
sum 194 207
sum 86 397
sum 772 867
raise 39 504 278
raise 660 832 229
raise 235 529 937
sum 538 893
sum 69 677
raise 31 236 594
raise 328 429 121
sum 750 873
sum 200 721
sum 300 473
raise 495 841 319
raise 44 905 185
sum 334 582
sum 546 650
raise 217 781 202
sum 97 745
raise 45 641 651
raise 301 565 700
raise 526 574 398
raise 624 799 306
sum 65 914
sum 398 656
sum 20 304
raise 336 533 289
sum 374 629
raise 209 739 846
sum 239 839
sum 24 764
raise 174 509 222
sum 91 571
raise 44 586 346
raise 523 533 583
sum 141 151
sum 305 524
raise 50 798 671
sum 248 544
sum 383 732
sum 316 556
sum 183 830
raise 404 768 634
raise 415 649 198
raise 383 809 651
sum 223 251
sum 272 584
raise 366 831 149
sum 237 638
sum 30 328
sum 395 510
sum 798 813
sum 73 507
sum 285 574
sum 667 765
sum 551 889
sum 210 697
sum 138 577
sum 290 314
raise 187 779 113
raise 248 709 619
sum 2 596
sum 205 690
sum 338 778
raise 155 420 437
sum 384 430
sum 57 215
raise 313 371 283
raise 243 557 857
raise 27 167 869
raise 541 763 807
raise 290 306 495
raise 46 477 944
sum 104 751
sum 737 778
sum 166 375
sum 762 812
raise 80 271 275
sum 573 898
raise 650 736 590
sum 491 846
sum 670 858
sum 97 343
sum 639 906
sum 295 777
raise 460 822 515
raise 34 176 151
raise 587 742 20
raise 361 858 219
sum 387 541
sum 132 474
sum 11 106
sum 452 744
sum 132 747
sum 489 742
raise 161 523 730
raise 125 531 844
raise 134 365 41
sum 119 147
raise 129 250 770
raise 483 720 688
raise 302 391 62
raise 347 837 579
raise 56 507 292
sum 641 770
sum 440 476
sum 208 728
raise 633 786 935
sum 86 859
raise 136 569 122
sum 526 679
sum 561 899
raise 144 425 669
raise 35 140 242
raise 21 152 11
raise 29 749 997
raise 326 526 624
sum 228 646
sum 128 377
sum 38 591
sum 228 870
sum 371 830
sum 505 865
sum 298 656
sum 86 878
sum 765 906
sum 43 627
raise 38 854 256
raise 131 307 453
raise 66 169 630
sum 566 657
raise 59 507 199
raise 340 711 669
raise 576 797 209
sum 321 776
sum 143 813
sum 57 610
sum 277 416
sum 18 445
raise 210 554 977
raise 268 422 615
raise 762 874 314
raise 249 746 743
sum 251 569
sum 600 711
sum 656 857
raise 209 607 117
raise 600 624 125
sum 55 386
sum 85 477
raise 35 774 939
raise 316 792 154
sum 625 897
sum 219 760
raise 27 151 343
sum 633 883
sum 558 793
raise 612 701 89
sum 367 624
raise 9 401 584
sum 716 770
sum 562 742
raise 36 280 442
sum 647 842
sum 541 551
raise 160 419 788
sum 655 890
sum 125 604
sum 38 134
sum 16 581
raise 13 785 850
sum 70 807
sum 12 421
raise 239 339 721
sum 131 883
sum 646 701
raise 58 202 654
sum 746 761
sum 475 761
raise 621 905 144
raise 653 758 534
sum 149 862
raise 23 636 943
sum 594 922
raise 643 830 115
sum 700 713
sum 534 536
raise 87 370 911
sum 197 526
raise 359 849 757
sum 533 893
raise 140 556 26
sum 129 734
raise 175 771 534
raise 82 228 430
raise 298 672 171
sum 745 766
sum 477 872
sum 444 861
sum 470 872
raise 88 101 690
raise 357 578 491
raise 123 884 686
sum 593 811
raise 341 644 426
raise 621 735 798
raise 683 809 470
sum 407 579
raise 215 266 795
sum 124 849
raise 532 655 703
sum 365 538
raise 95 207 331
sum 528 641
raise 799 827 509
raise 247 522 869
raise 636 898 155
sum 206 705
raise 145 329 387
sum 468 572
sum 184 833
sum 463 903
sum 67 620
sum 58 401
raise 33 764 886
sum 28 835
raise 18 297 450
raise 365 607 457
raise 419 869 291
sum 777 816
sum 776 794
raise 25 842 550
raise 246 542 953
sum 207 445
raise 355 501 384
raise 219 537 333
sum 394 620
raise 562 564 469
raise 453 898 718
sum 181 347
raise 34 450 371
sum 341 379
sum 121 285
raise 157 246 609
sum 162 464
raise 91 619 886
raise 149 652 856
raise 122 473 632
sum 189 376
sum 222 335
sum 136 211
raise 256 495 169
sum 276 361
raise 58 275 701
sum 149 513
raise 336 661 432
sum 441 782
raise 629 786 866
sum 330 387
sum 522 541
raise 314 571 434
raise 3 847 773
raise 60 355 344
raise 388 867 259
sum 131 819
raise 675 795 572
raise 627 670 371
sum 19 231
raise 728 792 357
sum 129 640
sum 372 567
raise 73 457 584
raise 249 920 407
sum 70 839
raise 387 589 570
sum 550 677
sum 232 780
raise 99 583 88
raise 63 688 874
raise 820 895 795
sum 66 721
sum 335 774
sum 689 864
sum 787 813
sum 412 683
raise 163 267 209
sum 386 479
sum 242 409
sum 107 338
raise 428 694 155
raise 225 246 327
raise 630 832 942
raise 721 820 683
sum 767 855
sum 110 310
sum 31 788
raise 439 565 396
sum 468 671
sum 175 215
sum 859 920
raise 161 489 254
raise 7 218 808
raise 232 720 280
sum 24 365
sum 347 395
raise 833 912 637
sum 312 658
raise 62 368 614
raise 58 730 638
raise 227 848 457
raise 8 337 964
sum 156 645
sum 64 204
raise 532 551 58
sum 552 840
sum 227 388
raise 288 599 381
sum 338 864
raise 167 721 711
raise 133 321 968
raise 502 513 25
sum 576 719
raise 126 644 579
sum 211 213
raise 600 845 195
raise 25 392 377
sum 119 380
sum 526 896
sum 753 884
raise 330 472 426
sum 70 584
raise 195 303 497
sum 126 407
raise 506 543 41
raise 880 898 574
sum 74 482
sum 506 543
sum 334 502
sum 50 663
raise 169 772 592
raise 7 547 203
sum 489 789
raise 107 371 915
sum 82 804
raise 155 577 711
raise 196 660 225
sum 238 432
sum 714 747
raise 142 451 49
sum 224 597
sum 248 462
raise 815 832 537
sum 247 331
raise 22 823 418
sum 217 298
raise 71 746 572
raise 24 353 731
sum 132 625
sum 384 728
sum 167 725
raise 57 168 214
raise 414 509 937
raise 24 530 670
sum 781 880
sum 189 851
raise 279 672 69
sum 515 832
sum 751 779
sum 579 918
raise 510 747 447
sum 236 904
raise 84 509 501
raise 252 791 349
sum 377 638
sum 124 452
sum 32 144
sum 630 782
raise 311 920 402
sum 384 821
sum 347 619
sum 255 703
sum 11 650
raise 199 437 986
sum 575 622
raise 234 700 909
sum 369 909
sum 440 815
sum 452 653
raise 798 835 2
raise 462 922 250
sum 314 648
raise 512 620 618
raise 365 622 608
raise 601 722 397
sum 242 310
sum 682 739
sum 410 599
raise 342 743 336
raise 201 340 703
raise 51 182 806
raise 63 385 985
sum 187 505
sum 378 762
raise 79 688 760
raise 502 782 856
raise 150 524 380
raise 800 853 877
raise 758 915 380
sum 422 856
sum 187 242
raise 203 373 990
sum 207 222
raise 142 518 831
sum 262 759
raise 358 775 37
sum 435 703
raise 229 729 624
raise 79 660 638
raise 84 321 575
sum 227 579
sum 628 909
sum 253 502
sum 50 336
raise 229 360 234
raise 138 711 866
raise 204 515 334
sum 111 282
raise 138 195 784
sum 570 881
sum 273 865
sum 62 442
raise 313 571 30
sum 7 235
raise 481 604 330
sum 355 531
sum 173 776
sum 310 478
raise 469 506 123
sum 42 576
raise 554 904 42
sum 91 402
raise 15 97 69
sum 64 700
sum 131 281
sum 442 655
sum 456 680
raise 434 924 685
sum 574 695
raise 210 497 804
raise 63 283 540
sum 662 758
raise 382 898 266
sum 254 572
sum 90 909
sum 81 200
raise 80 169 466
raise 190 230 38
sum 439 907
sum 265 502
raise 98 837 843
raise 16 509 853
sum 299 384
raise 9 743 342
raise 89 846 988
sum 31 382
raise 132 611 510
sum 114 347
sum 685 839
sum 472 756
raise 23 341 576
raise 559 639 329
raise 567 755 239
sum 655 677
sum 594 686
sum 280 817
sum 467 865
sum 381 563
raise 173 852 481
sum 170 875
sum 602 808
raise 321 800 136
raise 640 809 172
sum 33 534
sum 772 781
sum 213 713
sum 455 811
sum 60 453
sum 132 282
raise 452 844 371
sum 267 442
sum 129 252
raise 28 891 721
sum 466 520
sum 368 655
sum 616 845
sum 492 502
raise 97 526 885
raise 46 351 519
raise 222 874 508
raise 201 733 424
raise 688 760 792
sum 92 689
raise 656 879 152
sum 286 911
raise 544 828 83
raise 9 308 647
sum 371 635
sum 778 798
raise 122 855 374
sum 503 618
sum 130 383
raise 785 797 176
raise 498 606 497
raise 77 577 896
sum 457 545
sum 255 827
sum 569 700
sum 630 690
sum 183 784
sum 491 702
sum 574 593
sum 180 322
sum 214 431
raise 44 790 86
raise 376 588 279
sum 122 278
raise 144 513 407
raise 6 895 75
sum 775 921
sum 424 590
sum 281 769
raise 58 712 72
sum 755 775
raise 687 878 500
raise 40 97 853
