799 901
282 947 899 714 849 671 312 225 36 331 318 558 786 67 866 717 914 597 872 105 83 482 346 245 981 342 490 692 739 641 592 21 588 843 88 437 514 752 14 902 83 333 460 221 752 326 939 667 275 163 124 359 646 822 956 627 164 798 671 255 439 263 277 27 106 365 817 972 117 183 875 553 868 335 774 621 14 65 640 289 229 764 0 227 586 308 854 102 107 878 358 546 141 987 926 600 352 95 572 821 278 447 726 147 135 501 120 501 918 760 142 147 524 495 374 462 803 581 564 910 459 274 809 952 261 735 552 613 830 125 787 460 924 513 607 411 366 727 912 285 839 55 784 363 550 511 177 705 92 742 968 903 16 777 855 278 864 760 243 46 885 382 506 161 248 466 573 966 193 485 603 33 892 388 748 794 899 278 500 343 20 468 246 388 597 453 18 813 213 614 859 450 348 717 612 948 183 185 915 729 22 518 114 915 906 214 709 157 492 561 852 864 381 450 253 330 904 623 143 469 589 354 920 938 72 884 886 255 421 153 336 443 672 450 710 930 665 772 88 157 333 940 22 67 743 627 397 647 602 893 468 192 247 740 482 319 624 720 927 397 874 263 841 546 66 903 828 731 675 268 240 361 209 262 428 304 241 177 951 196 70 771 388 670 512 222 341 488 942 268 886 168 884 79 66 950 982 895 681 658 163 273 371 724 888 799 28 129 328 331 325 751 103 65 421 967 639 114 455 934 383 693 102 267 772 169 569 755 416 602 765 579 875 136 656 763 287 684 893 967 368 570 718 471 988 491 438 627 606 245 561 341 939 16 960 711 185 529 818 953 131 935 532 6 71 540 122 710 225 367 678 945 937 748 416 277 592 206 257 550 451 818 891 742 834 851 454 371 732 624 676 215 560 209 573 983 101 695 694 678 62 724 623 352 824 39 981 416 597 238 966 401 409 209 143 595 60 949 319 144 926 995 359 486 556 285 821 658 980 515 336 395 591 960 99 416 351 80 184 949 319 151 350 728 360 845 675 773 147 994 269 73 990 629 911 546 266 732 204 598 600 541 993 191 853 92 959 204 525 144 505 196 647 207 276 7 53 951 132 552 946 402 625 936 383 536 834 649 620 39 247 220 932 593 764 137 37 723 341 562 219 847 758 866 54 386 874 459 338 358 11 284 760 988 572 143 876 406 144 497 797 744 717 81 337 481 218 374 557 560 289 776 759 399 643 165 786 869 625 124 227 636 760 340 625 684 835 853 90 980 350 240 76 68 321 413 901 540 139 810 452 428 587 563 180 582 728 966 803 353 442 382 342 554 722 319 238 558 172 680 890 523 920 966 943 242 731 196 134 870 7 938 651 946 501 831 528 229 797 683 935 591 65 277 145 788 948 383 698 120 415 940 995 336 258 290 930 989 487 64 859 846 354 862 792 855 693 672 84 842 707 371 433 772 648 578 912 596 313 610 69 729 902 416 65 160 707 347 149 546 763 361 392 117 223 536 972 917 560 408 111 267 780 545 391 780 123 304 729 789 914 150 518 817 566 935 329 273 634 479 171 397 192 915 514 415 803 838 684 363 598 796 982 378 693 374 511 168 30 240 957 296 390 827 113 956 114 795 582 748 274 105 145 466 21 11 233 824 849 270 540 448 66 522 178 759 248 689 927 278 929 237 575 671 64 40 628 179 835 562 927 461 667 425 279 40 436 513 865 638 783 405 86 201 279 616 312 528 306 591 158 587 828 733 259 893 126 239 424 961 153 703 775 172 128 54 213 565 567 78 555 702 835 993 903 114 609 567 994 267 159 153 207 987 238 466 232 364 57 
sum 24 458
sum 574 597
raise 282 748 110
sum 26 412
raise 603 627 386
sum 252 676
raise 18 692 531
raise 82 88 912
sum 430 655
sum 313 454
raise 66 110 653
sum 631 696
sum 244 721
sum 386 684
raise 474 773 427
raise 46 666 910
sum 128 344
sum 537 774
raise 266 338 502
sum 169 223
raise 515 756 111
raise 515 518 116
raise 21 402 414
sum 686 752
raise 209 569 765
raise 446 553 734
raise 408 609 928
raise 533 798 359
raise 351 374 365
raise 89 331 955
raise 360 570 475
sum 230 246
sum 438 652
sum 191 387
sum 496 555
raise 143 385 197
sum 107 221
raise 480 572 45
raise 195 407 704
sum 467 603
sum 586 712
sum 402 487
sum 626 726
sum 322 449
sum 417 464
sum 178 742
sum 49 229
sum 367 731
raise 611 763 114
raise 432 566 598
raise 182 609 917
sum 63 603
sum 90 345
sum 383 506
raise 286 643 53
raise 154 335 553
sum 85 111
raise 48 77 205
raise 101 346 396
raise 547 681 307
sum 235 322
sum 411 642
sum 552 754
sum 240 476
raise 412 629 45
sum 551 742
raise 437 656 924
sum 202 545
sum 130 567
raise 554 577 842
sum 381 569
sum 173 781
sum 37 412
sum 253 662
raise 85 650 347
sum 27 228
raise 316 471 533
sum 246 327
raise 694 718 433
raise 367 383 536
raise 348 417 357
sum 159 666
raise 199 366 732
sum 261 789
sum 55 618
sum 370 377
raise 453 541 737
sum 101 298
raise 306 680 514
raise 491 547 762
raise 413 515 906
sum 551 622
sum 540 720
sum 538 594
raise 2 752 478
raise 494 761 682
raise 686 699 72
sum 17 280
raise 563 636 630
sum 189 672
sum 494 740
sum 252 318
sum 113 627
raise 114 579 938
sum 250 273
sum 102 150
sum 192 611
raise 88 91 767
sum 238 372
raise 69 244 67
raise 49 732 47
sum 161 653
sum 112 271
raise 355 381 773
sum 483 740
sum 133 294
raise 58 222 770
raise 39 430 710
sum 107 306
raise 354 676 42
sum 352 642
sum 113 301
raise 331 494 605
sum 14 549
sum 145 681
sum 366 576
raise 44 351 308
sum 211 555
raise 679 724 929
sum 175 186
sum 313 499
raise 7 516 186
sum 641 774
sum 498 786
raise 352 762 729
raise 411 541 353
sum 166 179
raise 45 104 26
raise 127 134 134
raise 446 556 974
sum 384 664
sum 63 737
sum 49 528
sum 96 239
raise 507 779 303
sum 575 672
raise 516 555 897
raise 642 712 180
sum 196 794
sum 216 486
raise 279 589 475
sum 13 165
sum 108 403
raise 220 614 468
raise 325 588 965
sum 140 304
raise 146 689 638
raise 86 455 626
raise 480 670 91
raise 425 763 61
sum 392 415
sum 33 612
raise 47 191 785
raise 452 552 250
raise 673 759 566
sum 248 342
raise 380 750 631
sum 483 786
sum 411 634
sum 226 664
raise 675 696 860
sum 67 654
raise 145 456 456
sum 655 663
raise 189 748 767
sum 167 571
sum 64 557
raise 6 562 48
raise 566 669 728
sum 280 739
sum 184 594
raise 477 738 213
raise 593 679 948
raise 123 627 954
sum 658 693
sum 288 527
raise 68 294 829
raise 28 634 844
sum 264 604
raise 213 236 572
sum 310 391
raise 108 450 650
raise 572 573 98
sum 299 431
sum 593 795
sum 1 64
sum 665 697
sum 469 486
sum 458 705
sum 107 716
sum 359 416
sum 67 459
raise 232 477 302
raise 327 500 901
sum 495 757
raise 257 757 797
sum 98 616
sum 202 274
raise 356 380 560
raise 634 785 959
sum 282 691
raise 351 719 336
sum 84 767
sum 42 300
sum 394 636
raise 297 491 180
raise 39 530 2
sum 256 399
raise 90 222 895
sum 184 504
sum 55 740
raise 25 743 20
raise 341 703 945
raise 92 735 735
raise 656 774 833
raise 718 747 293
raise 78 743 650
sum 110 704
sum 165 746
sum 108 183
sum 62 272
sum 253 402
sum 175 183
sum 39 439
sum 271 408
sum 189 395
raise 472 769 531
raise 215 509 682
sum 494 673
sum 552 618
raise 513 727 685
raise 494 688 878
sum 76 133
sum 403 483
sum 79 429
raise 388 398 121
raise 508 602 498
raise 268 381 25
raise 20 60 347
sum 379 619
raise 73 656 934
raise 632 732 47
raise 74 240 436
raise 309 557 633
sum 348 359
sum 160 567
sum 441 777
sum 38 243
sum 254 699
sum 326 555
raise 325 368 581
sum 419 578
sum 109 259
sum 665 736
sum 63 123
raise 60 527 41
raise 6 688 315
sum 165 742
sum 256 490
sum 58 764
raise 143 707 851
raise 427 468 85
raise 130 432 34
sum 554 605
raise 119 646 698
raise 37 372 226
raise 40 195 400
sum 210 572
sum 352 474
raise 155 751 987
sum 213 447
sum 79 442
sum 248 471
raise 427 731 789
sum 29 304
sum 68 456
sum 434 701
sum 111 696
sum 67 300
sum 89 542
raise 535 592 440
sum 176 235
raise 204 482 220
raise 196 776 72
raise 48 575 79
sum 400 748
sum 297 696
raise 197 201 672
sum 327 580
raise 372 562 877
raise 270 737 580
sum 494 539
raise 131 470 993
sum 17 202
sum 601 602
raise 499 735 815
raise 745 773 314
raise 110 513 475
raise 660 731 622
sum 58 588
sum 434 762
raise 198 402 106
raise 237 389 737
sum 395 410
raise 677 765 58
sum 176 620
sum 139 334
sum 194 708
sum 162 765
raise 237 623 382
sum 638 674
sum 95 112
sum 787 790
raise 385 436 700
sum 180 696
raise 73 748 850
sum 211 228
sum 210 316
sum 33 354
raise 31 624 6
raise 156 566 654
raise 556 641 702
sum 115 276
sum 12 293
sum 79 721
raise 306 769 372
raise 447 621 993
sum 317 481
raise 141 153 998
sum 440 718
raise 281 312 118
raise 234 391 115
raise 141 683 39
raise 168 610 289
raise 90 374 711
sum 206 740
raise 347 783 535
sum 124 480
sum 273 365
raise 400 642 552
sum 320 530
sum 161 670
sum 39 770
sum 183 443
sum 80 333
sum 295 376
sum 662 722
raise 241 623 222
sum 96 494
raise 495 731 487
sum 251 311
sum 227 411
raise 87 219 375
sum 36 422
sum 724 797
raise 435 558 186
sum 135 798
raise 230 603 381
sum 180 562
sum 430 624
sum 557 678
raise 98 527 700
sum 498 616
raise 179 541 978
raise 14 631 25
raise 437 629 207
sum 505 569
sum 267 587
sum 217 729
raise 486 733 375
sum 31 219
sum 528 672
raise 251 544 68
sum 264 484
sum 313 505
raise 26 420 489
sum 122 453
raise 51 766 767
raise 45 374 157
sum 75 80
raise 602 751 604
sum 203 562
sum 247 304
sum 9 397
sum 18 671
sum 142 470
sum 198 274
sum 22 309
sum 353 682
raise 427 761 10
sum 642 713
sum 404 753
sum 257 488
sum 86 266
sum 137 740
sum 248 278
sum 314 521
sum 381 622
raise 176 263 19
raise 225 473 883
raise 153 596 935
sum 185 604
raise 244 288 765
sum 108 263
raise 355 378 768
sum 662 713
raise 294 598 73
raise 167 176 194
raise 432 512 167
sum 198 394
raise 220 476 13
sum 334 643
sum 342 588
sum 143 773
sum 473 694
raise 188 271 501
raise 322 446 769
raise 346 671 459
sum 364 543
raise 40 763 434
raise 484 683 352
sum 26 464
raise 541 636 881
raise 170 209 719
raise 629 701 136
sum 356 671
sum 211 640
raise 204 491 541
raise 641 741 66
sum 58 111
sum 400 522
sum 101 583
raise 271 792 693
raise 621 640 225
sum 511 636
raise 351 684 766
raise 376 394 710
sum 174 438
sum 231 548
sum 590 786
sum 529 569
sum 561 799
sum 220 594
raise 584 712 89
sum 75 101
raise 36 493 562
sum 167 537
sum 442 591
sum 29 508
sum 15 124
sum 385 583
sum 183 746
sum 402 785
sum 24 535
raise 635 736 286
sum 329 547
sum 123 333
raise 713 775 59
sum 202 260
sum 68 383
sum 570 767
raise 551 704 254
raise 84 751 159
raise 657 744 650
raise 33 111 9
raise 155 261 141
sum 97 325
raise 526 751 424
sum 353 390
raise 48 742 198
sum 316 693
raise 277 587 607
sum 191 561
sum 431 734
sum 33 423
raise 329 357 754
sum 264 720
raise 351 491 527
raise 212 538 660
raise 63 527 349
sum 177 712
sum 737 741
raise 207 675 623
raise 374 707 71
raise 489 685 522
sum 210 405
sum 598 674
raise 86 766 506
raise 29 725 505
raise 323 475 282
sum 25 359
raise 517 653 547
raise 649 774 999
raise 600 633 646
sum 278 293
raise 331 378 519
sum 311 666
sum 354 469
sum 172 791
sum 196 350
sum 686 705
raise 535 633 553
raise 207 710 90
raise 201 249 231
raise 37 531 762
raise 196 703 787
raise 387 408 681
raise 5 388 491
sum 131 478
raise 51 764 276
sum 599 707
sum 157 765
raise 424 721 711
raise 538 606 674
sum 410 641
sum 250 448
sum 37 254
sum 167 783
raise 112 768 421
raise 56 416 764
sum 381 514
raise 5 273 499
raise 79 753 134
raise 594 751 549
raise 291 399 387
raise 542 756 154
raise 246 706 527
raise 301 704 392
raise 124 429 596
raise 217 539 380
sum 8 609
raise 398 602 181
raise 9 796 741
raise 251 551 30
sum 157 630
sum 132 351
sum 265 497
raise 175 531 77
raise 391 447 867
sum 94 300
sum 180 491
sum 26 325
raise 576 594 629
sum 260 636
raise 346 610 179
sum 75 313
sum 444 487
raise 714 715 402
sum 152 406
sum 97 190
sum 387 421
raise 54 402 748
raise 70 270 213
raise 453 574 601
sum 207 486
sum 130 693
raise 609 681 429
sum 684 760
sum 618 788
raise 240 375 632
sum 135 293
raise 242 362 426
sum 694 694
raise 380 621 178
raise 111 510 598
sum 481 719
sum 203 518
raise 22 344 790
sum 99 144
sum 116 229
raise 357 428 813
raise 251 378 9
raise 135 595 41
sum 245 509
sum 28 165
sum 69 520
raise 64 90 714
raise 26 58 989
raise 173 228 801
sum 74 426
sum 181 289
raise 84 315 946
raise 220 559 386
raise 248 595 809
sum 20 391
raise 468 476 397
sum 340 359
sum 78 405
sum 341 478
sum 521 604
raise 673 688 667
raise 55 271 249
sum 140 345
raise 293 573 635
raise 79 322 32
raise 199 499 965
sum 276 755
raise 352 617 229
raise 313 750 737
raise 320 702 208
raise 17 189 317
sum 309 407
sum 324 681
raise 521 765 607
sum 780 784
raise 405 735 407
raise 467 501 966
raise 261 550 752
raise 138 446 860
sum 111 118
raise 362 770 733
sum 152 377
raise 32 134 384
raise 4 242 986
raise 366 563 996
sum 180 579
sum 174 486
raise 419 457 290
sum 205 367
raise 61 337 589
sum 185 437
raise 408 491 417
raise 146 732 94
raise 708 769 758
raise 386 716 988
raise 393 793 98
raise 5 695 387
raise 70 164 76
raise 439 497 6
raise 188 640 526
sum 236 785
raise 43 531 86
sum 428 624
raise 337 455 842
raise 515 788 788
raise 305 765 616
sum 97 538
sum 167 780
raise 7 277 196
raise 350 524 489
sum 16 270
sum 407 731
raise 386 391 832
raise 379 609 205
raise 215 751 463
raise 149 747 580
sum 422 501
sum 54 168
sum 366 415
sum 219 684
sum 615 626
raise 55 201 524
sum 248 272
sum 200 292
sum 427 527
raise 212 221 115
sum 559 781
raise 412 727 273
sum 273 661
raise 314 629 186
sum 353 705
sum 177 330
raise 306 701 924
raise 508 732 372
raise 566 634 777
sum 176 615
sum 65 152
sum 337 650
sum 165 167
sum 224 517
raise 47 719 539
raise 644 747 117
raise 352 414 87
raise 40 119 565
sum 493 697
sum 49 557
sum 699 732
sum 99 701
sum 160 418
raise 79 302 144
sum 1 249
sum 414 520
sum 9 725
sum 602 692
sum 295 589
sum 476 690
sum 213 622
raise 114 558 699
sum 369 525
raise 45 670 983
sum 38 45
raise 14 297 573
raise 678 745 535
sum 12 462
sum 701 775
sum 188 361
raise 119 139 478
raise 345 516 490
raise 398 757 740
sum 484 794
raise 560 645 264
raise 439 754 23
raise 205 254 447
sum 200 549
raise 445 505 430
sum 378 576
sum 629 721
raise 637 678 150
sum 160 443
raise 362 557 432
raise 154 244 429
sum 448 509
raise 258 647 61
raise 600 798 206
raise 412 555 509
sum 142 615
raise 8 488 771
raise 470 680 332
raise 165 504 168
sum 393 572
sum 78 84
sum 13 208
raise 648 773 516
raise 366 544 361
raise 255 360 722
sum 6 165
raise 15 476 798
sum 179 686
sum 279 588
raise 356 672 231
raise 35 402 330
raise 469 479 438
raise 8 286 96
raise 144 638 451
raise 419 546 777
raise 34 436 261
sum 460 490
raise 170 683 592
sum 285 367
sum 47 498
sum 108 277
raise 366 400 841
sum 295 347
raise 714 730 512
sum 350 767
raise 265 665 574
sum 41 434
raise 325 326 28
sum 65 660
sum 10 137
raise 213 537 505
sum 559 766
raise 327 680 266
raise 69 431 252
sum 569 696
raise 330 609 440
raise 197 771 366
raise 99 463 461
raise 343 583 193
raise 156 554 708
sum 81 577
raise 483 663 56
sum 39 416
raise 144 368 503
sum 462 699
sum 132 655
sum 156 738
raise 281 738 24
sum 148 275
sum 160 228
raise 671 729 245
sum 205 278
sum 87 421
sum 415 580
raise 714 773 33
sum 265 479
raise 255 501 435
sum 285 377
sum 50 375
sum 84 390
raise 414 734 83
raise 40 461 403
raise 454 567 519
sum 540 710
sum 390 642
raise 181 644 650
raise 554 767 43
sum 649 766
sum 50 399
sum 352 621
raise 282 392 14
sum 140 683
raise 90 517 415
sum 237 359
sum 377 718
sum 327 685
raise 194 539 46
raise 200 621 893
raise 21 631 63
raise 223 750 118
raise 91 275 891
raise 122 214 639
raise 219 629 925
sum 546 799
raise 376 577 354
sum 35 156
raise 14 351 135
sum 153 629
sum 167 411
raise 279 283 754
raise 496 731 131
raise 150 708 628
sum 229 545
raise 122 186 63
raise 341 544 186
raise 110 151 11
raise 511 788 809
raise 349 627 969
raise 452 682 878
sum 440 568
sum 151 173
raise 272 483 308
raise 98 266 936
raise 290 659 513
raise 221 314 134
sum 649 652
raise 76 374 509
sum 493 573
sum 179 797
raise 329 531 459
sum 124 288
raise 224 632 575
sum 491 583
sum 4 6
raise 223 494 441
raise 705 769 731
raise 130 380 329
raise 385 765 192
sum 219 364
sum 106 343
sum 13 132
raise 342 553 623
raise 465 556 462
raise 359 396 603
sum 196 561
sum 163 470
raise 55 128 270
raise 273 430 994
sum 167 373
sum 400 505
sum 20 258
raise 322 651 238
sum 33 680
sum 66 684
raise 228 430 175
sum 54 356
sum 18 165
sum 139 455
sum 121 143
raise 542 765 153
raise 605 794 636
sum 382 602
sum 152 486
raise 481 753 71
raise 362 786 414
sum 374 641
sum 30 779
sum 122 787
raise 591 664 116
sum 67 423
raise 449 691 753
sum 148 438
sum 101 119
sum 275 301
raise 14 485 619
raise 309 470 413
sum 389 431
raise 18 133 819
sum 440 441
sum 170 727
sum 37 365
sum 270 321
raise 134 596 392
sum 119 318
raise 652 788 434
raise 269 728 164
sum 659 698
raise 132 299 217
sum 306 636
raise 201 343 885
raise 62 522 606
