138260
120653
54540
116172
72759
790943
5572
45526
835684
579673
205002
567492
334422
680317
44458
39169
605055
306153
456751
20804
1681460
321618
1695526
870281
1729666
149667
694029
758216
1163993
663054
519656
1613083
1771693
1188540
59321
2013385
462829
3115063
708742
3159367
525139
1726279
653606
1349435
1239753
31784
522142
585875
469116
2464364
1926945
1951974
152157
1474700
3620016
3420371
1197036
760347
1695657
1560303
19665
1678743
2003117
78814
4016030
2483903
1099160
306506
4101108
2195795
490706
177820
353631
403827
673073
1753554
2195325
2178646
3485485
3003024
2075181
3436045
4716647
1616084
1043073
1114669
2319142
886921
4150207
17111
764999
5205151
2186580
796698
2145704
2923996
4004206
2784068
4766300
1205713
1167472
4379397
553807
29188
7144106
3094778
1146156
2033554
5719700
696896
3248456
2159121
489748
2421050
4667745
7656424
541432
8040863
2362463
348923
2860026
5775615
246752
40128
7880223
2296129
3373909
6322969
7934425
8704793
2239963
483407
1159799
2536637
3539046
6800781
7934078
9119574
3162233
2278997
4899937
1010902
4996622
2507209
1469600
7633778
8479651
4883693
9405481
8692844
3485741
4704126
6812951
10688189
10119759
1256721
11783838
819232
1069204
892911
11159350
8681921
1148461
12787309
5210307
6661280
2629825
5751119
12607300
877352
10197896
552660
10122675
5681160
10900583
14061971
2637940
1389498
7761688
6327834
1228793
5692217
637741
179782
10101017
8249872
6082674
8921963
7372096
9012679
1854517
1319724
1644540
3826095
7991594
7057805
8311347
5803829
14311469
1281366
10216481
5694905
14371195
8087029
589354
2926395
8449944
11097727
14835153
695790
9274118
2923300
8771987
7778761
14219510
15038183
4906105
5638326
3213190
16559037
5338764
17652442
7227410
6222608
2789141
46669
279801
9813633
95210
4216562
8028711
13475578
11754364
12365745
1367239
9897777
242008
4822823
10409976
9815003
12659481
5712240
402067
3119875
8153767
10079844
3443498
10963937
2074843
20755448
1050727
16591390
5526158
19330876
16726432
7979621
11836154
8734817
18135651
2903152
19751024
16417140
12736956
16996077
1479350
17108486
2566193
11771092
7225741
5369041
945475
1558333
17145404
2257066
7156895
19848745
12671207
16340141
8807115
20062463
17357682
1561442
4754922
19208800
753445
23323948
18784166
16057379
13247575
885108
4528545
2829523
12132915
16422269
2374507
15893135
6577058
16229133
16849023
3946165
15103151
1174835
12780855
23429146
8084459
8203405
19071509
11709310
12419878
8476209
17786549
6145814
26936768
14034292
9759124
340046
10793233
4655642
17733208
183100
27073789
11560954
14939634
24665127
21180221
5964507
4527392
12848660
251945
4148969
10623822
12668572
269369
14491943
677169
2010943
7426165
27428116
9009550
619234
2520736
2920662
26296814
1397408
1326615
9608079
5435700
19621553
16365595
13903784
5916972
14884974
6284046
9742422
12265451
22794223
11106121
7067571
4193686
19244761
7889844
402042
14067412
9439996
3158200
38920
4443414
2053793
13730397
8336818
4822670
2155711
27726662
8435389
26662978
4895097
29494763
4749238
12725619
9522489
7075441
31281429
17403336
19030296
7110303
1766993
8677706
16043209
19358954
9523564
31696618
32517982
4405650
4056839
26922644
34976131
14687350
20623787
8409106
35880872
8390586
13218972
3267038
2512883
12810361
30801115
30874139
1852488
9492314
19228429
34346496
30598262
178176
1048066
13458623
16623830
876271
81915
24522824
14109177
4773441
38663444
23485012
20850986
5084371
38618745
9796623
25338496
17275788
27670822
20556269
6556609
33163467
22748679
14823820
17208811
6412916
4507454
13946710
35181278
10197069
16738230
16138306
10312005
35735419
16486118
20305641
3169675
395301
26942473
8903828
11140055
13230113
8713902
27319770
33953883
10485959
3017388
1916340
3956605
38933941
33034058
30912164
35856277
6677564
20036289
31737626
1540556
38929173
15927252
