80257
80981
96974
177384
160817
27116
184027
16210
174229
305907
262451
235752
266684
2277
250848
402898
33461
200672
813914
280792
698168
750005
149562
197477
34906
1148842
388622
385205
64029
1194842
1195106
1623777
327769
1897384
1649550
1976627
1854368
1082507
1348951
377373
1703140
968409
924968
692620
1854736
371911
1716790
49289
1075504
1214469
256769
931347
234115
59534
249616
870686
866247
123244
1098281
864263
164189
336532
2257914
1611742
1044107
1580531
1890802
2278105
283830
2464753
526028
1106448
1760547
1164645
254527
24782
2642600
581831
638667
1619209
29508
504383
2000585
51746
1278680
996057
402131
1425758
118360
833312
1208419
1372014
1688715
3115870
2615048
1121392
812385
46470
29250
3181274
361380
2844916
1764332
118533
1531412
3704432
740054
649019
3354718
3482593
521402
2162626
5353671
4587960
3218525
2379072
2379495
203390
2291039
4177956
4552525
2052762
2247256
3078204
6052532
3782855
3847963
4306228
894015
3953093
2560989
518038
2409151
901658
1968365
2595084
3430909
1817173
3710422
6145035
1013277
1304851
779872
3919755
4028306
264711
3861810
990208
437319
5871666
827919
581048
1133407
814577
32906
3051614
174699
1195457
2388286
7131854
4078741
801972
40390
1927254
5741394
3836304
6954382
2074542
5545814
5225588
274154
322051
1321154
