74000
89675
21862
63776
288737
481076
232770
394052
49215
333017
725251
106704
537574
967452
1428513
899904
853934
251866
1448680
270351
31324
74410
531333
1955767
1829523
1356762
522693
1016309
166334
283251
993110
736087
211998
1969218
1067400
1641269
1509051
1000173
415345
1768970
1178455
176891
157495
795478
812740
1826327
537160
1591345
1233621
124922
207390
1800163
1208458
1040765
1790230
282462
3145119
337628
1025103
1711420
171500
914217
352269
128467
3721978
305551
708556
969605
3454104
4627234
228593
3428485
85899
3584874
922849
4847408
3148191
4371165
3033821
722148
4906918
5617154
590217
4542528
2488458
4006405
4536834
4162234
3257646
6286333
1134906
3896195
4905949
109188
5167517
3212392
247201
3158900
1994369
5246749
1690441
2765226
5191920
993330
1438093
268704
1408749
713198
3365372
773152
1858617
1824610
1789038
1682099
3483004
982972
2000406
5368627
3168467
55319
360847
2059063
6184341
612401
4010274
619337
872227
7056196
215478
5082632
4879623
5523494
1946186
6617323
7553157
2763432
6121710
4346859
8288748
2167679
2607537
2214870
5410886
3289355
636337
2997921
7386478
1308467
7137292
2220424
778019
753426
1976655
8671464
6418500
2805427
5562908
5927993
8374849
115982
3161740
4195155
2024106
1859513
255425
434649
799761
4833766
1154978
3004094
7965482
1184127
5948362
5133291
3167312
6322559
2555238
9208939
3526223
9745401
4958869
6979685
575386
42402
1960449
3050740
2923380
9085268
1535399
1843141
5968031
10218511
89451
7717980
10781751
934677
3884637
3142059
2637697
319000
4016639
3902695
7401294
8471443
4903554
3282577
10858005
7038135
3469008
2991255
4883825
11567190
8718041
8969269
3021234
2026443
5613809
42107
4918120
12448210
11381119
6480972
2425694
7504935
2899052
3396144
2917761
1666768
7972790
9180514
7600747
9685560
1432894
1980194
1315716
13417060
1936856
600797
10256333
2526829
3010875
7310655
1435644
13047527
10044204
10178167
2030761
12142678
893780
12336625
4992864
615257
12340717
6369887
4000718
8097257
230803
11593096
38247
9525992
4364035
1107079
9382549
6042172
8985086
4165300
12643242
129293
4731095
12394945
638089
538609
16093982
15628938
4202434
16430570
11472738
13756538
1637974
2461302
10609474
3517260
15341593
7543177
1127278
7769230
13866711
16820444
781362
16082608
10836739
1499869
7140966
10902937
181284
1276996
7957069
9403310
12829819
12013910
13550589
14235566
8595728
3903131
1187742
2690017
13154168
15939053
5231091
7796569
17937278
645592
864925
4258254
10366712
8006332
14408524
6088980
5020605
5240648
8993288
16534545
6756679
5926026
7493412
822299
6006444
