964
36969
9087
4631
182820
19127
301490
290706
4811
523137
82574
666759
191943
211869
642822
97882
261082
12779
889826
537787
539072
14344
315393
426076
461321
491206
339122
876874
971002
188134
1841037
1062035
1942954
1030284
1166655
1129346
883725
837478
827711
2335639
1992099
1120745
580522
34753
1003618
796764
1130118
686676
205178
40141
2935929
498610
1228408
2093674
2291974
348438
731841
2338901
777218
438744
2264894
237041
1331143
2332864
3599994
2553513
974780
1694959
760111
49557
2051931
2483348
3027636
723221
371928
467997
458304
4008467
1022821
3613005
954303
3925261
2338949
1534217
3364591
3507137
3795825
3855718
424170
3281148
3704327
2566659
245429
2671744
678525
1501771
4173500
3315217
2765151
1488805
57367
1972309
5932230
766747
27968
668469
245553
3870549
3487707
5152904
1797480
421546
5138137
1466053
428738
4660885
3122909
881754
5457564
559000
284682
5826096
414760
2809839
4098746
856778
3378987
1759293
4379449
245602
2074944
6533463
1333427
5809053
801967
4424343
1282932
435074
818935
1986232
531602
6870631
2337482
7686881
464933
616391
1786373
7887667
7436140
202010
1615178
235912
1546920
3255996
47678
4861306
5027735
5503072
1691122
1601284
6683857
5593530
88814
1533012
1394838
251378
1618307
32573
2387839
9228237
659535
41383
79900
9089754
982285
2443954
6738477
2198027
1222227
939358
1514333
1366383
1576500
1742913
2525366
5037565
3504701
5207254
8622575
9468353
2439149
2905618
9652092
3326776
7416555
280947
634012
1117547
5890950
2996570
8063807
288209
3018156
5107412
4817254
7917404
7131536
9453348
11069154
4404159
5811194
2483035
2716498
2469001
10161332
991518
4233170
3913111
2773373
4495348
9526459
8419769
3536905
5871180
6500103
504032
3094793
1058710
12596485
4046780
201391
11406514
8206717
1515306
4226797
10085156
3205076
3529180
12992447
2297825
9692464
10168905
8295853
3045934
1466601
8191314
1376594
7895429
4040835
1355956
2385748
17155
7093100
14094390
2818342
2079395
7669458
9945379
231805
1720848
5166098
8723792
12083796
9532461
14080949
12684454
11449520
7538241
4468245
14287388
10553561
346247
6592437
3467355
1939562
14088360
1897307
5846703
1019865
4834688
6504588
6090795
2177103
3201562
13412179
10784196
1266730
36894
390321
7990430
6264727
1511856
11722840
12118833
589686
4825251
14992842
11866805
14713982
12443214
5131537
4889046
2069809
804098
15487897
135213
12496780
6796567
4820245
1801357
8825995
7149641
1953807
9890668
93762
346907
349292
11747536
3587524
9513472
5084857
3940350
786699
5187891
2604585
9373607
8953001
8383521
2389080
11907340
2836393
2683008
9307196
6709771
5209816
76795
10223412
6992170
2003612
9329451
284690
4274516
1804233
11705843
9734016
11243808
7727802
3944930
10601821
16037730
8620746
6370127
341479
2596275
2641168
16665458
13806904
264746
8804393
10151863
4037781
9307564
5978331
1248685
7497125
14270131
5022843
3782320
16008531
8216039
12516511
7709828
10849011
856265
5181286
9425344
15918530
4495149
3712023
