309817
224860
643468
324582
903059
457385
680281
461262
525949
434977
133361
754560
70967
1036100
517367
2765325
1939843
1608371
544964
210442
820825
2323106
718708
3288443
9297
1668056
170129
232676
1426103
3158436
624312
541093
1300509
87153
1007378
3884077
507063
863399
1311651
920319
1857734
402202
3096854
5176737
4063196
1326954
3187801
854359
1599861
5815568
5730568
1674319
2141152
2328332
82095
7795381
3364737
1758064
5389919
5077109
162211
3796651
22262
474671
720145
369767
1358095
