373643
1638
143766
9155
68069
406440
117097
416744
388921
175714
687448
520774
803473
691608
114253
634116
4257
863062
101325
1079428
1375036
1425631
1901179
677856
1773987
770954
2206566
3364584
3688221
2875766
1242123
341134
1284652
503935
957745
2345988
1461349
669848
2468731
5744178
3619539
422014
955318
7388690
2303611
3163273
139164
8118402
1746421
5740849
4209841
5304605
2356531
3865007
7184888
210064
2570297
5334966
5305642
186852
11839498
6716206
551672
4494500
10867072
1756161
224179
4812350
913626
4851231
10632868
1235386
10122463
3745159
5406597
1935597
11902269
14207360
5629748
3676003
5763855
12172035
13664757
9978786
109648
5521311
7445590
7902911
6203406
13758277
628771
8142539
10115339
4612322
3165964
203485
9168317
7659850
1801447
5613640
11841422
10450627
593632
12040728
12132103
10631157
1303020
1965495
15612470
684574
5199571
722506
5333848
7476864
2966143
5164798
3852192
12406430
4665857
8670548
722423
7533675
15546746
6361660
390607
2835481
1224442
14914809
18958864
4151585
6333300
13239932
6849532
15019299
17314614
12587057
8232532
11490020
20110068
1404965
15929677
2485776
13968841
19396675
15920117
4726529
10701289
11470230
3109585
3982636
8743503
11840493
5212068
18152836
4934442
6317952
9381278
1257552
5216423
4255195
395026
4319480
16548950
1451665
17234748
23106321
11634164
22827275
1659772
342101
9121584
22459656
6481618
414420
111221
13101171
8812993
21871764
511277
11222308
12546955
11522921
6224370
7342423
25363915
7661996
4238630
20269459
4498012
23995761
12714479
20944610
11961610
27926463
741362
380228
10854330
10208315
7072251
1947715
6028877
13617965
8787164
5324854
2708846
4221450
17383917
13867700
3038287
968353
29767473
6117031
24188555
10230850
32163462
5363509
25650658
29954396
20716195
4566974
568561
13233705
5265496
8965516
10171549
1852245
8626965
32829802
9753824
1760087
354147
13555888
2800302
18031388
25661317
4995641
10684382
8937505
23293376
6269208
149445
13600654
12897935
2642367
26718225
15091358
21105457
2146933
10131695
30765253
13607359
35737248
11925765
1308219
22119362
13192929
5102620
4810383
28402053
18550737
31396494
1783078
33968566
13371972
919154
10544852
31911284
15446645
19594913
3415526
6349241
21996784
16631523
26422132
33575976
2326126
24350503
18445590
11557957
20652685
4474198
2568030
11920257
21130588
21652053
21368770
3380050
980387
30416023
15863635
24654180
9037882
17929486
15904010
10242079
12138986
33185170
23723582
9359690
12791309
37962061
12408674
33339745
19939600
39448928
9407378
13568879
13844952
6620702
4485380
23185035
44766828
5776601
21866193
17668550
6637089
21251490
16014692
5843219
17078703
1259170
5294678
34088002
20390460
13721501
43335674
9914415
33339041
348964
35632923
20489675
26573514
10267764
13881988
8051918
4286478
20681709
10283428
852999
42545985
36733598
19642084
694141
8027051
19289883
7078061
38706136
8038025
3614733
42866828
14067846
1293049
11348871
18002150
11135449
2886626
12954136
34907089
850986
