222427
14060
212083
274930
271111
166281
75008
544036
356939
431346
458182
106927
79356
68883
993653
810543
333630
411286
697670
358067
399851
225776
582863
217757
2409251
654916
1464946
2945347
1297437
746785
105584
637059
1391908
699772
1506913
692817
2361090
2871040
1362874
3418008
2011513
2716881
876013
633634
3577201
3215202
3893109
61577
1264310
547676
999564
498874
1455365
4356829
1866177
602291
4475090
228918
265355
4317475
1329750
4839038
1225946
2092104
1336965
1833199
3104975
1739385
5060304
5464119
2487307
3960319
101771
2140393
507523
2036858
117116
3332312
6817946
5156478
1275254
828171
6060512
3233733
883515
3131803
1712877
337653
7406836
1291962
3280045
3628231
6478005
7947331
72007
6584124
7240516
6833733
6765491
348310
4412878
6505813
1486739
2480378
1716867
216135
308659
377301
4143622
10201804
1100560
6392129
3686136
9769336
1283718
7964018
11593932
3571262
5109098
2901322
6546026
11820224
12226022
11852447
1163230
3316443
3284826
149581
7218877
3072826
4333915
3893407
1435963
721747
2081451
6867664
6160684
311208
10089489
7047635
3147984
10892570
6331559
4527620
2810998
1033788
744646
13393088
6048443
15056858
1351783
10047335
3560699
6370076
8737300
6271409
5119946
9312778
7483698
15426915
4793069
11913499
1408369
9177878
11418938
7947231
1620728
2752081
55602
14721983
8881760
506888
13783847
5118932
15337452
16769109
852555
272907
3873
15633036
497497
3045426
7325267
4097995
5554347
18809819
5914183
8911153
17072995
11417223
3133078
8014631
17212116
20733445
8606583
6666972
2860357
1324673
12557731
1898475
6215600
10356107
575337
19768345
13721867
7570929
3789754
4622204
2753984
12617088
17895522
3673992
4947000
8460937
7723051
11277520
79086
14149775
1997007
10517804
21131353
11851980
2525954
7008474
12762117
1824629
12068553
9133692
4971378
21080013
1047986
8622183
9916631
16869393
4625425
1274825
7522395
12882866
10732334
21964612
8234693
8103109
14214714
13242074
17887679
827462
5660437
19004802
5306299
10751164
14143905
4802986
1926809
6058125
16528884
446823
15921983
7073901
16973380
1383061
9398856
22292661
13670713
18305876
10407665
7385182
2147569
10718129
5613751
7625734
1838028
16522807
16630648
12276734
13090533
19486517
22839310
85932
8693648
2789361
10683734
697664
17287329
6061233
25279533
6576623
583060
15947159
4049129
26746866
12054655
10059218
6275410
26762595
7401653
26191645
24764811
9914659
12999321
8233580
16482689
10478731
20744105
9285459
2582141
12565006
3050943
2036305
15304794
28563796
2007467
4917067
6947428
34014
11594983
17724475
1414216
4520511
15375962
3383605
22442368
16777338
5304758
15761785
1239239
15864715
8544523
4747731
10300095
25247685
6325274
20899564
19063
246870
12511767
24784154
19052142
9543940
15354212
30272903
12804889
26376076
34330343
9536201
19097691
5820427
3745639
3686294
29908100
649620
1473488
5315695
7302448
9399008
25820722
22701800
8833289
29213014
2880812
21749230
133151
20209998
12521260
30090215
1232651
36773661
16231980
8707373
7960310
39333982
4719979
21210428
13474229
27997677
11833114
111311
24344069
1966161
10995189
15815007
24905220
15184855
4411789
18789417
4834695
32363063
14032037
205896
6889919
4641922
35145333
23601055
2542484
6102491
28657309
9409521
3809481
27391090
23583649
39585882
3501911
10381196
7521318
35127770
22787266
16528283
38148692
40699050
7888900
4092572
4952143
22123849
13751977
17549080
7337366
19212024
19609083
10467072
20016865
4685755
21588181
22283538
39908927
9253283
25106877
27937688
11997456
4381455
37584508
18786028
27024958
11641565
1278558
231725
7129674
43636591
10817226
8156843
9743
11792865
16250273
3486486
32046117
25642793
16161346
10204796
11616313
47232298
46755243
19269280
5230714
25705269
1109606
20288430
28034762
23884738
50897018
48119112
25510015
23623994
814644
2145250
4244442
196038
44802878
20787023
4213822
13828248
2217430
30206103
